1 0.699872 0.20808 0.0094125 5.525e-05 0 0 0 0 0 0 0 0 0 0 0 0 0 0 0 
1 0.700006 0.207799 0.0094005 5e-05 0 0 0 0 0 0 0 0 0 0 0 0 0 0 0 
1 0.700738 0.20809 0.00957225 5.675e-05 0 0 0 0 0 0 0 0 0 0 0 0 0 0 0 
1 0.699766 0.207225 0.0091975 4.875e-05 0 0 0 0 0 0 0 0 0 0 0 0 0 0 0 
1 0.70063 0.207683 0.009429 4.525e-05 0 0 0 0 0 0 0 0 0 0 0 0 0 0 0 
1 0.700082 0.207799 0.00949075 4.8e-05 0 0 0 0 0 0 0 0 0 0 0 0 0 0 0 
1 0.700595 0.208096 0.00944925 4.8e-05 0 0 0 0 0 0 0 0 0 0 0 0 0 0 0 
1 0.700756 0.20807 0.0094585 5.025e-05 0 0 0 0 0 0 0 0 0 0 0 0 0 0 0 
1 0.700257 0.207921 0.00938925 4.7e-05 0 0 0 0 0 0 0 0 0 0 0 0 0 0 0 
1 0.699994 0.20737 0.00942325 4.95e-05 0 0 0 0 0 0 0 0 0 0 0 0 0 0 0 
1 0.700521 0.208042 0.0093655 4.9e-05 2.5e-07 0 0 0 0 0 0 0 0 0 0 0 0 0 0 
1 0.70047 0.207774 0.0093705 4.35e-05 0 0 0 0 0 0 0 0 0 0 0 0 0 0 0 
1 0.699755 0.207674 0.00950675 4.4e-05 0 0 0 0 0 0 0 0 0 0 0 0 0 0 0 
1 0.700418 0.207284 0.009298 5.85e-05 0 0 0 0 0 0 0 0 0 0 0 0 0 0 0 
1 0.700697 0.208325 0.00950725 4.15e-05 0 0 0 0 0 0 0 0 0 0 0 0 0 0 0 
1 0.700359 0.207777 0.00941175 5.375e-05 0 0 0 0 0 0 0 0 0 0 0 0 0 0 0 
1 0.70021 0.207716 0.00929275 4.3e-05 2.5e-07 0 0 0 0 0 0 0 0 0 0 0 0 0 0 
1 0.700484 0.207907 0.009391 4.525e-05 0 0 0 0 0 0 0 0 0 0 0 0 0 0 0 
1 0.700123 0.207779 0.009429 4.85e-05 0 0 0 0 0 0 0 0 0 0 0 0 0 0 0 
1 0.699184 0.206846 0.00937425 4.975e-05 2.5e-07 0 0 0 0 0 0 0 0 0 0 0 0 0 0 
1 0.699833 0.207254 0.00933325 4.375e-05 0 0 0 0 0 0 0 0 0 0 0 0 0 0 0 
1 0.699304 0.206985 0.00932 4.975e-05 0 0 0 0 0 0 0 0 0 0 0 0 0 0 0 
1 0.700416 0.207713 0.00930325 4.7e-05 0 0 0 0 0 0 0 0 0 0 0 0 0 0 0 
1 0.70056 0.208204 0.00941175 5e-05 0 0 0 0 0 0 0 0 0 0 0 0 0 0 0 
1 0.700313 0.207838 0.009467 6.125e-05 0 0 0 0 0 0 0 0 0 0 0 0 0 0 0 
1 0.699527 0.207013 0.009359 4.25e-05 0 0 0 0 0 0 0 0 0 0 0 0 0 0 0 
1 0.699223 0.206712 0.009263 4.675e-05 0 0 0 0 0 0 0 0 0 0 0 0 0 0 0 
1 0.699419 0.206691 0.009337 5.55e-05 2.5e-07 0 0 0 0 0 0 0 0 0 0 0 0 0 0 
1 0.699447 0.206691 0.00912075 5.05e-05 0 0 0 0 0 0 0 0 0 0 0 0 0 0 0 
1 0.699966 0.207142 0.00944875 5.25e-05 0 0 0 0 0 0 0 0 0 0 0 0 0 0 0 
1 0.700108 0.207625 0.00942225 5.55e-05 0 0 0 0 0 0 0 0 0 0 0 0 0 0 0 
1 0.699981 0.207727 0.00952725 5.775e-05 0 0 0 0 0 0 0 0 0 0 0 0 0 0 0 
1 0.699876 0.207147 0.00932625 5.425e-05 0 0 0 0 0 0 0 0 0 0 0 0 0 0 0 
1 0.699804 0.206673 0.00922625 4.55e-05 2.5e-07 0 0 0 0 0 0 0 0 0 0 0 0 0 0 
1 0.700094 0.207361 0.00926375 5.65e-05 5e-07 0 0 0 0 0 0 0 0 0 0 0 0 0 0 
1 0.699878 0.207161 0.0093955 5.725e-05 1.75e-06 0 0 0 0 0 0 0 0 0 0 0 0 0 0 
1 0.699604 0.207263 0.0093165 4.975e-05 0 0 0 0 0 0 0 0 0 0 0 0 0 0 0 
1 0.699808 0.207576 0.00928825 4.275e-05 0 0 0 0 0 0 0 0 0 0 0 0 0 0 0 
1 0.700215 0.207724 0.00944625 5.15e-05 0 0 0 0 0 0 0 0 0 0 0 0 0 0 0 
1 0.700125 0.207725 0.00930775 4.175e-05 0 0 0 0 0 0 0 0 0 0 0 0 0 0 0 
1 0.699378 0.206848 0.009202 4.975e-05 0 0 0 0 0 0 0 0 0 0 0 0 0 0 0 
1 0.699568 0.207385 0.009282 4.375e-05 0 0 0 0 0 0 0 0 0 0 0 0 0 0 0 
1 0.700597 0.208027 0.00928975 4.725e-05 0 0 0 0 0 0 0 0 0 0 0 0 0 0 0 
1 0.699385 0.206843 0.00940475 4.925e-05 0 0 0 0 0 0 0 0 0 0 0 0 0 0 0 
1 0.699421 0.207273 0.009311 3.825e-05 0 0 0 0 0 0 0 0 0 0 0 0 0 0 0 
1 0.700727 0.207889 0.0094665 5.05e-05 0 0 0 0 0 0 0 0 0 0 0 0 0 0 0 
1 0.700134 0.207776 0.0095025 5.35e-05 0 0 0 0 0 0 0 0 0 0 0 0 0 0 0 
1 0.699985 0.207011 0.00915625 4.15e-05 0 0 0 0 0 0 0 0 0 0 0 0 0 0 0 
1 0.700018 0.207261 0.0093455 5.675e-05 0 0 0 0 0 0 0 0 0 0 0 0 0 0 0 
1 0.699586 0.206773 0.00921475 4.175e-05 0 0 0 0 0 0 0 0 0 0 0 0 0 0 0 
1 0.700234 0.208085 0.009615 4.9e-05 0 0 0 0 0 0 0 0 0 0 0 0 0 0 0 
1 0.699849 0.207246 0.00930025 4.975e-05 5e-07 0 0 0 0 0 0 0 0 0 0 0 0 0 0 
1 0.700658 0.208253 0.00950425 5.325e-05 0 0 0 0 0 0 0 0 0 0 0 0 0 0 0 
1 0.699054 0.206864 0.009378 5.1e-05 0 0 0 0 0 0 0 0 0 0 0 0 0 0 0 
1 0.699897 0.207788 0.0093715 5.075e-05 0 0 0 0 0 0 0 0 0 0 0 0 0 0 0 
1 0.70012 0.207984 0.00930975 4.35e-05 0 0 0 0 0 0 0 0 0 0 0 0 0 0 0 
1 0.700135 0.207936 0.00948675 4.675e-05 0 0 0 0 0 0 0 0 0 0 0 0 0 0 0 
1 0.699919 0.207474 0.0092725 4.625e-05 0 0 0 0 0 0 0 0 0 0 0 0 0 0 0 
1 0.69948 0.207215 0.00936525 6.1e-05 0 0 0 0 0 0 0 0 0 0 0 0 0 0 0 
1 0.699399 0.207213 0.0092755 4.85e-05 0 0 0 0 0 0 0 0 0 0 0 0 0 0 0 
1 0.700189 0.207702 0.0093995 4.875e-05 0 0 0 0 0 0 0 0 0 0 0 0 0 0 0 
1 0.700114 0.207421 0.0091695 4e-05 0 0 0 0 0 0 0 0 0 0 0 0 0 0 0 
1 0.699556 0.206781 0.009238 5.55e-05 2.5e-07 0 0 0 0 0 0 0 0 0 0 0 0 0 0 
1 0.700829 0.20812 0.00946925 4.3e-05 0 0 0 0 0 0 0 0 0 0 0 0 0 0 0 
1 0.700595 0.208423 0.0094455 4.85e-05 0 0 0 0 0 0 0 0 0 0 0 0 0 0 0 
1 0.700192 0.207296 0.009444 5.05e-05 0 0 0 0 0 0 0 0 0 0 0 0 0 0 0 
1 0.70008 0.207396 0.00941075 5.75e-05 0 0 0 0 0 0 0 0 0 0 0 0 0 0 0 
1 0.700381 0.208073 0.0093045 5.1e-05 0 0 0 0 0 0 0 0 0 0 0 0 0 0 0 
1 0.700103 0.207202 0.00934375 4.75e-05 2.5e-07 0 0 0 0 0 0 0 0 0 0 0 0 0 0 
1 0.699779 0.207324 0.009256 4.8e-05 0 0 0 0 0 0 0 0 0 0 0 0 0 0 0 
1 0.699706 0.207326 0.00925275 5.625e-05 0 0 0 0 0 0 0 0 0 0 0 0 0 0 0 
1 0.700075 0.207201 0.009341 5.85e-05 0 0 0 0 0 0 0 0 0 0 0 0 0 0 0 
1 0.700046 0.207839 0.009335 5.025e-05 5e-07 0 0 0 0 0 0 0 0 0 0 0 0 0 0 
1 0.699238 0.20691 0.009359 5.175e-05 0 0 0 0 0 0 0 0 0 0 0 0 0 0 0 
1 0.700657 0.208179 0.0095695 6.45e-05 5e-07 0 0 0 0 0 0 0 0 0 0 0 0 0 0 
1 0.698866 0.206256 0.00924875 4.45e-05 2.5e-07 0 0 0 0 0 0 0 0 0 0 0 0 0 0 
1 0.700031 0.207386 0.0094075 4.475e-05 2.5e-07 0 0 0 0 0 0 0 0 0 0 0 0 0 0 
1 0.700177 0.2076 0.009431 5.675e-05 0 0 0 0 0 0 0 0 0 0 0 0 0 0 0 
1 0.699832 0.207014 0.00926475 4.925e-05 0 0 0 0 0 0 0 0 0 0 0 0 0 0 0 
1 0.70074 0.208455 0.0093915 4.75e-05 0 0 0 0 0 0 0 0 0 0 0 0 0 0 0 
1 0.700047 0.208231 0.009364 6.075e-05 0 0 0 0 0 0 0 0 0 0 0 0 0 0 0 
1 0.700253 0.207409 0.00947475 5.6e-05 5e-07 0 0 0 0 0 0 0 0 0 0 0 0 0 0 
1 0.699787 0.206913 0.00931325 5.075e-05 0 0 0 0 0 0 0 0 0 0 0 0 0 0 0 
1 0.700708 0.208 0.00941275 5.225e-05 0 0 0 0 0 0 0 0 0 0 0 0 0 0 0 
1 0.699726 0.207531 0.00944075 5.025e-05 0 0 0 0 0 0 0 0 0 0 0 0 0 0 0 
1 0.699661 0.207103 0.009306 5.5e-05 0 0 0 0 0 0 0 0 0 0 0 0 0 0 0 
1 0.699345 0.206355 0.00927775 4.65e-05 0 0 0 0 0 0 0 0 0 0 0 0 0 0 0 
1 0.700372 0.207933 0.009465 5.3e-05 0 0 0 0 0 0 0 0 0 0 0 0 0 0 0 
1 0.700789 0.20847 0.0095105 4.325e-05 0 0 0 0 0 0 0 0 0 0 0 0 0 0 0 
1 0.699728 0.207428 0.009441 5.425e-05 2.5e-07 0 0 0 0 0 0 0 0 0 0 0 0 0 0 
1 0.699967 0.207811 0.00938475 4.45e-05 0 0 0 0 0 0 0 0 0 0 0 0 0 0 0 
1 0.699908 0.207446 0.00929525 4.6e-05 0 0 0 0 0 0 0 0 0 0 0 0 0 0 0 
1 0.700269 0.207778 0.00937725 3.925e-05 0 0 0 0 0 0 0 0 0 0 0 0 0 0 0 
1 0.700381 0.207871 0.00936825 4.7e-05 0 0 0 0 0 0 0 0 0 0 0 0 0 0 0 
1 0.699925 0.207164 0.00926925 4.525e-05 0 0 0 0 0 0 0 0 0 0 0 0 0 0 0 
1 0.700017 0.207312 0.0093415 4.825e-05 2.5e-07 0 0 0 0 0 0 0 0 0 0 0 0 0 0 
1 0.699955 0.207234 0.00932625 4.425e-05 0 0 0 0 0 0 0 0 0 0 0 0 0 0 0 
1 0.699828 0.207161 0.00939575 5.05e-05 0 0 0 0 0 0 0 0 0 0 0 0 0 0 0 
1 0.699482 0.206636 0.0093595 4.9e-05 0 0 0 0 0 0 0 0 0 0 0 0 0 0 0 
1 0.699173 0.207389 0.0094435 4.825e-05 0 0 0 0 0 0 0 0 0 0 0 0 0 0 0 
1 0.700038 0.20754 0.009375 5.55e-05 7.5e-07 0 0 0 0 0 0 0 0 0 0 0 0 0 0 
1 0.699872 0.207139 0.00935175 5.35e-05 2.5e-07 0 0 0 0 0 0 0 0 0 0 0 0 0 0 
1 0.700139 0.207291 0.009276 4.65e-05 0 0 0 0 0 0 0 0 0 0 0 0 0 0 0 
1 0.699752 0.207206 0.00942475 5.65e-05 0 0 0 0 0 0 0 0 0 0 0 0 0 0 0 
1 0.699975 0.207737 0.00942125 5.575e-05 2.5e-07 0 0 0 0 0 0 0 0 0 0 0 0 0 0 
1 0.699648 0.207149 0.0093785 4.95e-05 0 0 0 0 0 0 0 0 0 0 0 0 0 0 0 
1 0.699748 0.207264 0.0094245 5.2e-05 0 0 0 0 0 0 0 0 0 0 0 0 0 0 0 
1 0.699645 0.207512 0.00922575 4.875e-05 0 0 0 0 0 0 0 0 0 0 0 0 0 0 0 
1 0.700213 0.207546 0.009403 5.375e-05 2.5e-07 0 0 0 0 0 0 0 0 0 0 0 0 0 0 
1 0.700032 0.208303 0.00958425 5.55e-05 0 0 0 0 0 0 0 0 0 0 0 0 0 0 0 
1 0.700156 0.207477 0.00934 4.55e-05 0 0 0 0 0 0 0 0 0 0 0 0 0 0 0 
1 0.700186 0.207392 0.00944975 5.2e-05 0 0 0 0 0 0 0 0 0 0 0 0 0 0 0 
1 0.699984 0.20783 0.009431 4.95e-05 0 0 0 0 0 0 0 0 0 0 0 0 0 0 0 
1 0.700019 0.207346 0.009424 4.8e-05 0 0 0 0 0 0 0 0 0 0 0 0 0 0 0 
1 0.700207 0.207172 0.009548 5.225e-05 0 0 0 0 0 0 0 0 0 0 0 0 0 0 0 
1 0.699122 0.207004 0.00927425 4.825e-05 0 0 0 0 0 0 0 0 0 0 0 0 0 0 0 
1 0.700278 0.207859 0.00948225 5.275e-05 0 0 0 0 0 0 0 0 0 0 0 0 0 0 0 
1 0.699746 0.20705 0.0092755 4.6e-05 0 0 0 0 0 0 0 0 0 0 0 0 0 0 0 
1 0.699854 0.20668 0.0091525 3.925e-05 0 0 0 0 0 0 0 0 0 0 0 0 0 0 0 
1 0.700254 0.207274 0.00929975 5.675e-05 2.5e-07 0 0 0 0 0 0 0 0 0 0 0 0 0 0 
1 0.700156 0.207696 0.00935975 5.1e-05 0 0 0 0 0 0 0 0 0 0 0 0 0 0 0 
1 0.699837 0.207512 0.0092685 4.825e-05 0 0 0 0 0 0 0 0 0 0 0 0 0 0 0 
1 0.700182 0.207639 0.00941075 4.975e-05 0 0 0 0 0 0 0 0 0 0 0 0 0 0 0 
1 0.699962 0.207296 0.0093145 4.825e-05 0 0 0 0 0 0 0 0 0 0 0 0 0 0 0 
1 0.699919 0.207247 0.009357 4.875e-05 0 0 0 0 0 0 0 0 0 0 0 0 0 0 0 
1 0.700482 0.208364 0.0095745 6.075e-05 0 0 0 0 0 0 0 0 0 0 0 0 0 0 0 
1 0.699594 0.207711 0.00936275 4.525e-05 2.5e-07 0 0 0 0 0 0 0 0 0 0 0 0 0 0 
1 0.700372 0.207743 0.0094645 6.075e-05 0 0 0 0 0 0 0 0 0 0 0 0 0 0 0 
1 0.699594 0.207031 0.00924025 4.725e-05 2.5e-07 0 0 0 0 0 0 0 0 0 0 0 0 0 0 
1 0.700515 0.207946 0.0095595 5.725e-05 0 0 0 0 0 0 0 0 0 0 0 0 0 0 0 
1 0.699955 0.207374 0.00933375 4.375e-05 0 0 0 0 0 0 0 0 0 0 0 0 0 0 0 
1 0.699951 0.207086 0.009215 5.025e-05 0 0 0 0 0 0 0 0 0 0 0 0 0 0 0 
1 0.700045 0.207429 0.00953175 6.35e-05 0 0 0 0 0 0 0 0 0 0 0 0 0 0 0 
1 0.699997 0.207908 0.00943675 5.775e-05 0 0 0 0 0 0 0 0 0 0 0 0 0 0 0 
1 0.700048 0.207333 0.00932225 4.025e-05 2.5e-07 0 0 0 0 0 0 0 0 0 0 0 0 0 0 
1 0.699814 0.207187 0.00943225 5.2e-05 0 0 0 0 0 0 0 0 0 0 0 0 0 0 0 
1 0.700642 0.208245 0.00942325 5.325e-05 0 0 0 0 0 0 0 0 0 0 0 0 0 0 0 
1 0.699747 0.207126 0.00934725 4.125e-05 0 0 0 0 0 0 0 0 0 0 0 0 0 0 0 
1 0.700147 0.208014 0.00958025 5.6e-05 0 0 0 0 0 0 0 0 0 0 0 0 0 0 0 
1 0.699966 0.207459 0.0095635 5.6e-05 0 0 0 0 0 0 0 0 0 0 0 0 0 0 0 
1 0.699149 0.20681 0.00942625 4.625e-05 0 0 0 0 0 0 0 0 0 0 0 0 0 0 0 
1 0.69938 0.206827 0.00928775 6.1e-05 2.5e-07 0 0 0 0 0 0 0 0 0 0 0 0 0 0 
1 0.700003 0.207951 0.009404 4.875e-05 0 0 0 0 0 0 0 0 0 0 0 0 0 0 0 
1 0.699761 0.207045 0.00935925 5.225e-05 0 0 0 0 0 0 0 0 0 0 0 0 0 0 0 
1 0.700147 0.207953 0.0095465 5.45e-05 0 0 0 0 0 0 0 0 0 0 0 0 0 0 0 
1 0.700442 0.207841 0.00965325 5.25e-05 0 0 0 0 0 0 0 0 0 0 0 0 0 0 0 
1 0.69961 0.207733 0.009459 5.2e-05 0 0 0 0 0 0 0 0 0 0 0 0 0 0 0 
1 0.700141 0.207159 0.009458 5.35e-05 0 0 0 0 0 0 0 0 0 0 0 0 0 0 0 
1 0.699625 0.207035 0.00922075 3.75e-05 0 0 0 0 0 0 0 0 0 0 0 0 0 0 0 
1 0.69948 0.20698 0.00924775 5.3e-05 2.5e-07 0 0 0 0 0 0 0 0 0 0 0 0 0 0 
1 0.700094 0.207339 0.00946675 5.35e-05 0 0 0 0 0 0 0 0 0 0 0 0 0 0 0 
1 0.700219 0.208075 0.009474 6.075e-05 0 0 0 0 0 0 0 0 0 0 0 0 0 0 0 
1 0.699471 0.206817 0.00927525 4.525e-05 0 0 0 0 0 0 0 0 0 0 0 0 0 0 0 
1 0.699795 0.206922 0.009244 3.925e-05 0 0 0 0 0 0 0 0 0 0 0 0 0 0 0 
1 0.699651 0.207254 0.00943125 5.75e-05 0 0 0 0 0 0 0 0 0 0 0 0 0 0 0 
1 0.699429 0.207372 0.00950125 5.5e-05 2.5e-07 0 0 0 0 0 0 0 0 0 0 0 0 0 0 
1 0.700291 0.208175 0.009481 5.125e-05 0 0 0 0 0 0 0 0 0 0 0 0 0 0 0 
1 0.699777 0.207697 0.0094185 5.85e-05 0 0 0 0 0 0 0 0 0 0 0 0 0 0 0 
1 0.699881 0.207496 0.00935775 4.525e-05 0 0 0 0 0 0 0 0 0 0 0 0 0 0 0 
1 0.700015 0.207959 0.00945 4.725e-05 7.5e-07 0 0 0 0 0 0 0 0 0 0 0 0 0 0 
1 0.70011 0.207126 0.009339 4.525e-05 0 0 0 0 0 0 0 0 0 0 0 0 0 0 0 
1 0.700823 0.207851 0.009326 5.05e-05 0 0 0 0 0 0 0 0 0 0 0 0 0 0 0 
1 0.70041 0.20769 0.0093625 4.925e-05 0 0 0 0 0 0 0 0 0 0 0 0 0 0 0 
1 0.699647 0.207247 0.0092065 4.375e-05 0 0 0 0 0 0 0 0 0 0 0 0 0 0 0 
1 0.699939 0.208056 0.009463 5.5e-05 2.5e-07 0 0 0 0 0 0 0 0 0 0 0 0 0 0 
1 0.699236 0.206737 0.00915375 4.65e-05 0 0 0 0 0 0 0 0 0 0 0 0 0 0 0 
1 0.700078 0.207918 0.0093735 4.95e-05 0 0 0 0 0 0 0 0 0 0 0 0 0 0 0 
1 0.700649 0.208209 0.0093855 4.825e-05 0 0 0 0 0 0 0 0 0 0 0 0 0 0 0 
1 0.700108 0.20799 0.00949425 4.85e-05 0 0 0 0 0 0 0 0 0 0 0 0 0 0 0 
1 0.7005 0.208556 0.0095615 5.325e-05 0 0 0 0 0 0 0 0 0 0 0 0 0 0 0 
1 0.699953 0.207898 0.0093805 5e-05 0 0 0 0 0 0 0 0 0 0 0 0 0 0 0 
1 0.700541 0.208097 0.00946 5.175e-05 2.5e-07 0 0 0 0 0 0 0 0 0 0 0 0 0 0 
1 0.699832 0.207059 0.00935425 4.525e-05 0 0 0 0 0 0 0 0 0 0 0 0 0 0 0 
1 0.700348 0.208073 0.00942225 4.95e-05 0 0 0 0 0 0 0 0 0 0 0 0 0 0 0 
1 0.699948 0.207175 0.0092785 5.1e-05 0 0 0 0 0 0 0 0 0 0 0 0 0 0 0 
1 0.699659 0.207166 0.00913475 4.875e-05 0 0 0 0 0 0 0 0 0 0 0 0 0 0 0 
1 0.700082 0.207944 0.009324 4.1e-05 2.5e-07 0 0 0 0 0 0 0 0 0 0 0 0 0 0 
1 0.700137 0.207865 0.00950075 4.875e-05 0 0 0 0 0 0 0 0 0 0 0 0 0 0 0 
1 0.700011 0.207272 0.0093 5e-05 2.5e-07 0 0 0 0 0 0 0 0 0 0 0 0 0 0 
1 0.699302 0.206758 0.00935 5.5e-05 2.5e-07 0 0 0 0 0 0 0 0 0 0 0 0 0 0 
1 0.699325 0.207771 0.0093545 4.15e-05 0 0 0 0 0 0 0 0 0 0 0 0 0 0 0 
1 0.700083 0.207438 0.009368 4.775e-05 2.5e-07 0 0 0 0 0 0 0 0 0 0 0 0 0 0 
1 0.699319 0.207583 0.0093525 4.375e-05 0 0 0 0 0 0 0 0 0 0 0 0 0 0 0 
1 0.699461 0.207051 0.00932375 5.1e-05 0 0 0 0 0 0 0 0 0 0 0 0 0 0 0 
1 0.700349 0.207489 0.00940775 6.1e-05 0 0 0 0 0 0 0 0 0 0 0 0 0 0 0 
1 0.700121 0.207292 0.0093835 5.4e-05 0 0 0 0 0 0 0 0 0 0 0 0 0 0 0 
1 0.69985 0.206782 0.0092225 5e-05 0 0 0 0 0 0 0 0 0 0 0 0 0 0 0 
1 0.699305 0.206657 0.00938175 5.275e-05 0 0 0 0 0 0 0 0 0 0 0 0 0 0 0 
1 0.699829 0.207167 0.009253 3.9e-05 0 0 0 0 0 0 0 0 0 0 0 0 0 0 0 
1 0.700619 0.208033 0.009349 4.55e-05 0 0 0 0 0 0 0 0 0 0 0 0 0 0 0 
1 0.700921 0.208696 0.00954725 5.075e-05 0 0 0 0 0 0 0 0 0 0 0 0 0 0 0 
1 0.699948 0.207648 0.009408 4.925e-05 0 0 0 0 0 0 0 0 0 0 0 0 0 0 0 
1 0.700496 0.207786 0.009344 5.8e-05 0 0 0 0 0 0 0 0 0 0 0 0 0 0 0 
1 0.700336 0.208021 0.00928925 5.425e-05 5e-07 0 0 0 0 0 0 0 0 0 0 0 0 0 0 
1 0.69994 0.207773 0.00938025 5.5e-05 0 0 0 0 0 0 0 0 0 0 0 0 0 0 0 
1 0.69982 0.20757 0.0093995 5.3e-05 7.5e-07 0 0 0 0 0 0 0 0 0 0 0 0 0 0 
1 0.69971 0.207193 0.009234 4.525e-05 0 0 0 0 0 0 0 0 0 0 0 0 0 0 0 
1 0.700459 0.20792 0.009308 3.975e-05 0 0 0 0 0 0 0 0 0 0 0 0 0 0 0 
1 0.700142 0.207709 0.009314 5.425e-05 0 0 0 0 0 0 0 0 0 0 0 0 0 0 0 
1 0.700767 0.208038 0.009505 5.325e-05 0 0 0 0 0 0 0 0 0 0 0 0 0 0 0 
1 0.700654 0.208179 0.00953325 5.425e-05 0 0 0 0 0 0 0 0 0 0 0 0 0 0 0 
1 0.699785 0.207122 0.0093465 4.95e-05 0 0 0 0 0 0 0 0 0 0 0 0 0 0 0 
1 0.699896 0.207634 0.009412 5.55e-05 7.5e-07 0 0 0 0 0 0 0 0 0 0 0 0 0 0 
1 0.699984 0.207172 0.00941675 6.05e-05 0 0 0 0 0 0 0 0 0 0 0 0 0 0 0 
1 0.699924 0.207613 0.009387 4.5e-05 0 0 0 0 0 0 0 0 0 0 0 0 0 0 0 
1 0.699398 0.206641 0.00924925 4.3e-05 0 0 0 0 0 0 0 0 0 0 0 0 0 0 0 
1 0.699911 0.20758 0.0094465 4.65e-05 0 0 0 0 0 0 0 0 0 0 0 0 0 0 0 
1 0.69968 0.207785 0.0093935 5.5e-05 0 0 0 0 0 0 0 0 0 0 0 0 0 0 0 
1 0.700092 0.20764 0.009524 5.825e-05 2.5e-07 0 0 0 0 0 0 0 0 0 0 0 0 0 0 
1 0.700215 0.207897 0.009314 5.575e-05 2.5e-07 0 0 0 0 0 0 0 0 0 0 0 0 0 0 
1 0.699929 0.207466 0.00937025 4.575e-05 0 0 0 0 0 0 0 0 0 0 0 0 0 0 0 
1 0.699991 0.207626 0.0094275 5.025e-05 0 0 0 0 0 0 0 0 0 0 0 0 0 0 0 
1 0.700618 0.2084 0.0095045 4.775e-05 0 0 0 0 0 0 0 0 0 0 0 0 0 0 0 
1 0.700175 0.207468 0.00931875 4.6e-05 0 0 0 0 0 0 0 0 0 0 0 0 0 0 0 
1 0.700645 0.208064 0.0092995 4.8e-05 0 0 0 0 0 0 0 0 0 0 0 0 0 0 0 
1 0.699566 0.207154 0.009262 4.975e-05 0 0 0 0 0 0 0 0 0 0 0 0 0 0 0 
1 0.699926 0.20724 0.0093965 4.825e-05 0 0 0 0 0 0 0 0 0 0 0 0 0 0 0 
1 0.700188 0.207445 0.0093775 5.4e-05 2.5e-07 0 0 0 0 0 0 0 0 0 0 0 0 0 0 
1 0.699487 0.206575 0.0092855 4.825e-05 0 0 0 0 0 0 0 0 0 0 0 0 0 0 0 
1 0.699873 0.207106 0.0093155 5.425e-05 2.5e-07 0 0 0 0 0 0 0 0 0 0 0 0 0 0 
1 0.700193 0.207686 0.0094605 5.575e-05 0 0 0 0 0 0 0 0 0 0 0 0 0 0 0 
1 0.700081 0.207103 0.009345 4.9e-05 0 0 0 0 0 0 0 0 0 0 0 0 0 0 0 
1 0.700071 0.207668 0.00949375 5.475e-05 2.5e-07 0 0 0 0 0 0 0 0 0 0 0 0 0 0 
1 0.700282 0.207988 0.00950125 5.3e-05 2.5e-07 0 0 0 0 0 0 0 0 0 0 0 0 0 0 
1 0.700022 0.207627 0.009494 5.15e-05 0 0 0 0 0 0 0 0 0 0 0 0 0 0 0 
1 0.699729 0.206715 0.009183 3.575e-05 0 0 0 0 0 0 0 0 0 0 0 0 0 0 0 
1 0.69992 0.207419 0.0094185 4.7e-05 0 0 0 0 0 0 0 0 0 0 0 0 0 0 0 
1 0.699665 0.207173 0.0093485 6.25e-05 0 0 0 0 0 0 0 0 0 0 0 0 0 0 0 
1 0.700044 0.207387 0.00937575 5.125e-05 0 0 0 0 0 0 0 0 0 0 0 0 0 0 0 
1 0.699803 0.207449 0.0092585 5.3e-05 0 0 0 0 0 0 0 0 0 0 0 0 0 0 0 
1 0.700262 0.207795 0.0093735 4.225e-05 0 0 0 0 0 0 0 0 0 0 0 0 0 0 0 
1 0.69996 0.207602 0.0094005 5.775e-05 2.5e-07 0 0 0 0 0 0 0 0 0 0 0 0 0 0 
1 0.700149 0.207444 0.00928375 5.025e-05 0 0 0 0 0 0 0 0 0 0 0 0 0 0 0 
1 0.699788 0.207423 0.00941625 5.3e-05 5e-07 0 0 0 0 0 0 0 0 0 0 0 0 0 0 
1 0.699582 0.207263 0.009351 5.7e-05 2.5e-07 0 0 0 0 0 0 0 0 0 0 0 0 0 0 
1 0.700169 0.207275 0.00929775 5.325e-05 2.5e-07 0 0 0 0 0 0 0 0 0 0 0 0 0 0 
1 0.700375 0.207884 0.009343 4.15e-05 0 0 0 0 0 0 0 0 0 0 0 0 0 0 0 
1 0.699395 0.206941 0.009377 5.3e-05 0 0 0 0 0 0 0 0 0 0 0 0 0 0 0 
1 0.699842 0.207381 0.00936325 4.85e-05 2.5e-07 0 0 0 0 0 0 0 0 0 0 0 0 0 0 
1 0.70002 0.207645 0.00941575 5.45e-05 0 0 0 0 0 0 0 0 0 0 0 0 0 0 0 
