1 0.701795 0.349379 0.092245 0.008787 0.000312 4e-06 0 0 0 0 0 0 0 0 0 0 0 0 0 
1 0.699067 0.345466 0.090191 0.008478 0.000252 3e-06 0 0 0 0 0 0 0 0 0 0 0 0 0 
1 0.69964 0.346404 0.090918 0.008411 0.000246 3e-06 0 0 0 0 0 0 0 0 0 0 0 0 0 
1 0.700681 0.348788 0.092285 0.008782 0.000244 5e-06 0 0 0 0 0 0 0 0 0 0 0 0 0 
1 0.700113 0.347968 0.091582 0.008442 0.000205 5e-06 0 0 0 0 0 0 0 0 0 0 0 0 0 
1 0.700388 0.348511 0.091756 0.008533 0.000258 4e-06 0 0 0 0 0 0 0 0 0 0 0 0 0 
1 0.696241 0.342126 0.088089 0.007806 0.000212 1e-06 0 0 0 0 0 0 0 0 0 0 0 0 0 
1 0.700382 0.347457 0.092109 0.008572 0.00023 4e-06 0 0 0 0 0 0 0 0 0 0 0 0 0 
1 0.6991 0.345312 0.089955 0.008251 0.000206 5e-06 0 0 0 0 0 0 0 0 0 0 0 0 0 
1 0.699322 0.345346 0.090098 0.008095 0.000201 4e-06 0 0 0 0 0 0 0 0 0 0 0 0 0 
1 0.699584 0.346372 0.09022 0.008529 0.000213 0 0 0 0 0 0 0 0 0 0 0 0 0 0 
1 0.700622 0.348903 0.091721 0.008582 0.000213 1e-06 0 0 0 0 0 0 0 0 0 0 0 0 0 
1 0.700088 0.3472 0.091313 0.008278 0.000239 3e-06 0 0 0 0 0 0 0 0 0 0 0 0 0 
1 0.698977 0.346261 0.09056 0.008581 0.000219 1e-06 0 0 0 0 0 0 0 0 0 0 0 0 0 
1 0.700507 0.348722 0.092428 0.008481 0.000267 3e-06 0 0 0 0 0 0 0 0 0 0 0 0 0 
1 0.699273 0.345864 0.091203 0.008507 0.0002 4e-06 0 0 0 0 0 0 0 0 0 0 0 0 0 
1 0.701758 0.349201 0.092056 0.008797 0.000258 8e-06 0 0 0 0 0 0 0 0 0 0 0 0 0 
1 0.699793 0.348657 0.092211 0.008805 0.000244 6e-06 0 0 0 0 0 0 0 0 0 0 0 0 0 
1 0.69939 0.345434 0.08959 0.007998 0.000182 2e-06 0 0 0 0 0 0 0 0 0 0 0 0 0 
1 0.698244 0.344279 0.088708 0.008172 0.000239 2e-06 0 0 0 0 0 0 0 0 0 0 0 0 0 
1 0.69918 0.347017 0.091325 0.008476 0.00021 3e-06 0 0 0 0 0 0 0 0 0 0 0 0 0 
1 0.701323 0.349705 0.092439 0.00873 0.000255 5e-06 0 0 0 0 0 0 0 0 0 0 0 0 0 
1 0.700665 0.348987 0.091349 0.008494 0.000221 3e-06 0 0 0 0 0 0 0 0 0 0 0 0 0 
1 0.700563 0.346626 0.090625 0.008374 0.000214 7e-06 1e-06 0 0 0 0 0 0 0 0 0 0 0 0 
1 0.69998 0.347535 0.090719 0.00845 0.000216 4e-06 0 0 0 0 0 0 0 0 0 0 0 0 0 
1 0.701524 0.35026 0.092523 0.008382 0.000232 2e-06 0 0 0 0 0 0 0 0 0 0 0 0 0 
1 0.700459 0.34844 0.092194 0.009007 0.000309 6e-06 0 0 0 0 0 0 0 0 0 0 0 0 0 
1 0.701311 0.348761 0.09208 0.008453 0.000237 2e-06 0 0 0 0 0 0 0 0 0 0 0 0 0 
1 0.700084 0.346476 0.091529 0.008499 0.00028 9e-06 0 0 0 0 0 0 0 0 0 0 0 0 0 
1 0.701691 0.349676 0.092615 0.008703 0.000253 4e-06 0 0 0 0 0 0 0 0 0 0 0 0 0 
1 0.698845 0.345939 0.090438 0.008339 0.000228 4e-06 0 0 0 0 0 0 0 0 0 0 0 0 0 
1 0.700236 0.347685 0.091123 0.008282 0.000243 9e-06 0 0 0 0 0 0 0 0 0 0 0 0 0 
1 0.701071 0.348019 0.091134 0.008276 0.000201 1e-05 0 0 0 0 0 0 0 0 0 0 0 0 0 
1 0.699362 0.346737 0.090067 0.008175 0.000227 6e-06 0 0 0 0 0 0 0 0 0 0 0 0 0 
1 0.69851 0.346753 0.090631 0.008487 0.000227 1e-06 0 0 0 0 0 0 0 0 0 0 0 0 0 
1 0.700417 0.34838 0.093153 0.00894 0.000234 7e-06 0 0 0 0 0 0 0 0 0 0 0 0 0 
1 0.70107 0.348788 0.092443 0.008927 0.000303 8e-06 0 0 0 0 0 0 0 0 0 0 0 0 0 
1 0.699163 0.346113 0.090996 0.008524 0.000236 1e-06 0 0 0 0 0 0 0 0 0 0 0 0 0 
1 0.699245 0.345557 0.089824 0.008298 0.000242 3e-06 0 0 0 0 0 0 0 0 0 0 0 0 0 
1 0.699516 0.345338 0.089998 0.008029 0.000197 2e-06 0 0 0 0 0 0 0 0 0 0 0 0 0 
1 0.701959 0.350482 0.093583 0.008971 0.000245 1e-05 0 0 0 0 0 0 0 0 0 0 0 0 0 
1 0.700058 0.347531 0.091589 0.008797 0.00025 2e-06 0 0 0 0 0 0 0 0 0 0 0 0 0 
1 0.702409 0.351318 0.093384 0.00882 0.000278 1e-05 3e-06 0 0 0 0 0 0 0 0 0 0 0 0 
1 0.69901 0.34591 0.090792 0.008334 0.000248 5e-06 0 0 0 0 0 0 0 0 0 0 0 0 0 
1 0.701369 0.348921 0.091711 0.008564 0.000199 1e-06 0 0 0 0 0 0 0 0 0 0 0 0 0 
1 0.700881 0.348677 0.091926 0.008597 0.000254 1.3e-05 0 0 0 0 0 0 0 0 0 0 0 0 0 
1 0.699953 0.347153 0.091323 0.008411 0.000255 7e-06 0 0 0 0 0 0 0 0 0 0 0 0 0 
1 0.700387 0.348609 0.091666 0.008592 0.00019 1e-06 0 0 0 0 0 0 0 0 0 0 0 0 0 
1 0.700599 0.348473 0.091891 0.008494 0.000238 1e-06 0 0 0 0 0 0 0 0 0 0 0 0 0 
1 0.698575 0.346099 0.090681 0.008502 0.000233 1e-06 0 0 0 0 0 0 0 0 0 0 0 0 0 
1 0.699946 0.346647 0.091224 0.00851 0.000261 3e-06 0 0 0 0 0 0 0 0 0 0 0 0 0 
1 0.699181 0.345281 0.090125 0.008058 0.000187 2e-06 0 0 0 0 0 0 0 0 0 0 0 0 0 
1 0.700291 0.347651 0.091418 0.008248 0.000221 4e-06 0 0 0 0 0 0 0 0 0 0 0 0 0 
1 0.700674 0.348808 0.092222 0.008616 0.00026 9e-06 0 0 0 0 0 0 0 0 0 0 0 0 0 
1 0.699707 0.346814 0.090836 0.008479 0.000213 4e-06 0 0 0 0 0 0 0 0 0 0 0 0 0 
1 0.697851 0.343725 0.089011 0.007997 0.000219 1e-05 0 0 0 0 0 0 0 0 0 0 0 0 0 
1 0.70056 0.347741 0.091258 0.008321 0.000237 7e-06 0 0 0 0 0 0 0 0 0 0 0 0 0 
1 0.699797 0.346838 0.09079 0.008271 0.000248 1.1e-05 0 0 0 0 0 0 0 0 0 0 0 0 0 
1 0.700143 0.348414 0.091484 0.008536 0.000252 4e-06 0 0 0 0 0 0 0 0 0 0 0 0 0 
1 0.696905 0.343109 0.088437 0.008071 0.000245 8e-06 0 0 0 0 0 0 0 0 0 0 0 0 0 
1 0.700064 0.346683 0.09047 0.008376 0.000255 2e-06 0 0 0 0 0 0 0 0 0 0 0 0 0 
1 0.700127 0.346988 0.090324 0.00809 0.000203 1e-06 0 0 0 0 0 0 0 0 0 0 0 0 0 
1 0.699496 0.346767 0.090616 0.008486 0.000241 1e-06 0 0 0 0 0 0 0 0 0 0 0 0 0 
1 0.701646 0.349515 0.093026 0.00873 0.000267 6e-06 0 0 0 0 0 0 0 0 0 0 0 0 0 
1 0.699664 0.346659 0.090587 0.008114 0.000214 6e-06 0 0 0 0 0 0 0 0 0 0 0 0 0 
1 0.699956 0.346882 0.091124 0.008333 0.000209 5e-06 0 0 0 0 0 0 0 0 0 0 0 0 0 
1 0.700353 0.347199 0.091285 0.008657 0.000235 4e-06 1e-06 0 0 0 0 0 0 0 0 0 0 0 0 
1 0.700642 0.348197 0.091801 0.008641 0.000249 1.5e-05 0 0 0 0 0 0 0 0 0 0 0 0 0 
1 0.700858 0.348219 0.091918 0.008756 0.000264 2e-06 0 0 0 0 0 0 0 0 0 0 0 0 0 
1 0.700196 0.347878 0.091439 0.008423 0.000262 1.1e-05 0 0 0 0 0 0 0 0 0 0 0 0 0 
1 0.700866 0.348721 0.093077 0.00871 0.000254 6e-06 0 0 0 0 0 0 0 0 0 0 0 0 0 
1 0.697797 0.344947 0.090136 0.008278 0.000232 1e-06 0 0 0 0 0 0 0 0 0 0 0 0 0 
1 0.700296 0.348674 0.092335 0.009003 0.000222 1e-06 0 0 0 0 0 0 0 0 0 0 0 0 0 
1 0.701049 0.349301 0.091156 0.008378 0.000238 1e-06 0 0 0 0 0 0 0 0 0 0 0 0 0 
1 0.698619 0.345102 0.089762 0.008044 0.000237 2e-06 0 0 0 0 0 0 0 0 0 0 0 0 0 
1 0.700481 0.347989 0.091202 0.008536 0.000226 3e-06 0 0 0 0 0 0 0 0 0 0 0 0 0 
1 0.698901 0.34633 0.090717 0.008466 0.000207 4e-06 0 0 0 0 0 0 0 0 0 0 0 0 0 
1 0.700427 0.34746 0.091822 0.008791 0.000246 3e-06 0 0 0 0 0 0 0 0 0 0 0 0 0 
1 0.700332 0.347374 0.090987 0.008527 0.000256 4e-06 0 0 0 0 0 0 0 0 0 0 0 0 0 
1 0.700477 0.34781 0.09134 0.008396 0.000252 4e-06 0 0 0 0 0 0 0 0 0 0 0 0 0 
1 0.697725 0.344259 0.089516 0.008191 0.000254 5e-06 0 0 0 0 0 0 0 0 0 0 0 0 0 
1 0.699316 0.34571 0.090244 0.008183 0.000262 8e-06 0 0 0 0 0 0 0 0 0 0 0 0 0 
1 0.700408 0.347354 0.091642 0.008621 0.000248 1e-06 0 0 0 0 0 0 0 0 0 0 0 0 0 
1 0.699069 0.346694 0.091016 0.008401 0.000254 5e-06 0 0 0 0 0 0 0 0 0 0 0 0 0 
1 0.700232 0.347793 0.091507 0.008381 0.000216 3e-06 0 0 0 0 0 0 0 0 0 0 0 0 0 
1 0.700586 0.348299 0.0923 0.008763 0.000213 6e-06 0 0 0 0 0 0 0 0 0 0 0 0 0 
1 0.698872 0.346657 0.09092 0.008519 0.000215 1e-06 0 0 0 0 0 0 0 0 0 0 0 0 0 
1 0.699134 0.345494 0.0895 0.008096 0.000248 1e-06 0 0 0 0 0 0 0 0 0 0 0 0 0 
1 0.700098 0.347641 0.09144 0.008499 0.000215 2e-06 0 0 0 0 0 0 0 0 0 0 0 0 0 
1 0.700076 0.348216 0.092537 0.008807 0.000292 5e-06 0 0 0 0 0 0 0 0 0 0 0 0 0 
1 0.699693 0.347539 0.091032 0.008418 0.000243 0 0 0 0 0 0 0 0 0 0 0 0 0 0 
1 0.699418 0.346516 0.090977 0.008311 0.000244 2e-06 0 0 0 0 0 0 0 0 0 0 0 0 0 
1 0.699655 0.347702 0.091161 0.008225 0.000209 2e-06 0 0 0 0 0 0 0 0 0 0 0 0 0 
1 0.699054 0.346179 0.089703 0.007966 0.000194 4e-06 0 0 0 0 0 0 0 0 0 0 0 0 0 
1 0.699324 0.346052 0.089878 0.008088 0.000193 1e-06 0 0 0 0 0 0 0 0 0 0 0 0 0 
1 0.699033 0.345381 0.089399 0.008315 0.000234 2e-06 0 0 0 0 0 0 0 0 0 0 0 0 0 
1 0.698731 0.345615 0.089547 0.008434 0.000199 0 0 0 0 0 0 0 0 0 0 0 0 0 0 
1 0.700686 0.34845 0.091298 0.008368 0.000277 2e-06 0 0 0 0 0 0 0 0 0 0 0 0 0 
1 0.700662 0.348418 0.091943 0.008536 0.000209 8e-06 0 0 0 0 0 0 0 0 0 0 0 0 0 
1 0.699146 0.3461 0.08974 0.008203 0.000199 2e-06 0 0 0 0 0 0 0 0 0 0 0 0 0 
1 0.699427 0.345566 0.089488 0.008218 0.000241 5e-06 2e-06 0 0 0 0 0 0 0 0 0 0 0 0 
1 0.699014 0.347825 0.092497 0.008967 0.00029 7e-06 0 0 0 0 0 0 0 0 0 0 0 0 0 
1 0.701307 0.348969 0.092789 0.008472 0.000236 1e-06 0 0 0 0 0 0 0 0 0 0 0 0 0 
1 0.701344 0.348864 0.091883 0.008649 0.000241 5e-06 0 0 0 0 0 0 0 0 0 0 0 0 0 
1 0.699533 0.346987 0.090817 0.008443 0.000208 1e-06 0 0 0 0 0 0 0 0 0 0 0 0 0 
1 0.701831 0.350337 0.093112 0.008707 0.000216 8e-06 0 0 0 0 0 0 0 0 0 0 0 0 0 
1 0.698153 0.345379 0.089319 0.008136 0.00024 3e-06 0 0 0 0 0 0 0 0 0 0 0 0 0 
1 0.699101 0.345685 0.090133 0.008203 0.000245 3e-06 0 0 0 0 0 0 0 0 0 0 0 0 0 
1 0.698592 0.344761 0.08974 0.008282 0.000236 5e-06 0 0 0 0 0 0 0 0 0 0 0 0 0 
1 0.700502 0.348471 0.092556 0.008695 0.000255 4e-06 0 0 0 0 0 0 0 0 0 0 0 0 0 
1 0.700077 0.347307 0.09127 0.008403 0.000248 4e-06 0 0 0 0 0 0 0 0 0 0 0 0 0 
1 0.699802 0.347594 0.091383 0.00829 0.00025 2e-06 0 0 0 0 0 0 0 0 0 0 0 0 0 
1 0.699226 0.346142 0.090377 0.008254 0.000234 2e-06 0 0 0 0 0 0 0 0 0 0 0 0 0 
1 0.698459 0.345023 0.089776 0.00823 0.00026 9e-06 0 0 0 0 0 0 0 0 0 0 0 0 0 
1 0.70188 0.350688 0.093195 0.00897 0.000256 0 0 0 0 0 0 0 0 0 0 0 0 0 0 
1 0.699396 0.346132 0.090026 0.008158 0.000201 2e-06 0 0 0 0 0 0 0 0 0 0 0 0 0 
1 0.699925 0.347427 0.091846 0.008594 0.000268 6e-06 0 0 0 0 0 0 0 0 0 0 0 0 0 
1 0.699906 0.347147 0.090798 0.008434 0.000268 2e-06 0 0 0 0 0 0 0 0 0 0 0 0 0 
1 0.701027 0.349292 0.093024 0.008898 0.000228 2e-06 0 0 0 0 0 0 0 0 0 0 0 0 0 
1 0.700059 0.347471 0.090799 0.008444 0.000208 2e-06 0 0 0 0 0 0 0 0 0 0 0 0 0 
1 0.697523 0.343879 0.089094 0.00803 0.00023 8e-06 0 0 0 0 0 0 0 0 0 0 0 0 0 
1 0.699598 0.346326 0.090439 0.00832 0.000265 1.6e-05 0 0 0 0 0 0 0 0 0 0 0 0 0 
1 0.697873 0.343961 0.088973 0.008223 0.000251 2e-06 0 0 0 0 0 0 0 0 0 0 0 0 0 
1 0.70027 0.347807 0.092196 0.00878 0.000264 2e-06 0 0 0 0 0 0 0 0 0 0 0 0 0 
1 0.699658 0.347047 0.091257 0.008418 0.000245 5e-06 0 0 0 0 0 0 0 0 0 0 0 0 0 
1 0.701527 0.347925 0.0918 0.00849 0.000244 2e-06 0 0 0 0 0 0 0 0 0 0 0 0 0 
1 0.699795 0.347527 0.09192 0.00867 0.000224 5e-06 0 0 0 0 0 0 0 0 0 0 0 0 0 
1 0.700912 0.348783 0.09215 0.008521 0.000229 4e-06 1e-06 0 0 0 0 0 0 0 0 0 0 0 0 
1 0.700917 0.349763 0.093025 0.008785 0.000243 3e-06 0 0 0 0 0 0 0 0 0 0 0 0 0 
1 0.699936 0.347743 0.092085 0.00884 0.000251 2e-06 0 0 0 0 0 0 0 0 0 0 0 0 0 
1 0.699757 0.347313 0.090879 0.008899 0.000276 5e-06 0 0 0 0 0 0 0 0 0 0 0 0 0 
1 0.699319 0.345647 0.090246 0.0084 0.000206 1e-06 0 0 0 0 0 0 0 0 0 0 0 0 0 
1 0.700066 0.345848 0.090235 0.008325 0.000225 4e-06 0 0 0 0 0 0 0 0 0 0 0 0 0 
1 0.699059 0.345273 0.089793 0.008263 0.000214 6e-06 0 0 0 0 0 0 0 0 0 0 0 0 0 
1 0.699934 0.34714 0.090637 0.008507 0.000265 2e-06 0 0 0 0 0 0 0 0 0 0 0 0 0 
1 0.699381 0.346361 0.090449 0.008348 0.000247 1e-06 0 0 0 0 0 0 0 0 0 0 0 0 0 
1 0.699373 0.34758 0.090918 0.008187 0.000274 2e-06 0 0 0 0 0 0 0 0 0 0 0 0 0 
1 0.69889 0.346849 0.091393 0.008824 0.000261 1e-06 0 0 0 0 0 0 0 0 0 0 0 0 0 
1 0.699822 0.345943 0.090257 0.008177 0.000207 1e-06 0 0 0 0 0 0 0 0 0 0 0 0 0 
1 0.702591 0.351085 0.093541 0.008913 0.000257 2e-06 0 0 0 0 0 0 0 0 0 0 0 0 0 
1 0.699852 0.347332 0.090891 0.008132 0.000225 9e-06 0 0 0 0 0 0 0 0 0 0 0 0 0 
1 0.700697 0.347669 0.090757 0.008565 0.000261 3e-06 0 0 0 0 0 0 0 0 0 0 0 0 0 
1 0.70112 0.349382 0.092578 0.008752 0.000251 1e-06 0 0 0 0 0 0 0 0 0 0 0 0 0 
1 0.698928 0.346598 0.091083 0.008423 0.00023 6e-06 0 0 0 0 0 0 0 0 0 0 0 0 0 
1 0.69961 0.346241 0.09024 0.008398 0.000251 3e-06 0 0 0 0 0 0 0 0 0 0 0 0 0 
1 0.701334 0.348577 0.091958 0.008651 0.00025 2e-06 0 0 0 0 0 0 0 0 0 0 0 0 0 
1 0.698692 0.346256 0.090876 0.008326 0.000207 3e-06 0 0 0 0 0 0 0 0 0 0 0 0 0 
1 0.701514 0.34906 0.09253 0.008811 0.000257 5e-06 0 0 0 0 0 0 0 0 0 0 0 0 0 
1 0.700007 0.347081 0.090752 0.008491 0.000246 1e-06 0 0 0 0 0 0 0 0 0 0 0 0 0 
1 0.699628 0.345635 0.090899 0.008425 0.000264 3e-06 0 0 0 0 0 0 0 0 0 0 0 0 0 
1 0.700556 0.348637 0.092033 0.008828 0.000245 3e-06 0 0 0 0 0 0 0 0 0 0 0 0 0 
1 0.69902 0.346413 0.091651 0.008729 0.000288 6e-06 0 0 0 0 0 0 0 0 0 0 0 0 0 
1 0.698766 0.346866 0.09075 0.008294 0.00025 1.2e-05 0 0 0 0 0 0 0 0 0 0 0 0 0 
1 0.702717 0.352124 0.094113 0.009098 0.000257 3e-06 0 0 0 0 0 0 0 0 0 0 0 0 0 
1 0.699988 0.348432 0.091525 0.008744 0.000269 3e-06 0 0 0 0 0 0 0 0 0 0 0 0 0 
1 0.698027 0.344485 0.089548 0.008315 0.000196 1e-06 0 0 0 0 0 0 0 0 0 0 0 0 0 
1 0.69901 0.345617 0.089827 0.00831 0.000247 1e-06 0 0 0 0 0 0 0 0 0 0 0 0 0 
1 0.701976 0.350185 0.093459 0.009079 0.000294 5e-06 0 0 0 0 0 0 0 0 0 0 0 0 0 
1 0.700975 0.348651 0.091732 0.00831 0.000215 2e-06 0 0 0 0 0 0 0 0 0 0 0 0 0 
1 0.701583 0.349074 0.091973 0.008432 0.000222 2e-06 0 0 0 0 0 0 0 0 0 0 0 0 0 
1 0.699044 0.346912 0.090226 0.008205 0.000247 8e-06 0 0 0 0 0 0 0 0 0 0 0 0 0 
1 0.699904 0.345453 0.089909 0.008126 0.000202 1e-06 0 0 0 0 0 0 0 0 0 0 0 0 0 
1 0.700609 0.348581 0.091956 0.008424 0.000232 5e-06 0 0 0 0 0 0 0 0 0 0 0 0 0 
1 0.698652 0.345064 0.090813 0.008454 0.000276 5e-06 0 0 0 0 0 0 0 0 0 0 0 0 0 
1 0.701294 0.349551 0.092486 0.008889 0.000262 0 0 0 0 0 0 0 0 0 0 0 0 0 0 
1 0.69949 0.345575 0.089307 0.007956 0.000192 2e-06 0 0 0 0 0 0 0 0 0 0 0 0 0 
1 0.700631 0.347857 0.091552 0.008609 0.000239 0 0 0 0 0 0 0 0 0 0 0 0 0 0 
1 0.700493 0.348512 0.091999 0.008657 0.000267 5e-06 0 0 0 0 0 0 0 0 0 0 0 0 0 
1 0.700691 0.348526 0.092419 0.008769 0.000257 2e-06 0 0 0 0 0 0 0 0 0 0 0 0 0 
1 0.698141 0.345886 0.090324 0.008506 0.000274 3e-06 0 0 0 0 0 0 0 0 0 0 0 0 0 
1 0.700926 0.349833 0.093245 0.008788 0.000267 6e-06 0 0 0 0 0 0 0 0 0 0 0 0 0 
1 0.701956 0.349665 0.092457 0.00864 0.000262 1e-06 0 0 0 0 0 0 0 0 0 0 0 0 0 
1 0.699298 0.346345 0.09077 0.008316 0.000234 5e-06 0 0 0 0 0 0 0 0 0 0 0 0 0 
1 0.699288 0.347027 0.091061 0.00829 0.000221 0 0 0 0 0 0 0 0 0 0 0 0 0 0 
1 0.698387 0.344881 0.089581 0.008489 0.000204 1e-06 0 0 0 0 0 0 0 0 0 0 0 0 0 
1 0.698853 0.345644 0.089975 0.008584 0.000267 1.4e-05 0 0 0 0 0 0 0 0 0 0 0 0 0 
1 0.699563 0.347516 0.091138 0.008538 0.000218 2e-06 0 0 0 0 0 0 0 0 0 0 0 0 0 
1 0.700776 0.348429 0.092375 0.00885 0.000219 2e-06 0 0 0 0 0 0 0 0 0 0 0 0 0 
1 0.701228 0.350736 0.093299 0.0089 0.000199 0 0 0 0 0 0 0 0 0 0 0 0 0 0 
1 0.699528 0.347218 0.091822 0.008665 0.000267 5e-06 0 0 0 0 0 0 0 0 0 0 0 0 0 
1 0.697939 0.3439 0.088986 0.00803 0.000223 9e-06 0 0 0 0 0 0 0 0 0 0 0 0 0 
1 0.700981 0.34774 0.091476 0.008558 0.000257 3e-06 0 0 0 0 0 0 0 0 0 0 0 0 0 
1 0.701059 0.349089 0.09186 0.008627 0.00024 1e-06 0 0 0 0 0 0 0 0 0 0 0 0 0 
1 0.699811 0.346196 0.089601 0.008111 0.000253 7e-06 0 0 0 0 0 0 0 0 0 0 0 0 0 
1 0.700012 0.34794 0.090793 0.008338 0.000164 3e-06 0 0 0 0 0 0 0 0 0 0 0 0 0 
1 0.699608 0.346445 0.090505 0.008452 0.000193 2e-06 0 0 0 0 0 0 0 0 0 0 0 0 0 
1 0.701498 0.348956 0.09197 0.008793 0.000252 6e-06 0 0 0 0 0 0 0 0 0 0 0 0 0 
1 0.698656 0.344536 0.089228 0.007943 0.000224 2e-06 0 0 0 0 0 0 0 0 0 0 0 0 0 
1 0.698857 0.346834 0.09085 0.008597 0.000235 1e-06 0 0 0 0 0 0 0 0 0 0 0 0 0 
1 0.701267 0.350254 0.093385 0.008607 0.000253 1e-06 0 0 0 0 0 0 0 0 0 0 0 0 0 
1 0.701923 0.349634 0.092318 0.008685 0.000293 5e-06 0 0 0 0 0 0 0 0 0 0 0 0 0 
1 0.700681 0.347063 0.091276 0.008473 0.00026 3e-06 0 0 0 0 0 0 0 0 0 0 0 0 0 
1 0.700695 0.348535 0.091379 0.008308 0.00022 1e-06 0 0 0 0 0 0 0 0 0 0 0 0 0 
1 0.701942 0.350519 0.092583 0.008476 0.000261 7e-06 0 0 0 0 0 0 0 0 0 0 0 0 0 
1 0.69988 0.346871 0.091364 0.008591 0.000235 1e-06 0 0 0 0 0 0 0 0 0 0 0 0 0 
1 0.701737 0.349437 0.092404 0.008285 0.000208 5e-06 0 0 0 0 0 0 0 0 0 0 0 0 0 
1 0.699468 0.346664 0.090961 0.008342 0.000235 2e-06 0 0 0 0 0 0 0 0 0 0 0 0 0 
1 0.701439 0.350016 0.093341 0.00891 0.000213 1e-06 0 0 0 0 0 0 0 0 0 0 0 0 0 
1 0.700011 0.347593 0.090745 0.00821 0.000225 1e-06 0 0 0 0 0 0 0 0 0 0 0 0 0 
1 0.700237 0.347256 0.091423 0.008466 0.000212 2e-06 0 0 0 0 0 0 0 0 0 0 0 0 0 
1 0.70031 0.347763 0.091255 0.008273 0.00022 3e-06 0 0 0 0 0 0 0 0 0 0 0 0 0 
1 0.699852 0.348484 0.0916 0.00855 0.000241 7e-06 0 0 0 0 0 0 0 0 0 0 0 0 0 
1 0.699614 0.347711 0.091036 0.008407 0.000281 2e-06 0 0 0 0 0 0 0 0 0 0 0 0 0 
1 0.698721 0.345787 0.090319 0.008172 0.000186 0 0 0 0 0 0 0 0 0 0 0 0 0 0 
1 0.701234 0.348607 0.091525 0.008335 0.00021 5e-06 0 0 0 0 0 0 0 0 0 0 0 0 0 
1 0.700286 0.348712 0.092039 0.008691 0.000251 0 0 0 0 0 0 0 0 0 0 0 0 0 0 
1 0.700448 0.348568 0.092353 0.008423 0.000189 1e-06 0 0 0 0 0 0 0 0 0 0 0 0 0 
1 0.700475 0.347253 0.089946 0.008075 0.000212 1e-06 0 0 0 0 0 0 0 0 0 0 0 0 0 
1 0.698443 0.34539 0.090148 0.008353 0.000242 2e-06 0 0 0 0 0 0 0 0 0 0 0 0 0 
1 0.699911 0.34766 0.091016 0.008642 0.00028 2e-06 0 0 0 0 0 0 0 0 0 0 0 0 0 
1 0.7008 0.34908 0.092098 0.008775 0.000235 3e-06 0 0 0 0 0 0 0 0 0 0 0 0 0 
1 0.70213 0.350435 0.093244 0.008943 0.000294 4e-06 0 0 0 0 0 0 0 0 0 0 0 0 0 
1 0.699705 0.347766 0.090701 0.008404 0.000254 9e-06 0 0 0 0 0 0 0 0 0 0 0 0 0 
1 0.700081 0.34698 0.090548 0.008324 0.0002 2e-06 0 0 0 0 0 0 0 0 0 0 0 0 0 
1 0.700415 0.347611 0.091071 0.008389 0.000221 2e-06 0 0 0 0 0 0 0 0 0 0 0 0 0 
1 0.702212 0.350156 0.092709 0.00864 0.00022 5e-06 0 0 0 0 0 0 0 0 0 0 0 0 0 
1 0.698346 0.345536 0.090118 0.008114 0.000246 9e-06 0 0 0 0 0 0 0 0 0 0 0 0 0 
1 0.701505 0.349288 0.092597 0.00895 0.000264 4e-06 0 0 0 0 0 0 0 0 0 0 0 0 0 
1 0.698768 0.344316 0.089164 0.008026 0.000237 4e-06 1e-06 0 0 0 0 0 0 0 0 0 0 0 0 
1 0.699813 0.346347 0.091352 0.008673 0.000224 6e-06 0 0 0 0 0 0 0 0 0 0 0 0 0 
1 0.698655 0.344576 0.090033 0.008317 0.000212 3e-06 0 0 0 0 0 0 0 0 0 0 0 0 0 
1 0.700389 0.349086 0.091971 0.008586 0.000262 4e-06 0 0 0 0 0 0 0 0 0 0 0 0 0 
1 0.702184 0.351615 0.09422 0.009094 0.000265 7e-06 0 0 0 0 0 0 0 0 0 0 0 0 0 
1 0.700961 0.349451 0.092613 0.008721 0.00023 2e-06 0 0 0 0 0 0 0 0 0 0 0 0 0 
1 0.699461 0.346736 0.091179 0.008368 0.00031 1.1e-05 0 0 0 0 0 0 0 0 0 0 0 0 0 
1 0.699222 0.346767 0.09039 0.008093 0.000217 4e-06 0 0 0 0 0 0 0 0 0 0 0 0 0 
1 0.698523 0.34441 0.089436 0.008112 0.000202 1e-06 0 0 0 0 0 0 0 0 0 0 0 0 0 
1 0.700333 0.347428 0.090775 0.008542 0.000292 1e-06 0 0 0 0 0 0 0 0 0 0 0 0 0 
1 0.698932 0.346381 0.090516 0.008534 0.000217 2e-06 0 0 0 0 0 0 0 0 0 0 0 0 0 
1 0.700445 0.346704 0.090306 0.007976 0.000235 5e-06 0 0 0 0 0 0 0 0 0 0 0 0 0 
1 0.699466 0.345622 0.09019 0.008238 0.000201 1e-06 0 0 0 0 0 0 0 0 0 0 0 0 0 
1 0.700717 0.348442 0.092406 0.008777 0.000223 2e-06 0 0 0 0 0 0 0 0 0 0 0 0 0 
1 0.700403 0.347727 0.092063 0.008842 0.000253 3e-06 0 0 0 0 0 0 0 0 0 0 0 0 0 
1 0.699311 0.347211 0.091503 0.008753 0.000223 2e-06 0 0 0 0 0 0 0 0 0 0 0 0 0 
1 0.700074 0.348128 0.091838 0.008494 0.000263 2e-06 0 0 0 0 0 0 0 0 0 0 0 0 0 
1 0.698689 0.345541 0.089873 0.008206 0.000228 2e-06 0 0 0 0 0 0 0 0 0 0 0 0 0 
1 0.699596 0.346285 0.090841 0.008589 0.000235 6e-06 0 0 0 0 0 0 0 0 0 0 0 0 0 
1 0.701596 0.348749 0.092019 0.008505 0.00025 2e-06 0 0 0 0 0 0 0 0 0 0 0 0 0 
1 0.700404 0.347408 0.090727 0.008274 0.000267 3e-06 0 0 0 0 0 0 0 0 0 0 0 0 0 
1 0.698644 0.345522 0.089834 0.008187 0.000222 1e-06 0 0 0 0 0 0 0 0 0 0 0 0 0 
1 0.700008 0.347674 0.091703 0.008613 0.000291 3e-06 0 0 0 0 0 0 0 0 0 0 0 0 0 
1 0.699762 0.347241 0.090818 0.008282 0.000188 2e-06 0 0 0 0 0 0 0 0 0 0 0 0 0 
1 0.703102 0.352158 0.093884 0.008798 0.000253 4e-06 0 0 0 0 0 0 0 0 0 0 0 0 0 
1 0.699599 0.345369 0.09016 0.008144 0.00024 8e-06 0 0 0 0 0 0 0 0 0 0 0 0 0 
1 0.699259 0.345968 0.09117 0.008819 0.000275 4e-06 3e-06 0 0 0 0 0 0 0 0 0 0 0 0 
1 0.699803 0.347031 0.091199 0.008504 0.000216 2e-06 0 0 0 0 0 0 0 0 0 0 0 0 0 
1 0.700675 0.348301 0.091884 0.008557 0.000259 5e-06 0 0 0 0 0 0 0 0 0 0 0 0 0 
1 0.699976 0.345865 0.091161 0.008344 0.000214 3e-06 0 0 0 0 0 0 0 0 0 0 0 0 0 
1 0.700542 0.347394 0.090913 0.008391 0.000241 4e-06 0 0 0 0 0 0 0 0 0 0 0 0 0 
1 0.700329 0.34771 0.091934 0.008511 0.000232 5e-06 0 0 0 0 0 0 0 0 0 0 0 0 0 
1 0.699852 0.347451 0.090759 0.008253 0.000232 0 0 0 0 0 0 0 0 0 0 0 0 0 0 
1 0.700031 0.347484 0.091147 0.008466 0.000217 5e-06 0 0 0 0 0 0 0 0 0 0 0 0 0 
1 0.698763 0.345005 0.089383 0.0081 0.000228 2e-06 2e-06 0 0 0 0 0 0 0 0 0 0 0 0 
1 0.699988 0.347519 0.091316 0.008456 0.000245 3e-06 0 0 0 0 0 0 0 0 0 0 0 0 0 
1 0.70012 0.346829 0.091334 0.008573 0.00022 4e-06 0 0 0 0 0 0 0 0 0 0 0 0 0 
1 0.699934 0.346456 0.090246 0.008131 0.000211 3e-06 0 0 0 0 0 0 0 0 0 0 0 0 0 
1 0.699613 0.346952 0.090552 0.008278 0.000215 0 0 0 0 0 0 0 0 0 0 0 0 0 0 
1 0.70146 0.348408 0.092126 0.00884 0.000231 4e-06 0 0 0 0 0 0 0 0 0 0 0 0 0 
1 0.701164 0.349455 0.092239 0.008771 0.000243 5e-06 0 0 0 0 0 0 0 0 0 0 0 0 0 
1 0.698745 0.346232 0.089621 0.008005 0.000199 1e-06 0 0 0 0 0 0 0 0 0 0 0 0 0 
1 0.69982 0.346719 0.091515 0.008434 0.00021 0 0 0 0 0 0 0 0 0 0 0 0 0 0 
1 0.701646 0.34977 0.093014 0.008735 0.000245 4e-06 0 0 0 0 0 0 0 0 0 0 0 0 0 
1 0.699853 0.346384 0.090538 0.008433 0.000247 4e-06 0 0 0 0 0 0 0 0 0 0 0 0 0 
1 0.699799 0.348039 0.091988 0.008669 0.00024 5e-06 0 0 0 0 0 0 0 0 0 0 0 0 0 
1 0.700496 0.348133 0.091728 0.00882 0.000254 2e-06 0 0 0 0 0 0 0 0 0 0 0 0 0 
1 0.700444 0.348069 0.091295 0.008477 0.000219 0 0 0 0 0 0 0 0 0 0 0 0 0 0 
1 0.699731 0.346092 0.089882 0.0084 0.00026 3e-06 0 0 0 0 0 0 0 0 0 0 0 0 0 
1 0.698133 0.34649 0.090723 0.008255 0.000245 4e-06 0 0 0 0 0 0 0 0 0 0 0 0 0 
1 0.698381 0.34513 0.089798 0.008041 0.000229 4e-06 0 0 0 0 0 0 0 0 0 0 0 0 0 
1 0.699591 0.346828 0.090236 0.008454 0.000227 2e-06 0 0 0 0 0 0 0 0 0 0 0 0 0 
1 0.70095 0.349303 0.092741 0.008731 0.000273 1e-06 0 0 0 0 0 0 0 0 0 0 0 0 0 
1 0.700599 0.348446 0.091241 0.008473 0.000219 3e-06 0 0 0 0 0 0 0 0 0 0 0 0 0 
1 0.699053 0.34545 0.090026 0.008241 0.000234 1e-06 0 0 0 0 0 0 0 0 0 0 0 0 0 
1 0.699517 0.346304 0.090983 0.008395 0.000202 5e-06 0 0 0 0 0 0 0 0 0 0 0 0 0 
1 0.700865 0.347838 0.091331 0.008272 0.000218 2e-06 0 0 0 0 0 0 0 0 0 0 0 0 0 
1 0.700121 0.347467 0.091343 0.008587 0.000225 1e-06 0 0 0 0 0 0 0 0 0 0 0 0 0 
1 0.69718 0.343601 0.088674 0.00806 0.000235 0 0 0 0 0 0 0 0 0 0 0 0 0 0 
1 0.701282 0.349016 0.092544 0.008734 0.000287 1e-06 0 0 0 0 0 0 0 0 0 0 0 0 0 
1 0.698939 0.346123 0.090988 0.008583 0.000243 3e-06 0 0 0 0 0 0 0 0 0 0 0 0 0 
1 0.699269 0.34752 0.091075 0.008459 0.000234 4e-06 0 0 0 0 0 0 0 0 0 0 0 0 0 
1 0.699755 0.346559 0.091032 0.008598 0.000245 2e-06 0 0 0 0 0 0 0 0 0 0 0 0 0 
1 0.700673 0.349099 0.09171 0.008517 0.00022 3e-06 0 0 0 0 0 0 0 0 0 0 0 0 0 
1 0.70083 0.348492 0.09115 0.008412 0.000247 5e-06 0 0 0 0 0 0 0 0 0 0 0 0 0 
1 0.700538 0.349463 0.093328 0.008871 0.000248 3e-06 0 0 0 0 0 0 0 0 0 0 0 0 0 
1 0.700606 0.348377 0.092116 0.008811 0.00027 7e-06 0 0 0 0 0 0 0 0 0 0 0 0 0 
1 0.698017 0.34359 0.089229 0.007846 0.000208 8e-06 0 0 0 0 0 0 0 0 0 0 0 0 0 
1 0.701489 0.350408 0.093589 0.009091 0.000277 5e-06 0 0 0 0 0 0 0 0 0 0 0 0 0 
1 0.701759 0.351376 0.094049 0.009023 0.000243 2e-06 0 0 0 0 0 0 0 0 0 0 0 0 0 
1 0.701444 0.350077 0.093004 0.00874 0.000256 4e-06 0 0 0 0 0 0 0 0 0 0 0 0 0 
1 0.698595 0.344284 0.089399 0.008023 0.000207 2e-06 0 0 0 0 0 0 0 0 0 0 0 0 0 
1 0.701676 0.348496 0.0924 0.008757 0.000235 5e-06 0 0 0 0 0 0 0 0 0 0 0 0 0 
1 0.699402 0.346449 0.091687 0.008651 0.000286 4e-06 0 0 0 0 0 0 0 0 0 0 0 0 0 
1 0.699679 0.346389 0.090703 0.008427 0.000261 1.1e-05 0 0 0 0 0 0 0 0 0 0 0 0 0 
1 0.700598 0.347434 0.090665 0.008382 0.000258 1e-05 1e-06 0 0 0 0 0 0 0 0 0 0 0 0 
1 0.699747 0.347444 0.091749 0.008583 0.000232 5e-06 0 0 0 0 0 0 0 0 0 0 0 0 0 
1 0.698703 0.344989 0.090225 0.008186 0.000206 3e-06 0 0 0 0 0 0 0 0 0 0 0 0 0 
1 0.698297 0.344733 0.089877 0.008337 0.000247 3e-06 0 0 0 0 0 0 0 0 0 0 0 0 0 
1 0.698214 0.344132 0.089337 0.008213 0.000215 4e-06 0 0 0 0 0 0 0 0 0 0 0 0 0 
1 0.701484 0.349064 0.092265 0.008584 0.000272 2e-06 0 0 0 0 0 0 0 0 0 0 0 0 0 
1 0.699961 0.347427 0.090932 0.008279 0.000284 0 0 0 0 0 0 0 0 0 0 0 0 0 0 
1 0.699356 0.346598 0.090794 0.008256 0.000228 4e-06 0 0 0 0 0 0 0 0 0 0 0 0 0 
1 0.700294 0.348107 0.092122 0.008877 0.000263 6e-06 0 0 0 0 0 0 0 0 0 0 0 0 0 
1 0.700617 0.347021 0.090127 0.00807 0.000246 3e-06 0 0 0 0 0 0 0 0 0 0 0 0 0 
1 0.701036 0.347811 0.091784 0.008511 0.000252 3e-06 0 0 0 0 0 0 0 0 0 0 0 0 0 
1 0.700168 0.34738 0.092109 0.008637 0.000304 3e-06 0 0 0 0 0 0 0 0 0 0 0 0 0 
1 0.702188 0.35052 0.093204 0.008772 0.000242 2e-06 0 0 0 0 0 0 0 0 0 0 0 0 0 
1 0.700562 0.347239 0.091406 0.008293 0.000218 2e-06 0 0 0 0 0 0 0 0 0 0 0 0 0 
1 0.700025 0.347568 0.091229 0.008628 0.00025 6e-06 0 0 0 0 0 0 0 0 0 0 0 0 0 
1 0.700819 0.349256 0.092839 0.008906 0.000241 1e-06 0 0 0 0 0 0 0 0 0 0 0 0 0 
1 0.699083 0.344382 0.088843 0.007778 0.000219 3e-06 0 0 0 0 0 0 0 0 0 0 0 0 0 
1 0.700465 0.349172 0.091949 0.008802 0.000254 5e-06 0 0 0 0 0 0 0 0 0 0 0 0 0 
1 0.699658 0.347061 0.091209 0.008457 0.000204 0 0 0 0 0 0 0 0 0 0 0 0 0 0 
1 0.699122 0.345764 0.089969 0.008261 0.000228 2e-06 0 0 0 0 0 0 0 0 0 0 0 0 0 
1 0.700622 0.348665 0.092803 0.008897 0.0003 6e-06 0 0 0 0 0 0 0 0 0 0 0 0 0 
1 0.699016 0.345735 0.090332 0.008285 0.000213 3e-06 0 0 0 0 0 0 0 0 0 0 0 0 0 
1 0.698944 0.345631 0.090183 0.008476 0.000243 7e-06 0 0 0 0 0 0 0 0 0 0 0 0 0 
1 0.699928 0.346606 0.08998 0.0082 0.000187 3e-06 0 0 0 0 0 0 0 0 0 0 0 0 0 
1 0.699002 0.346074 0.09046 0.008442 0.000273 5e-06 0 0 0 0 0 0 0 0 0 0 0 0 0 
1 0.700074 0.347548 0.091621 0.008301 0.000255 5e-06 1e-06 0 0 0 0 0 0 0 0 0 0 0 0 
1 0.700171 0.347355 0.090672 0.008319 0.000221 7e-06 0 0 0 0 0 0 0 0 0 0 0 0 0 
1 0.698795 0.34484 0.089747 0.008263 0.000239 4e-06 0 0 0 0 0 0 0 0 0 0 0 0 0 
1 0.699502 0.345868 0.090103 0.00835 0.000224 3e-06 0 0 0 0 0 0 0 0 0 0 0 0 0 
1 0.700824 0.348384 0.091674 0.008482 0.000244 5e-06 0 0 0 0 0 0 0 0 0 0 0 0 0 
1 0.699517 0.345817 0.090323 0.008262 0.00021 4e-06 0 0 0 0 0 0 0 0 0 0 0 0 0 
1 0.699801 0.347065 0.09084 0.008214 0.000234 5e-06 0 0 0 0 0 0 0 0 0 0 0 0 0 
1 0.700051 0.347868 0.091196 0.00834 0.000249 2e-06 0 0 0 0 0 0 0 0 0 0 0 0 0 
1 0.701838 0.350117 0.093075 0.008412 0.00023 4e-06 0 0 0 0 0 0 0 0 0 0 0 0 0 
1 0.699724 0.348501 0.09205 0.008568 0.000255 2e-06 0 0 0 0 0 0 0 0 0 0 0 0 0 
1 0.698964 0.344631 0.089647 0.00855 0.000232 2e-06 0 0 0 0 0 0 0 0 0 0 0 0 0 
1 0.700975 0.349108 0.091982 0.00853 0.000248 2e-06 0 0 0 0 0 0 0 0 0 0 0 0 0 
1 0.697515 0.343077 0.088703 0.008206 0.000211 1e-06 0 0 0 0 0 0 0 0 0 0 0 0 0 
1 0.699221 0.346284 0.090919 0.008219 0.000229 1.1e-05 0 0 0 0 0 0 0 0 0 0 0 0 0 
1 0.699661 0.345987 0.089687 0.008045 0.000185 0 0 0 0 0 0 0 0 0 0 0 0 0 0 
1 0.699211 0.346859 0.090848 0.008284 0.000241 4e-06 0 0 0 0 0 0 0 0 0 0 0 0 0 
1 0.70049 0.347373 0.091167 0.008558 0.000232 9e-06 0 0 0 0 0 0 0 0 0 0 0 0 0 
1 0.698573 0.345879 0.090279 0.0082 0.000237 1e-06 0 0 0 0 0 0 0 0 0 0 0 0 0 
1 0.7028 0.351736 0.09398 0.008848 0.000267 3e-06 0 0 0 0 0 0 0 0 0 0 0 0 0 
1 0.699117 0.347181 0.090822 0.008247 0.000226 4e-06 0 0 0 0 0 0 0 0 0 0 0 0 0 
1 0.700722 0.347742 0.091023 0.008214 0.00023 1e-06 0 0 0 0 0 0 0 0 0 0 0 0 0 
1 0.702111 0.351126 0.093644 0.009157 0.000254 3e-06 0 0 0 0 0 0 0 0 0 0 0 0 0 
1 0.700806 0.348516 0.091165 0.008423 0.000225 4e-06 0 0 0 0 0 0 0 0 0 0 0 0 0 
1 0.701232 0.349712 0.093381 0.008909 0.000235 5e-06 0 0 0 0 0 0 0 0 0 0 0 0 0 
1 0.697563 0.344363 0.089318 0.008123 0.000207 0 0 0 0 0 0 0 0 0 0 0 0 0 0 
1 0.698901 0.344955 0.089286 0.008188 0.000239 3e-06 0 0 0 0 0 0 0 0 0 0 0 0 0 
1 0.698917 0.345214 0.089624 0.008127 0.000212 2e-06 0 0 0 0 0 0 0 0 0 0 0 0 0 
1 0.701766 0.349234 0.092468 0.00863 0.000234 1e-05 0 0 0 0 0 0 0 0 0 0 0 0 0 
1 0.700342 0.347365 0.091372 0.008576 0.000234 7e-06 1e-06 0 0 0 0 0 0 0 0 0 0 0 0 
1 0.699568 0.34583 0.091142 0.008779 0.000256 3e-06 0 0 0 0 0 0 0 0 0 0 0 0 0 
1 0.701446 0.35054 0.09309 0.008674 0.000258 3e-06 0 0 0 0 0 0 0 0 0 0 0 0 0 
1 0.698901 0.34591 0.090472 0.008525 0.00023 1e-06 0 0 0 0 0 0 0 0 0 0 0 0 0 
1 0.699387 0.34782 0.091794 0.008575 0.000251 2e-06 0 0 0 0 0 0 0 0 0 0 0 0 0 
1 0.702054 0.351137 0.093385 0.009108 0.000246 3e-06 0 0 0 0 0 0 0 0 0 0 0 0 0 
1 0.699299 0.346428 0.090353 0.008081 0.000179 5e-06 0 0 0 0 0 0 0 0 0 0 0 0 0 
1 0.699287 0.34703 0.092554 0.008884 0.000282 3e-06 0 0 0 0 0 0 0 0 0 0 0 0 0 
1 0.70056 0.348679 0.092175 0.008654 0.000246 1e-06 0 0 0 0 0 0 0 0 0 0 0 0 0 
1 0.700416 0.347623 0.091193 0.008395 0.000238 5e-06 0 0 0 0 0 0 0 0 0 0 0 0 0 
1 0.699466 0.347304 0.091924 0.008933 0.000272 2e-06 0 0 0 0 0 0 0 0 0 0 0 0 0 
1 0.699953 0.347238 0.090704 0.008341 0.000252 0 0 0 0 0 0 0 0 0 0 0 0 0 0 
1 0.700929 0.349656 0.092707 0.008538 0.000253 2e-06 0 0 0 0 0 0 0 0 0 0 0 0 0 
1 0.699565 0.346556 0.089934 0.008135 0.000249 2e-06 0 0 0 0 0 0 0 0 0 0 0 0 0 
1 0.697631 0.343611 0.089747 0.008008 0.000194 0 0 0 0 0 0 0 0 0 0 0 0 0 0 
1 0.698061 0.344197 0.089399 0.008021 0.000258 1e-06 0 0 0 0 0 0 0 0 0 0 0 0 0 
1 0.698819 0.345441 0.089709 0.007947 0.000187 3e-06 0 0 0 0 0 0 0 0 0 0 0 0 0 
1 0.700577 0.348546 0.091774 0.008555 0.00024 0 0 0 0 0 0 0 0 0 0 0 0 0 0 
1 0.700816 0.347884 0.091657 0.008431 0.000228 2e-06 0 0 0 0 0 0 0 0 0 0 0 0 0 
1 0.702029 0.350066 0.093302 0.009202 0.000287 9e-06 0 0 0 0 0 0 0 0 0 0 0 0 0 
1 0.698804 0.346327 0.090715 0.008495 0.000227 6e-06 0 0 0 0 0 0 0 0 0 0 0 0 0 
1 0.700468 0.347123 0.091513 0.008516 0.000258 6e-06 0 0 0 0 0 0 0 0 0 0 0 0 0 
1 0.701637 0.349983 0.092324 0.008848 0.000219 3e-06 0 0 0 0 0 0 0 0 0 0 0 0 0 
1 0.698688 0.344224 0.08975 0.008263 0.000218 2e-06 0 0 0 0 0 0 0 0 0 0 0 0 0 
1 0.702596 0.351986 0.093613 0.008699 0.00024 8e-06 0 0 0 0 0 0 0 0 0 0 0 0 0 
1 0.702233 0.351343 0.093386 0.008887 0.000289 3e-06 0 0 0 0 0 0 0 0 0 0 0 0 0 
1 0.699851 0.346803 0.090505 0.008495 0.000252 3e-06 0 0 0 0 0 0 0 0 0 0 0 0 0 
1 0.698851 0.345948 0.09003 0.008243 0.000243 2e-06 0 0 0 0 0 0 0 0 0 0 0 0 0 
1 0.699317 0.34564 0.090405 0.008035 0.000196 4e-06 1e-06 0 0 0 0 0 0 0 0 0 0 0 0 
1 0.698599 0.344639 0.088445 0.008046 0.000246 5e-06 0 0 0 0 0 0 0 0 0 0 0 0 0 
1 0.700204 0.347978 0.091411 0.008798 0.000258 3e-06 0 0 0 0 0 0 0 0 0 0 0 0 0 
1 0.702043 0.349877 0.092834 0.008654 0.000242 0 0 0 0 0 0 0 0 0 0 0 0 0 0 
1 0.700346 0.348075 0.091771 0.008697 0.000231 4e-06 0 0 0 0 0 0 0 0 0 0 0 0 0 
1 0.699096 0.346999 0.090901 0.008479 0.000283 4e-06 0 0 0 0 0 0 0 0 0 0 0 0 0 
1 0.701079 0.348709 0.091985 0.008679 0.000231 2e-06 0 0 0 0 0 0 0 0 0 0 0 0 0 
1 0.699329 0.346924 0.091317 0.008444 0.000252 9e-06 0 0 0 0 0 0 0 0 0 0 0 0 0 
1 0.69977 0.347109 0.090726 0.008477 0.000209 9e-06 0 0 0 0 0 0 0 0 0 0 0 0 0 
1 0.701537 0.349737 0.092798 0.008932 0.000225 4e-06 0 0 0 0 0 0 0 0 0 0 0 0 0 
1 0.700454 0.347951 0.091619 0.008451 0.000245 4e-06 0 0 0 0 0 0 0 0 0 0 0 0 0 
1 0.701426 0.350096 0.093431 0.008666 0.000259 2e-06 0 0 0 0 0 0 0 0 0 0 0 0 0 
1 0.699168 0.346497 0.090227 0.008221 0.000241 3e-06 0 0 0 0 0 0 0 0 0 0 0 0 0 
1 0.698638 0.345186 0.089468 0.008176 0.000216 1e-06 0 0 0 0 0 0 0 0 0 0 0 0 0 
1 0.699721 0.346844 0.090497 0.008365 0.000229 4e-06 0 0 0 0 0 0 0 0 0 0 0 0 0 
1 0.699965 0.347883 0.091424 0.008578 0.000239 3e-06 0 0 0 0 0 0 0 0 0 0 0 0 0 
1 0.7004 0.347994 0.091678 0.008583 0.000255 3e-06 0 0 0 0 0 0 0 0 0 0 0 0 0 
1 0.700292 0.347529 0.091169 0.008395 0.000202 2e-06 0 0 0 0 0 0 0 0 0 0 0 0 0 
1 0.700305 0.348297 0.092392 0.008831 0.000271 2e-06 0 0 0 0 0 0 0 0 0 0 0 0 0 
1 0.70095 0.34926 0.092114 0.008749 0.000257 2e-06 0 0 0 0 0 0 0 0 0 0 0 0 0 
1 0.702216 0.350933 0.093206 0.008825 0.000219 1e-06 0 0 0 0 0 0 0 0 0 0 0 0 0 
1 0.700567 0.348524 0.091786 0.008481 0.000234 3e-06 0 0 0 0 0 0 0 0 0 0 0 0 0 
1 0.699604 0.346227 0.090414 0.008269 0.000239 2e-06 0 0 0 0 0 0 0 0 0 0 0 0 0 
1 0.700257 0.347171 0.090977 0.008545 0.00027 8e-06 0 0 0 0 0 0 0 0 0 0 0 0 0 
1 0.700561 0.34761 0.091256 0.008746 0.000243 1e-06 0 0 0 0 0 0 0 0 0 0 0 0 0 
1 0.700977 0.348997 0.092512 0.008981 0.000286 1e-06 0 0 0 0 0 0 0 0 0 0 0 0 0 
1 0.700199 0.347973 0.091765 0.008871 0.000237 3e-06 0 0 0 0 0 0 0 0 0 0 0 0 0 
1 0.698748 0.344621 0.088881 0.008172 0.000261 1e-05 0 0 0 0 0 0 0 0 0 0 0 0 0 
1 0.698267 0.345108 0.090217 0.008284 0.000231 1.3e-05 0 0 0 0 0 0 0 0 0 0 0 0 0 
1 0.698794 0.346195 0.090754 0.00852 0.00027 4e-06 0 0 0 0 0 0 0 0 0 0 0 0 0 
1 0.699853 0.348251 0.091946 0.008594 0.000247 3e-06 0 0 0 0 0 0 0 0 0 0 0 0 0 
1 0.699004 0.345639 0.090269 0.008556 0.000295 4e-06 0 0 0 0 0 0 0 0 0 0 0 0 0 
1 0.699693 0.347246 0.090867 0.008319 0.000249 3e-06 0 0 0 0 0 0 0 0 0 0 0 0 0 
1 0.699606 0.347152 0.091613 0.00856 0.000264 4e-06 0 0 0 0 0 0 0 0 0 0 0 0 0 
1 0.699816 0.348254 0.091126 0.008467 0.000247 1e-06 0 0 0 0 0 0 0 0 0 0 0 0 0 
1 0.698814 0.346181 0.090613 0.008436 0.000264 7e-06 0 0 0 0 0 0 0 0 0 0 0 0 0 
1 0.700805 0.348907 0.09233 0.00844 0.000198 0 0 0 0 0 0 0 0 0 0 0 0 0 0 
1 0.697203 0.344866 0.090252 0.008256 0.000215 4e-06 0 0 0 0 0 0 0 0 0 0 0 0 0 
1 0.699484 0.347043 0.091629 0.008681 0.000255 1e-06 0 0 0 0 0 0 0 0 0 0 0 0 0 
1 0.700541 0.348027 0.091706 0.008558 0.000295 1.2e-05 0 0 0 0 0 0 0 0 0 0 0 0 0 
1 0.701288 0.348434 0.091347 0.008456 0.000231 6e-06 0 0 0 0 0 0 0 0 0 0 0 0 0 
1 0.70049 0.348234 0.091618 0.008535 0.000239 2e-06 0 0 0 0 0 0 0 0 0 0 0 0 0 
1 0.699152 0.345685 0.090112 0.008226 0.000256 9e-06 0 0 0 0 0 0 0 0 0 0 0 0 0 
1 0.700206 0.347482 0.091334 0.008569 0.000265 1e-06 0 0 0 0 0 0 0 0 0 0 0 0 0 
1 0.698054 0.344421 0.089295 0.008072 0.000235 3e-06 0 0 0 0 0 0 0 0 0 0 0 0 0 
1 0.698636 0.344698 0.089102 0.00787 0.000212 2e-06 0 0 0 0 0 0 0 0 0 0 0 0 0 
1 0.701636 0.349236 0.092691 0.008895 0.000283 1e-06 0 0 0 0 0 0 0 0 0 0 0 0 0 
1 0.701135 0.349988 0.092356 0.008482 0.000214 1e-06 0 0 0 0 0 0 0 0 0 0 0 0 0 
1 0.698971 0.346235 0.090497 0.008339 0.000216 3e-06 0 0 0 0 0 0 0 0 0 0 0 0 0 
1 0.698943 0.345194 0.089514 0.008073 0.000232 6e-06 0 0 0 0 0 0 0 0 0 0 0 0 0 
1 0.700384 0.348687 0.092294 0.00873 0.00025 2e-06 0 0 0 0 0 0 0 0 0 0 0 0 0 
1 0.698842 0.346097 0.091421 0.008372 0.000259 3e-06 0 0 0 0 0 0 0 0 0 0 0 0 0 
1 0.700606 0.348339 0.091334 0.008521 0.000232 6e-06 0 0 0 0 0 0 0 0 0 0 0 0 0 
1 0.697981 0.344645 0.089728 0.008215 0.000244 0 0 0 0 0 0 0 0 0 0 0 0 0 0 
1 0.70021 0.348228 0.091925 0.008637 0.000252 9e-06 0 0 0 0 0 0 0 0 0 0 0 0 0 
1 0.698725 0.34478 0.089928 0.008138 0.000226 2e-06 0 0 0 0 0 0 0 0 0 0 0 0 0 
1 0.700733 0.347803 0.091168 0.008496 0.000225 7e-06 0 0 0 0 0 0 0 0 0 0 0 0 0 
1 0.700842 0.348808 0.092516 0.008999 0.000253 2e-06 0 0 0 0 0 0 0 0 0 0 0 0 0 
1 0.698649 0.345446 0.090338 0.008083 0.00022 3e-06 0 0 0 0 0 0 0 0 0 0 0 0 0 
1 0.698371 0.345674 0.090597 0.008599 0.000228 2e-06 0 0 0 0 0 0 0 0 0 0 0 0 0 
1 0.698359 0.346306 0.090672 0.00854 0.000232 6e-06 0 0 0 0 0 0 0 0 0 0 0 0 0 
1 0.699493 0.346626 0.091459 0.008744 0.000268 3e-06 0 0 0 0 0 0 0 0 0 0 0 0 0 
1 0.698896 0.346074 0.090181 0.00817 0.000226 1e-06 0 0 0 0 0 0 0 0 0 0 0 0 0 
1 0.699334 0.346478 0.090483 0.008273 0.000218 2e-06 0 0 0 0 0 0 0 0 0 0 0 0 0 
1 0.700919 0.349904 0.092913 0.008808 0.000266 1e-06 0 0 0 0 0 0 0 0 0 0 0 0 0 
1 0.701577 0.348554 0.092149 0.008735 0.000226 3e-06 0 0 0 0 0 0 0 0 0 0 0 0 0 
1 0.699493 0.345658 0.09004 0.008406 0.000218 2e-06 0 0 0 0 0 0 0 0 0 0 0 0 0 
1 0.70001 0.346913 0.091002 0.008484 0.0002 1e-06 0 0 0 0 0 0 0 0 0 0 0 0 0 
1 0.699054 0.345595 0.090529 0.008443 0.000269 0 0 0 0 0 0 0 0 0 0 0 0 0 0 
1 0.697956 0.344804 0.089726 0.008153 0.00023 2e-06 0 0 0 0 0 0 0 0 0 0 0 0 0 
1 0.701902 0.350105 0.092581 0.008586 0.000228 1e-06 0 0 0 0 0 0 0 0 0 0 0 0 0 
1 0.698766 0.345504 0.089978 0.008203 0.000232 0 0 0 0 0 0 0 0 0 0 0 0 0 0 
1 0.701442 0.34868 0.092138 0.008386 0.000239 1.1e-05 0 0 0 0 0 0 0 0 0 0 0 0 0 
1 0.699535 0.34635 0.091579 0.008628 0.000211 1e-06 0 0 0 0 0 0 0 0 0 0 0 0 0 
1 0.699708 0.34821 0.092233 0.008631 0.000233 1e-06 0 0 0 0 0 0 0 0 0 0 0 0 0 
1 0.700025 0.346984 0.090812 0.008151 0.000224 4e-06 0 0 0 0 0 0 0 0 0 0 0 0 0 
1 0.69936 0.345808 0.0904 0.008321 0.000204 2e-06 0 0 0 0 0 0 0 0 0 0 0 0 0 
1 0.700304 0.348499 0.092047 0.008774 0.000244 2e-06 0 0 0 0 0 0 0 0 0 0 0 0 0 
1 0.702795 0.35156 0.09404 0.009036 0.000303 2e-06 0 0 0 0 0 0 0 0 0 0 0 0 0 
1 0.700283 0.348112 0.091357 0.008552 0.000243 2e-06 0 0 0 0 0 0 0 0 0 0 0 0 0 
1 0.69969 0.346181 0.090078 0.008238 0.000218 2e-06 0 0 0 0 0 0 0 0 0 0 0 0 0 
1 0.698098 0.346424 0.091249 0.008595 0.000249 0 0 0 0 0 0 0 0 0 0 0 0 0 0 
1 0.697388 0.34349 0.089135 0.007957 0.000226 1e-06 0 0 0 0 0 0 0 0 0 0 0 0 0 
1 0.701179 0.35039 0.092826 0.008774 0.000249 6e-06 0 0 0 0 0 0 0 0 0 0 0 0 0 
1 0.697367 0.342188 0.087199 0.007762 0.000206 1e-06 0 0 0 0 0 0 0 0 0 0 0 0 0 
1 0.700125 0.348016 0.092012 0.008795 0.000255 7e-06 0 0 0 0 0 0 0 0 0 0 0 0 0 
1 0.699426 0.345517 0.089866 0.008286 0.00023 2e-06 0 0 0 0 0 0 0 0 0 0 0 0 0 
1 0.6982 0.344124 0.089439 0.008173 0.000241 4e-06 0 0 0 0 0 0 0 0 0 0 0 0 0 
1 0.700059 0.346962 0.091491 0.00866 0.000247 3e-06 0 0 0 0 0 0 0 0 0 0 0 0 0 
1 0.699653 0.346032 0.090378 0.008432 0.00027 6e-06 0 0 0 0 0 0 0 0 0 0 0 0 0 
1 0.70058 0.347546 0.091217 0.008555 0.000254 4e-06 0 0 0 0 0 0 0 0 0 0 0 0 0 
1 0.70064 0.347987 0.091803 0.008609 0.000236 2e-06 0 0 0 0 0 0 0 0 0 0 0 0 0 
1 0.699179 0.345612 0.09012 0.008305 0.000266 4e-06 0 0 0 0 0 0 0 0 0 0 0 0 0 
1 0.699793 0.346976 0.090931 0.008388 0.00022 5e-06 0 0 0 0 0 0 0 0 0 0 0 0 0 
1 0.700169 0.347285 0.091111 0.008532 0.00025 5e-06 0 0 0 0 0 0 0 0 0 0 0 0 0 
1 0.699162 0.344612 0.089227 0.008149 0.000245 4e-06 0 0 0 0 0 0 0 0 0 0 0 0 0 
1 0.69932 0.346352 0.090726 0.00852 0.000253 1.1e-05 0 0 0 0 0 0 0 0 0 0 0 0 0 
1 0.702061 0.350842 0.093708 0.008899 0.000254 2e-06 0 0 0 0 0 0 0 0 0 0 0 0 0 
1 0.699078 0.346818 0.091098 0.008522 0.000218 4e-06 0 0 0 0 0 0 0 0 0 0 0 0 0 
1 0.701148 0.348952 0.092515 0.008847 0.000254 8e-06 0 0 0 0 0 0 0 0 0 0 0 0 0 
1 0.699826 0.347822 0.091356 0.008536 0.00024 1e-06 0 0 0 0 0 0 0 0 0 0 0 0 0 
1 0.700299 0.347246 0.09155 0.008477 0.000226 3e-06 0 0 0 0 0 0 0 0 0 0 0 0 0 
1 0.701847 0.350788 0.092834 0.008941 0.000254 8e-06 1e-06 0 0 0 0 0 0 0 0 0 0 0 0 
1 0.697968 0.344129 0.088692 0.007778 0.00021 5e-06 0 0 0 0 0 0 0 0 0 0 0 0 0 
1 0.701279 0.348558 0.092045 0.008566 0.000237 5e-06 0 0 0 0 0 0 0 0 0 0 0 0 0 
1 0.699676 0.346572 0.090895 0.008497 0.000216 3e-06 0 0 0 0 0 0 0 0 0 0 0 0 0 
1 0.700081 0.348702 0.091748 0.008323 0.000216 1e-06 0 0 0 0 0 0 0 0 0 0 0 0 0 
1 0.699987 0.348103 0.091895 0.008635 0.000226 6e-06 0 0 0 0 0 0 0 0 0 0 0 0 0 
1 0.69992 0.346 0.090231 0.008334 0.000247 6e-06 0 0 0 0 0 0 0 0 0 0 0 0 0 
1 0.700304 0.349034 0.092677 0.008692 0.000247 6e-06 0 0 0 0 0 0 0 0 0 0 0 0 0 
1 0.699903 0.346319 0.090631 0.008417 0.00024 4e-06 0 0 0 0 0 0 0 0 0 0 0 0 0 
1 0.700762 0.347905 0.091187 0.008464 0.000252 2e-06 0 0 0 0 0 0 0 0 0 0 0 0 0 
1 0.699434 0.346298 0.090594 0.008393 0.000243 3e-06 0 0 0 0 0 0 0 0 0 0 0 0 0 
1 0.699185 0.346691 0.091729 0.00886 0.000282 4e-06 0 0 0 0 0 0 0 0 0 0 0 0 0 
1 0.700785 0.348529 0.092197 0.008844 0.000256 3e-06 0 0 0 0 0 0 0 0 0 0 0 0 0 
1 0.700699 0.34989 0.093093 0.009034 0.000248 1e-06 0 0 0 0 0 0 0 0 0 0 0 0 0 
1 0.698096 0.344709 0.090373 0.008676 0.000228 6e-06 0 0 0 0 0 0 0 0 0 0 0 0 0 
1 0.699108 0.346302 0.090472 0.008503 0.000282 3e-06 0 0 0 0 0 0 0 0 0 0 0 0 0 
1 0.701463 0.350101 0.092786 0.008859 0.000262 1e-06 0 0 0 0 0 0 0 0 0 0 0 0 0 
1 0.700378 0.348378 0.092494 0.008795 0.000236 3e-06 0 0 0 0 0 0 0 0 0 0 0 0 0 
1 0.70016 0.34731 0.090818 0.008287 0.00019 0 0 0 0 0 0 0 0 0 0 0 0 0 0 
1 0.698897 0.346202 0.090801 0.008403 0.000251 2e-06 0 0 0 0 0 0 0 0 0 0 0 0 0 
1 0.69927 0.345827 0.090577 0.008086 0.000206 1e-06 0 0 0 0 0 0 0 0 0 0 0 0 0 
1 0.698202 0.345532 0.089867 0.007976 0.000213 2e-06 0 0 0 0 0 0 0 0 0 0 0 0 0 
1 0.698969 0.346186 0.090512 0.008459 0.000245 0 0 0 0 0 0 0 0 0 0 0 0 0 0 
1 0.699569 0.346726 0.090775 0.008389 0.000219 3e-06 0 0 0 0 0 0 0 0 0 0 0 0 0 
1 0.700183 0.347807 0.091121 0.008327 0.000224 6e-06 0 0 0 0 0 0 0 0 0 0 0 0 0 
1 0.701459 0.349748 0.092636 0.008725 0.00023 0 0 0 0 0 0 0 0 0 0 0 0 0 0 
1 0.700311 0.347452 0.091536 0.00866 0.000223 3e-06 0 0 0 0 0 0 0 0 0 0 0 0 0 
1 0.69966 0.346649 0.089952 0.00816 0.00022 4e-06 0 0 0 0 0 0 0 0 0 0 0 0 0 
1 0.70027 0.347136 0.091306 0.008676 0.000228 3e-06 0 0 0 0 0 0 0 0 0 0 0 0 0 
1 0.700323 0.347563 0.091618 0.008414 0.000231 3e-06 0 0 0 0 0 0 0 0 0 0 0 0 0 
1 0.699528 0.345465 0.090713 0.008427 0.000265 3e-06 0 0 0 0 0 0 0 0 0 0 0 0 0 
1 0.700985 0.349584 0.092434 0.008349 0.000236 5e-06 0 0 0 0 0 0 0 0 0 0 0 0 0 
1 0.699472 0.346798 0.090673 0.008345 0.000238 6e-06 0 0 0 0 0 0 0 0 0 0 0 0 0 
1 0.70146 0.350111 0.092946 0.008756 0.000237 0 0 0 0 0 0 0 0 0 0 0 0 0 0 
1 0.698661 0.345944 0.090636 0.008217 0.000243 1.2e-05 0 0 0 0 0 0 0 0 0 0 0 0 0 
1 0.700669 0.34716 0.090968 0.008373 0.000216 6e-06 0 0 0 0 0 0 0 0 0 0 0 0 0 
1 0.699444 0.345805 0.090148 0.008194 0.00021 3e-06 0 0 0 0 0 0 0 0 0 0 0 0 0 
1 0.699968 0.348094 0.091538 0.008395 0.000235 4e-06 0 0 0 0 0 0 0 0 0 0 0 0 0 
1 0.700597 0.348065 0.091346 0.008706 0.000264 9e-06 1e-06 0 0 0 0 0 0 0 0 0 0 0 0 
1 0.701705 0.350266 0.093481 0.008875 0.000228 3e-06 0 0 0 0 0 0 0 0 0 0 0 0 0 
1 0.701667 0.348755 0.092596 0.008902 0.000286 2e-06 0 0 0 0 0 0 0 0 0 0 0 0 0 
1 0.700897 0.34869 0.091876 0.008237 0.000231 6e-06 0 0 0 0 0 0 0 0 0 0 0 0 0 
1 0.701156 0.348478 0.091502 0.008434 0.000246 5e-06 0 0 0 0 0 0 0 0 0 0 0 0 0 
1 0.69951 0.346697 0.089897 0.00822 0.000212 3e-06 0 0 0 0 0 0 0 0 0 0 0 0 0 
1 0.701153 0.34814 0.091318 0.008625 0.000241 5e-06 2e-06 0 0 0 0 0 0 0 0 0 0 0 0 
1 0.700443 0.34809 0.091318 0.008523 0.000259 4e-06 0 0 0 0 0 0 0 0 0 0 0 0 0 
1 0.700623 0.348415 0.091865 0.008462 0.000196 2e-06 0 0 0 0 0 0 0 0 0 0 0 0 0 
1 0.69979 0.347349 0.090972 0.008411 0.000247 2e-06 0 0 0 0 0 0 0 0 0 0 0 0 0 
1 0.697418 0.343314 0.088458 0.00785 0.000182 4e-06 0 0 0 0 0 0 0 0 0 0 0 0 0 
1 0.702804 0.351445 0.093495 0.009047 0.000244 2e-06 1e-06 0 0 0 0 0 0 0 0 0 0 0 0 
1 0.701909 0.350221 0.092864 0.008946 0.000265 4e-06 0 0 0 0 0 0 0 0 0 0 0 0 0 
1 0.699913 0.347386 0.090808 0.008303 0.000218 5e-06 0 0 0 0 0 0 0 0 0 0 0 0 0 
1 0.698378 0.344386 0.08907 0.007979 0.000223 1e-06 0 0 0 0 0 0 0 0 0 0 0 0 0 
1 0.699471 0.346003 0.090268 0.00843 0.000269 4e-06 0 0 0 0 0 0 0 0 0 0 0 0 0 
1 0.702133 0.350565 0.092717 0.008611 0.000256 3e-06 0 0 0 0 0 0 0 0 0 0 0 0 0 
1 0.6986 0.34399 0.089079 0.008279 0.000249 7e-06 0 0 0 0 0 0 0 0 0 0 0 0 0 
1 0.69913 0.345136 0.089981 0.008176 0.000211 1e-06 0 0 0 0 0 0 0 0 0 0 0 0 0 
1 0.70066 0.348439 0.091713 0.008512 0.000243 1e-06 0 0 0 0 0 0 0 0 0 0 0 0 0 
1 0.699362 0.345844 0.089699 0.008097 0.00023 1e-06 0 0 0 0 0 0 0 0 0 0 0 0 0 
1 0.699331 0.345578 0.089937 0.008041 0.000234 3e-06 0 0 0 0 0 0 0 0 0 0 0 0 0 
1 0.700948 0.349532 0.092114 0.008685 0.00025 4e-06 0 0 0 0 0 0 0 0 0 0 0 0 0 
1 0.70139 0.349072 0.091838 0.008779 0.000264 4e-06 0 0 0 0 0 0 0 0 0 0 0 0 0 
1 0.700356 0.347169 0.091308 0.008531 0.000254 6e-06 0 0 0 0 0 0 0 0 0 0 0 0 0 
1 0.699196 0.34582 0.090152 0.008343 0.00023 2e-06 0 0 0 0 0 0 0 0 0 0 0 0 0 
1 0.699329 0.3474 0.091519 0.00864 0.000247 8e-06 0 0 0 0 0 0 0 0 0 0 0 0 0 
1 0.701204 0.348634 0.092182 0.008455 0.000234 2e-06 0 0 0 0 0 0 0 0 0 0 0 0 0 
1 0.69901 0.347432 0.091227 0.008443 0.000247 3e-06 0 0 0 0 0 0 0 0 0 0 0 0 0 
1 0.701796 0.34958 0.091674 0.008492 0.000235 5e-06 0 0 0 0 0 0 0 0 0 0 0 0 0 
1 0.700212 0.347366 0.091097 0.008578 0.00025 2e-06 0 0 0 0 0 0 0 0 0 0 0 0 0 
1 0.700535 0.3475 0.091657 0.008524 0.000216 0 0 0 0 0 0 0 0 0 0 0 0 0 0 
1 0.698966 0.345871 0.090657 0.008512 0.000231 4e-06 0 0 0 0 0 0 0 0 0 0 0 0 0 
1 0.700692 0.347364 0.091493 0.00853 0.000226 1e-06 0 0 0 0 0 0 0 0 0 0 0 0 0 
1 0.698483 0.345191 0.089593 0.008276 0.000247 1e-06 0 0 0 0 0 0 0 0 0 0 0 0 0 
1 0.69948 0.346316 0.090688 0.008433 0.000249 8e-06 0 0 0 0 0 0 0 0 0 0 0 0 0 
1 0.700397 0.347234 0.091094 0.008366 0.000218 4e-06 0 0 0 0 0 0 0 0 0 0 0 0 0 
1 0.700847 0.347612 0.090816 0.008589 0.000252 5e-06 0 0 0 0 0 0 0 0 0 0 0 0 0 
1 0.700489 0.348236 0.091697 0.008409 0.000238 3e-06 0 0 0 0 0 0 0 0 0 0 0 0 0 
1 0.69916 0.346678 0.090883 0.008475 0.000221 1e-06 0 0 0 0 0 0 0 0 0 0 0 0 0 
1 0.699014 0.344952 0.089831 0.008293 0.000245 1e-06 0 0 0 0 0 0 0 0 0 0 0 0 0 
1 0.701725 0.35148 0.094291 0.009052 0.000262 3e-06 0 0 0 0 0 0 0 0 0 0 0 0 0 
1 0.700154 0.347419 0.090414 0.008216 0.000242 7e-06 0 0 0 0 0 0 0 0 0 0 0 0 0 
1 0.698299 0.344983 0.089433 0.008018 0.000201 3e-06 0 0 0 0 0 0 0 0 0 0 0 0 0 
1 0.701472 0.348862 0.092124 0.008803 0.000272 4e-06 0 0 0 0 0 0 0 0 0 0 0 0 0 
1 0.698783 0.344961 0.090094 0.008327 0.00026 4e-06 0 0 0 0 0 0 0 0 0 0 0 0 0 
1 0.700325 0.347579 0.091538 0.008295 0.000197 0 0 0 0 0 0 0 0 0 0 0 0 0 0 
1 0.699351 0.34653 0.091709 0.008561 0.000224 1e-06 0 0 0 0 0 0 0 0 0 0 0 0 0 
1 0.701088 0.349637 0.092954 0.008948 0.000289 6e-06 0 0 0 0 0 0 0 0 0 0 0 0 0 
1 0.69851 0.344313 0.088923 0.008024 0.000219 7e-06 0 0 0 0 0 0 0 0 0 0 0 0 0 
1 0.699948 0.348313 0.090704 0.008584 0.00024 3e-06 0 0 0 0 0 0 0 0 0 0 0 0 0 
1 0.698851 0.344748 0.089912 0.008122 0.000228 4e-06 0 0 0 0 0 0 0 0 0 0 0 0 0 
1 0.698832 0.344645 0.089747 0.00823 0.000214 1e-06 0 0 0 0 0 0 0 0 0 0 0 0 0 
1 0.69965 0.346555 0.09021 0.008373 0.000238 3e-06 0 0 0 0 0 0 0 0 0 0 0 0 0 
1 0.69981 0.346688 0.090626 0.008301 0.000196 1e-06 0 0 0 0 0 0 0 0 0 0 0 0 0 
1 0.700042 0.346221 0.090384 0.008271 0.000187 6e-06 0 0 0 0 0 0 0 0 0 0 0 0 0 
1 0.698306 0.344944 0.0896 0.007892 0.000221 1e-05 0 0 0 0 0 0 0 0 0 0 0 0 0 
1 0.698944 0.345409 0.090056 0.008493 0.000287 8e-06 0 0 0 0 0 0 0 0 0 0 0 0 0 
1 0.700777 0.348196 0.091693 0.008626 0.000238 1e-06 0 0 0 0 0 0 0 0 0 0 0 0 0 
1 0.699882 0.347183 0.091189 0.008405 0.000228 1e-06 0 0 0 0 0 0 0 0 0 0 0 0 0 
1 0.698114 0.344665 0.089901 0.008197 0.000222 2e-06 0 0 0 0 0 0 0 0 0 0 0 0 0 
1 0.699093 0.346101 0.090691 0.008441 0.000226 0 0 0 0 0 0 0 0 0 0 0 0 0 0 
1 0.700935 0.347302 0.090456 0.008448 0.000225 0 0 0 0 0 0 0 0 0 0 0 0 0 0 
1 0.698687 0.344801 0.089039 0.008006 0.000256 3e-06 0 0 0 0 0 0 0 0 0 0 0 0 0 
1 0.701965 0.350373 0.092761 0.00867 0.000266 2e-06 0 0 0 0 0 0 0 0 0 0 0 0 0 
1 0.699248 0.345929 0.089926 0.008296 0.000231 3e-06 0 0 0 0 0 0 0 0 0 0 0 0 0 
1 0.69894 0.345108 0.090388 0.008452 0.000273 1e-06 0 0 0 0 0 0 0 0 0 0 0 0 0 
1 0.699669 0.346857 0.090315 0.008122 0.000235 7e-06 1e-06 0 0 0 0 0 0 0 0 0 0 0 0 
1 0.699177 0.346898 0.090783 0.008276 0.000219 2e-06 0 0 0 0 0 0 0 0 0 0 0 0 0 
1 0.697265 0.341942 0.088402 0.008203 0.000244 2e-06 0 0 0 0 0 0 0 0 0 0 0 0 0 
1 0.6994 0.345642 0.090492 0.008373 0.000208 4e-06 0 0 0 0 0 0 0 0 0 0 0 0 0 
1 0.700703 0.349995 0.093041 0.008697 0.000248 2e-06 0 0 0 0 0 0 0 0 0 0 0 0 0 
1 0.699423 0.345826 0.091053 0.008435 0.000244 7e-06 0 0 0 0 0 0 0 0 0 0 0 0 0 
1 0.700618 0.347585 0.090741 0.00847 0.000241 1e-06 0 0 0 0 0 0 0 0 0 0 0 0 0 
1 0.699206 0.345976 0.090758 0.008608 0.000257 0 0 0 0 0 0 0 0 0 0 0 0 0 0 
1 0.70112 0.348436 0.091488 0.008217 0.00027 1.2e-05 3e-06 0 0 0 0 0 0 0 0 0 0 0 0 
1 0.701069 0.34828 0.091771 0.008519 0.000249 6e-06 0 0 0 0 0 0 0 0 0 0 0 0 0 
1 0.700174 0.347418 0.090955 0.008475 0.000275 1.2e-05 0 0 0 0 0 0 0 0 0 0 0 0 0 
1 0.700179 0.347862 0.091596 0.0084 0.000227 4e-06 0 0 0 0 0 0 0 0 0 0 0 0 0 
1 0.700184 0.345935 0.090245 0.008324 0.00025 2e-06 0 0 0 0 0 0 0 0 0 0 0 0 0 
1 0.701641 0.349855 0.092688 0.008702 0.000265 8e-06 0 0 0 0 0 0 0 0 0 0 0 0 0 
1 0.698245 0.345621 0.090725 0.008405 0.000212 1e-06 0 0 0 0 0 0 0 0 0 0 0 0 0 
1 0.698517 0.346362 0.09051 0.008172 0.000227 3e-06 0 0 0 0 0 0 0 0 0 0 0 0 0 
1 0.700269 0.347539 0.091765 0.008659 0.000217 4e-06 0 0 0 0 0 0 0 0 0 0 0 0 0 
1 0.697941 0.344658 0.089254 0.008175 0.000211 2e-06 0 0 0 0 0 0 0 0 0 0 0 0 0 
1 0.69954 0.346927 0.090055 0.008313 0.000218 4e-06 0 0 0 0 0 0 0 0 0 0 0 0 0 
1 0.700859 0.34763 0.09149 0.008765 0.000292 2e-06 0 0 0 0 0 0 0 0 0 0 0 0 0 
1 0.699031 0.346773 0.091084 0.008662 0.000224 0 0 0 0 0 0 0 0 0 0 0 0 0 0 
1 0.699299 0.346062 0.090231 0.008239 0.000212 2e-06 0 0 0 0 0 0 0 0 0 0 0 0 0 
1 0.700533 0.348406 0.092036 0.008736 0.00026 5e-06 0 0 0 0 0 0 0 0 0 0 0 0 0 
1 0.699445 0.347265 0.09047 0.008273 0.000243 3e-06 0 0 0 0 0 0 0 0 0 0 0 0 0 
1 0.699778 0.347422 0.09076 0.008136 0.000199 3e-06 0 0 0 0 0 0 0 0 0 0 0 0 0 
1 0.701255 0.349469 0.092646 0.00889 0.000299 3e-06 0 0 0 0 0 0 0 0 0 0 0 0 0 
1 0.698163 0.345589 0.089465 0.00817 0.000261 3e-06 0 0 0 0 0 0 0 0 0 0 0 0 0 
1 0.69884 0.345596 0.089696 0.008207 0.000205 4e-06 0 0 0 0 0 0 0 0 0 0 0 0 0 
1 0.700375 0.347944 0.091627 0.008573 0.000243 3e-06 0 0 0 0 0 0 0 0 0 0 0 0 0 
1 0.700451 0.347065 0.091272 0.008399 0.000218 2e-06 0 0 0 0 0 0 0 0 0 0 0 0 0 
1 0.700334 0.347821 0.091163 0.008626 0.000245 7e-06 0 0 0 0 0 0 0 0 0 0 0 0 0 
1 0.699351 0.348032 0.092164 0.008519 0.000182 4e-06 0 0 0 0 0 0 0 0 0 0 0 0 0 
1 0.69993 0.347795 0.092213 0.008887 0.000275 2e-06 0 0 0 0 0 0 0 0 0 0 0 0 0 
1 0.699877 0.346051 0.090196 0.00847 0.000257 6e-06 0 0 0 0 0 0 0 0 0 0 0 0 0 
1 0.701233 0.349064 0.09198 0.008411 0.000217 3e-06 0 0 0 0 0 0 0 0 0 0 0 0 0 
1 0.700977 0.348168 0.090853 0.008387 0.000177 0 0 0 0 0 0 0 0 0 0 0 0 0 0 
1 0.70085 0.348371 0.091669 0.008471 0.000222 1e-06 0 0 0 0 0 0 0 0 0 0 0 0 0 
1 0.701 0.347821 0.091926 0.008826 0.000276 5e-06 0 0 0 0 0 0 0 0 0 0 0 0 0 
1 0.697896 0.343467 0.088958 0.00813 0.000227 2e-06 0 0 0 0 0 0 0 0 0 0 0 0 0 
1 0.701183 0.347706 0.090948 0.008353 0.000214 2e-06 0 0 0 0 0 0 0 0 0 0 0 0 0 
1 0.700095 0.348146 0.091296 0.00821 0.000232 7e-06 0 0 0 0 0 0 0 0 0 0 0 0 0 
1 0.699783 0.347448 0.091162 0.008297 0.000246 7e-06 0 0 0 0 0 0 0 0 0 0 0 0 0 
1 0.701524 0.348798 0.091246 0.008234 0.00021 4e-06 0 0 0 0 0 0 0 0 0 0 0 0 0 
1 0.699516 0.346621 0.090755 0.008387 0.000205 5e-06 0 0 0 0 0 0 0 0 0 0 0 0 0 
1 0.70275 0.351582 0.094044 0.008926 0.000299 1e-06 0 0 0 0 0 0 0 0 0 0 0 0 0 
1 0.698284 0.34617 0.090665 0.008404 0.000239 8e-06 0 0 0 0 0 0 0 0 0 0 0 0 0 
1 0.700994 0.348987 0.091893 0.008633 0.000246 2e-06 0 0 0 0 0 0 0 0 0 0 0 0 0 
1 0.699797 0.346782 0.090547 0.008338 0.000244 3e-06 0 0 0 0 0 0 0 0 0 0 0 0 0 
1 0.700331 0.348363 0.091478 0.008481 0.000259 8e-06 0 0 0 0 0 0 0 0 0 0 0 0 0 
1 0.700843 0.347734 0.091 0.008444 0.000242 5e-06 0 0 0 0 0 0 0 0 0 0 0 0 0 
1 0.70016 0.347574 0.091006 0.008576 0.000265 5e-06 0 0 0 0 0 0 0 0 0 0 0 0 0 
1 0.700437 0.348294 0.091545 0.008446 0.000242 2e-06 0 0 0 0 0 0 0 0 0 0 0 0 0 
1 0.700613 0.347485 0.091606 0.008343 0.000244 4e-06 0 0 0 0 0 0 0 0 0 0 0 0 0 
1 0.698841 0.346321 0.090704 0.008695 0.000258 1.3e-05 0 0 0 0 0 0 0 0 0 0 0 0 0 
1 0.698626 0.346236 0.090529 0.008345 0.000209 2e-06 0 0 0 0 0 0 0 0 0 0 0 0 0 
1 0.699912 0.347881 0.091831 0.008503 0.000247 6e-06 0 0 0 0 0 0 0 0 0 0 0 0 0 
1 0.700874 0.348745 0.091765 0.008305 0.000228 2e-06 0 0 0 0 0 0 0 0 0 0 0 0 0 
1 0.699362 0.34545 0.089273 0.008281 0.000247 8e-06 0 0 0 0 0 0 0 0 0 0 0 0 0 
1 0.699802 0.346568 0.0904 0.008221 0.000224 3e-06 0 0 0 0 0 0 0 0 0 0 0 0 0 
1 0.701066 0.349188 0.091555 0.008191 0.000233 0 0 0 0 0 0 0 0 0 0 0 0 0 0 
1 0.698989 0.34404 0.089484 0.008074 0.000224 3e-06 0 0 0 0 0 0 0 0 0 0 0 0 0 
1 0.699034 0.346098 0.090763 0.008471 0.000187 1e-06 0 0 0 0 0 0 0 0 0 0 0 0 0 
1 0.699137 0.34582 0.089714 0.008201 0.000213 2e-06 0 0 0 0 0 0 0 0 0 0 0 0 0 
1 0.700696 0.349103 0.091869 0.008553 0.000243 2e-06 0 0 0 0 0 0 0 0 0 0 0 0 0 
1 0.698698 0.345946 0.090164 0.008199 0.000241 3e-06 0 0 0 0 0 0 0 0 0 0 0 0 0 
1 0.69946 0.346831 0.090389 0.00835 0.000225 1e-06 0 0 0 0 0 0 0 0 0 0 0 0 0 
1 0.703537 0.351944 0.093441 0.008821 0.000213 0 0 0 0 0 0 0 0 0 0 0 0 0 0 
1 0.699889 0.347642 0.091691 0.008571 0.000237 0 0 0 0 0 0 0 0 0 0 0 0 0 0 
1 0.700099 0.34582 0.089814 0.00843 0.000227 1e-06 0 0 0 0 0 0 0 0 0 0 0 0 0 
1 0.699705 0.34659 0.090511 0.008423 0.00022 2e-06 0 0 0 0 0 0 0 0 0 0 0 0 0 
1 0.699021 0.345063 0.089959 0.008259 0.00027 1.3e-05 0 0 0 0 0 0 0 0 0 0 0 0 0 
1 0.698617 0.344725 0.089708 0.008303 0.000255 5e-06 0 0 0 0 0 0 0 0 0 0 0 0 0 
1 0.701128 0.348437 0.092719 0.008847 0.000279 4e-06 0 0 0 0 0 0 0 0 0 0 0 0 0 
1 0.701351 0.34757 0.091609 0.008418 0.000212 2e-06 0 0 0 0 0 0 0 0 0 0 0 0 0 
1 0.699845 0.347993 0.091901 0.008568 0.000211 4e-06 0 0 0 0 0 0 0 0 0 0 0 0 0 
1 0.699495 0.345519 0.090369 0.008485 0.000262 1e-06 0 0 0 0 0 0 0 0 0 0 0 0 0 
1 0.701057 0.349058 0.091945 0.008556 0.000243 0 0 0 0 0 0 0 0 0 0 0 0 0 0 
1 0.700115 0.347012 0.090784 0.008374 0.000263 4e-06 0 0 0 0 0 0 0 0 0 0 0 0 0 
1 0.701044 0.348686 0.09094 0.008651 0.000219 2e-06 0 0 0 0 0 0 0 0 0 0 0 0 0 
1 0.701853 0.348938 0.09151 0.008593 0.000206 3e-06 0 0 0 0 0 0 0 0 0 0 0 0 0 
1 0.702286 0.349589 0.092223 0.008397 0.000232 1.1e-05 0 0 0 0 0 0 0 0 0 0 0 0 0 
1 0.70064 0.349755 0.09307 0.009083 0.000284 5e-06 0 0 0 0 0 0 0 0 0 0 0 0 0 
1 0.699564 0.347543 0.090577 0.008244 0.000236 5e-06 0 0 0 0 0 0 0 0 0 0 0 0 0 
1 0.698795 0.345901 0.090231 0.008087 0.000236 2e-06 0 0 0 0 0 0 0 0 0 0 0 0 0 
1 0.69996 0.347767 0.091959 0.008917 0.000298 5e-06 0 0 0 0 0 0 0 0 0 0 0 0 0 
1 0.700872 0.348639 0.091553 0.008555 0.000214 3e-06 0 0 0 0 0 0 0 0 0 0 0 0 0 
1 0.69973 0.346562 0.091608 0.008471 0.000228 1e-06 0 0 0 0 0 0 0 0 0 0 0 0 0 
1 0.699874 0.347853 0.091796 0.00866 0.000249 1e-06 0 0 0 0 0 0 0 0 0 0 0 0 0 
1 0.700487 0.347178 0.090543 0.008556 0.00025 4e-06 0 0 0 0 0 0 0 0 0 0 0 0 0 
1 0.699755 0.34578 0.090549 0.008469 0.000212 2e-06 0 0 0 0 0 0 0 0 0 0 0 0 0 
1 0.698266 0.344613 0.089769 0.008106 0.000259 1.1e-05 3e-06 1e-06 0 0 0 0 0 0 0 0 0 0 0 
1 0.697254 0.343913 0.088935 0.00809 0.000191 1e-06 0 0 0 0 0 0 0 0 0 0 0 0 0 
1 0.7009 0.347973 0.09115 0.008315 0.000202 1e-06 0 0 0 0 0 0 0 0 0 0 0 0 0 
1 0.701713 0.349106 0.092022 0.008531 0.000264 2e-06 0 0 0 0 0 0 0 0 0 0 0 0 0 
1 0.699426 0.346332 0.090511 0.008336 0.000229 0 0 0 0 0 0 0 0 0 0 0 0 0 0 
1 0.700599 0.347804 0.091838 0.008631 0.000207 4e-06 0 0 0 0 0 0 0 0 0 0 0 0 0 
1 0.697716 0.343609 0.088673 0.008088 0.000199 3e-06 0 0 0 0 0 0 0 0 0 0 0 0 0 
1 0.697152 0.344084 0.089235 0.008224 0.000219 3e-06 0 0 0 0 0 0 0 0 0 0 0 0 0 
1 0.701043 0.349606 0.091771 0.008531 0.00027 6e-06 0 0 0 0 0 0 0 0 0 0 0 0 0 
1 0.701122 0.347803 0.090841 0.008011 0.000209 4e-06 0 0 0 0 0 0 0 0 0 0 0 0 0 
1 0.701081 0.348288 0.091157 0.008545 0.000242 9e-06 0 0 0 0 0 0 0 0 0 0 0 0 0 
1 0.700729 0.348198 0.09137 0.008296 0.000232 4e-06 0 0 0 0 0 0 0 0 0 0 0 0 0 
1 0.699763 0.346142 0.090414 0.008257 0.000216 2e-06 0 0 0 0 0 0 0 0 0 0 0 0 0 
1 0.699404 0.346652 0.091044 0.008332 0.000225 2e-06 0 0 0 0 0 0 0 0 0 0 0 0 0 
1 0.699518 0.345921 0.090512 0.008234 0.000205 4e-06 0 0 0 0 0 0 0 0 0 0 0 0 0 
1 0.700235 0.348889 0.092444 0.00868 0.00024 5e-06 0 0 0 0 0 0 0 0 0 0 0 0 0 
1 0.699722 0.347577 0.091739 0.008655 0.00024 4e-06 0 0 0 0 0 0 0 0 0 0 0 0 0 
1 0.700212 0.346701 0.091012 0.008284 0.000234 3e-06 0 0 0 0 0 0 0 0 0 0 0 0 0 
1 0.700673 0.348691 0.092037 0.008382 0.000272 2e-06 0 0 0 0 0 0 0 0 0 0 0 0 0 
1 0.699508 0.346167 0.090583 0.00862 0.000265 3e-06 0 0 0 0 0 0 0 0 0 0 0 0 0 
1 0.701212 0.348879 0.092135 0.008605 0.000209 1e-06 0 0 0 0 0 0 0 0 0 0 0 0 0 
1 0.701762 0.35023 0.092755 0.008792 0.000263 3e-06 0 0 0 0 0 0 0 0 0 0 0 0 0 
1 0.700155 0.348129 0.091739 0.008288 0.00023 2e-06 0 0 0 0 0 0 0 0 0 0 0 0 0 
1 0.699111 0.345288 0.090392 0.008214 0.000237 1.1e-05 0 0 0 0 0 0 0 0 0 0 0 0 0 
1 0.69981 0.347411 0.091999 0.008859 0.00027 3e-06 0 0 0 0 0 0 0 0 0 0 0 0 0 
1 0.700971 0.346993 0.091254 0.008327 0.000218 3e-06 0 0 0 0 0 0 0 0 0 0 0 0 0 
1 0.700669 0.34875 0.092472 0.008462 0.00023 3e-06 0 0 0 0 0 0 0 0 0 0 0 0 0 
1 0.700728 0.348738 0.092275 0.008678 0.000274 4e-06 0 0 0 0 0 0 0 0 0 0 0 0 0 
1 0.700189 0.347622 0.09145 0.008453 0.000262 4e-06 0 0 0 0 0 0 0 0 0 0 0 0 0 
1 0.700358 0.34721 0.090958 0.008755 0.000248 1.2e-05 0 0 0 0 0 0 0 0 0 0 0 0 0 
1 0.700581 0.348347 0.091257 0.008514 0.000246 2e-06 0 0 0 0 0 0 0 0 0 0 0 0 0 
1 0.699328 0.347167 0.0912 0.008718 0.000208 1e-06 0 0 0 0 0 0 0 0 0 0 0 0 0 
1 0.700782 0.34763 0.091673 0.008464 0.000253 7e-06 0 0 0 0 0 0 0 0 0 0 0 0 0 
1 0.701237 0.34808 0.091798 0.008881 0.000265 1e-05 0 0 0 0 0 0 0 0 0 0 0 0 0 
1 0.702435 0.350199 0.092777 0.008705 0.000236 5e-06 0 0 0 0 0 0 0 0 0 0 0 0 0 
1 0.700038 0.347855 0.091032 0.008172 0.000194 2e-06 0 0 0 0 0 0 0 0 0 0 0 0 0 
1 0.700196 0.347062 0.091037 0.008477 0.000236 5e-06 0 0 0 0 0 0 0 0 0 0 0 0 0 
1 0.699471 0.346068 0.091636 0.008435 0.000287 4e-06 0 0 0 0 0 0 0 0 0 0 0 0 0 
1 0.699868 0.347876 0.092234 0.008723 0.000279 4e-06 1e-06 0 0 0 0 0 0 0 0 0 0 0 0 
1 0.698489 0.344897 0.089826 0.00825 0.00027 0 0 0 0 0 0 0 0 0 0 0 0 0 0 
1 0.701741 0.350166 0.092673 0.008616 0.000237 1e-06 0 0 0 0 0 0 0 0 0 0 0 0 0 
1 0.698451 0.345267 0.090092 0.008216 0.000218 0 0 0 0 0 0 0 0 0 0 0 0 0 0 
1 0.699119 0.346008 0.089574 0.008078 0.000237 1e-06 0 0 0 0 0 0 0 0 0 0 0 0 0 
1 0.699717 0.346737 0.091083 0.008507 0.000212 2e-06 0 0 0 0 0 0 0 0 0 0 0 0 0 
1 0.700045 0.348397 0.091322 0.008373 0.000244 7e-06 0 0 0 0 0 0 0 0 0 0 0 0 0 
1 0.698153 0.344827 0.089773 0.008304 0.000222 2e-06 0 0 0 0 0 0 0 0 0 0 0 0 0 
1 0.700438 0.348232 0.091683 0.008668 0.000272 7e-06 0 0 0 0 0 0 0 0 0 0 0 0 0 
1 0.698435 0.3456 0.090537 0.008489 0.000296 6e-06 0 0 0 0 0 0 0 0 0 0 0 0 0 
1 0.700299 0.348573 0.093108 0.009003 0.000282 0 0 0 0 0 0 0 0 0 0 0 0 0 0 
1 0.703071 0.352409 0.094575 0.00913 0.000276 3e-06 1e-06 0 0 0 0 0 0 0 0 0 0 0 0 
1 0.701341 0.349026 0.091953 0.00865 0.000248 1e-06 0 0 0 0 0 0 0 0 0 0 0 0 0 
1 0.699727 0.345971 0.090558 0.008352 0.000222 1e-06 0 0 0 0 0 0 0 0 0 0 0 0 0 
1 0.69996 0.346598 0.090793 0.008381 0.000225 1e-06 0 0 0 0 0 0 0 0 0 0 0 0 0 
1 0.699915 0.346418 0.091007 0.008348 0.000237 4e-06 0 0 0 0 0 0 0 0 0 0 0 0 0 
1 0.699001 0.346236 0.089758 0.008141 0.000208 3e-06 0 0 0 0 0 0 0 0 0 0 0 0 0 
1 0.700547 0.346841 0.090923 0.008396 0.000244 9e-06 0 0 0 0 0 0 0 0 0 0 0 0 0 
1 0.699732 0.347319 0.09078 0.00845 0.000229 3e-06 0 0 0 0 0 0 0 0 0 0 0 0 0 
1 0.701183 0.349612 0.092224 0.008659 0.000296 8e-06 0 0 0 0 0 0 0 0 0 0 0 0 0 
1 0.699035 0.346565 0.09058 0.008415 0.00022 3e-06 0 0 0 0 0 0 0 0 0 0 0 0 0 
1 0.698893 0.347148 0.09135 0.008468 0.00025 7e-06 0 0 0 0 0 0 0 0 0 0 0 0 0 
1 0.699833 0.348204 0.092381 0.008722 0.000267 4e-06 0 0 0 0 0 0 0 0 0 0 0 0 0 
1 0.701233 0.348834 0.092387 0.008485 0.000225 2e-06 0 0 0 0 0 0 0 0 0 0 0 0 0 
1 0.700872 0.349085 0.092947 0.008691 0.000267 1.8e-05 0 0 0 0 0 0 0 0 0 0 0 0 0 
1 0.699175 0.346226 0.09066 0.008397 0.000266 7e-06 0 0 0 0 0 0 0 0 0 0 0 0 0 
1 0.700057 0.34704 0.091186 0.008618 0.000224 4e-06 0 0 0 0 0 0 0 0 0 0 0 0 0 
1 0.698941 0.34582 0.090483 0.008536 0.00024 2e-06 0 0 0 0 0 0 0 0 0 0 0 0 0 
1 0.699761 0.348386 0.091168 0.008349 0.000208 4e-06 0 0 0 0 0 0 0 0 0 0 0 0 0 
1 0.700138 0.347375 0.09115 0.008022 0.000207 5e-06 0 0 0 0 0 0 0 0 0 0 0 0 0 
1 0.698024 0.34516 0.089966 0.008263 0.000207 0 0 0 0 0 0 0 0 0 0 0 0 0 0 
1 0.698347 0.34487 0.089572 0.008246 0.000231 1e-06 0 0 0 0 0 0 0 0 0 0 0 0 0 
1 0.698199 0.344995 0.090064 0.008234 0.000229 3e-06 0 0 0 0 0 0 0 0 0 0 0 0 0 
1 0.699168 0.346654 0.089902 0.008042 0.000184 0 0 0 0 0 0 0 0 0 0 0 0 0 0 
1 0.699598 0.346389 0.090968 0.008443 0.000208 4e-06 0 0 0 0 0 0 0 0 0 0 0 0 0 
1 0.699049 0.346087 0.089843 0.008053 0.000199 3e-06 0 0 0 0 0 0 0 0 0 0 0 0 0 
1 0.699433 0.346803 0.090844 0.008442 0.000255 7e-06 0 0 0 0 0 0 0 0 0 0 0 0 0 
1 0.699255 0.346421 0.090634 0.008632 0.000263 2e-06 0 0 0 0 0 0 0 0 0 0 0 0 0 
1 0.69853 0.345402 0.090378 0.008369 0.000266 9e-06 0 0 0 0 0 0 0 0 0 0 0 0 0 
1 0.699929 0.346915 0.090916 0.008358 0.000236 7e-06 0 0 0 0 0 0 0 0 0 0 0 0 0 
1 0.702499 0.350811 0.092813 0.008885 0.000275 3e-06 0 0 0 0 0 0 0 0 0 0 0 0 0 
1 0.70075 0.348382 0.091691 0.008569 0.000253 2e-06 0 0 0 0 0 0 0 0 0 0 0 0 0 
1 0.698419 0.345024 0.08948 0.008023 0.000218 2e-06 0 0 0 0 0 0 0 0 0 0 0 0 0 
1 0.699743 0.347107 0.091474 0.00843 0.000211 3e-06 0 0 0 0 0 0 0 0 0 0 0 0 0 
1 0.701208 0.349918 0.092511 0.008557 0.00027 6e-06 0 0 0 0 0 0 0 0 0 0 0 0 0 
1 0.700286 0.347991 0.091943 0.008594 0.000233 2e-06 0 0 0 0 0 0 0 0 0 0 0 0 0 
1 0.700202 0.348359 0.091576 0.008575 0.000298 9e-06 0 0 0 0 0 0 0 0 0 0 0 0 0 
1 0.701453 0.348897 0.092561 0.008819 0.000262 2e-06 0 0 0 0 0 0 0 0 0 0 0 0 0 
1 0.700707 0.348683 0.091966 0.008531 0.000236 3e-06 0 0 0 0 0 0 0 0 0 0 0 0 0 
1 0.69971 0.347265 0.091092 0.008398 0.000247 5e-06 0 0 0 0 0 0 0 0 0 0 0 0 0 
1 0.698953 0.346599 0.091027 0.008411 0.000214 0 0 0 0 0 0 0 0 0 0 0 0 0 0 
1 0.699863 0.348766 0.092681 0.00868 0.000267 3e-06 0 0 0 0 0 0 0 0 0 0 0 0 0 
1 0.699826 0.347692 0.092168 0.008804 0.000239 6e-06 0 0 0 0 0 0 0 0 0 0 0 0 0 
1 0.701683 0.350786 0.093803 0.008949 0.000256 9e-06 0 0 0 0 0 0 0 0 0 0 0 0 0 
1 0.699817 0.346238 0.089899 0.008298 0.000242 2e-06 0 0 0 0 0 0 0 0 0 0 0 0 0 
1 0.700386 0.347926 0.091315 0.008449 0.000218 2e-06 0 0 0 0 0 0 0 0 0 0 0 0 0 
1 0.700046 0.347944 0.091783 0.00877 0.000212 3e-06 0 0 0 0 0 0 0 0 0 0 0 0 0 
1 0.698662 0.346689 0.091174 0.008455 0.000222 3e-06 0 0 0 0 0 0 0 0 0 0 0 0 0 
1 0.69924 0.347186 0.091221 0.008515 0.000227 1e-06 0 0 0 0 0 0 0 0 0 0 0 0 0 
1 0.698593 0.345239 0.090294 0.008331 0.00024 2e-06 0 0 0 0 0 0 0 0 0 0 0 0 0 
1 0.700435 0.346874 0.090267 0.008317 0.00024 4e-06 0 0 0 0 0 0 0 0 0 0 0 0 0 
1 0.698538 0.345154 0.090126 0.008241 0.0002 4e-06 0 0 0 0 0 0 0 0 0 0 0 0 0 
1 0.701066 0.350167 0.09305 0.008807 0.000271 3e-06 0 0 0 0 0 0 0 0 0 0 0 0 0 
1 0.700513 0.347859 0.092123 0.008762 0.000254 6e-06 0 0 0 0 0 0 0 0 0 0 0 0 0 
1 0.701274 0.34977 0.093047 0.008753 0.000259 9e-06 0 0 0 0 0 0 0 0 0 0 0 0 0 
1 0.698795 0.345455 0.089912 0.008358 0.000244 0 0 0 0 0 0 0 0 0 0 0 0 0 0 
1 0.700166 0.347317 0.091144 0.008457 0.000235 6e-06 0 0 0 0 0 0 0 0 0 0 0 0 0 
1 0.698163 0.344966 0.089517 0.008084 0.000267 6e-06 0 0 0 0 0 0 0 0 0 0 0 0 0 
1 0.69985 0.347593 0.092202 0.008792 0.00025 1e-06 0 0 0 0 0 0 0 0 0 0 0 0 0 
1 0.698527 0.343916 0.08881 0.008064 0.000215 1e-05 0 0 0 0 0 0 0 0 0 0 0 0 0 
1 0.700022 0.347446 0.09149 0.008308 0.000189 6e-06 0 0 0 0 0 0 0 0 0 0 0 0 0 
1 0.699673 0.34725 0.091573 0.008517 0.000235 3e-06 0 0 0 0 0 0 0 0 0 0 0 0 0 
1 0.700722 0.348685 0.092397 0.008817 0.000229 4e-06 0 0 0 0 0 0 0 0 0 0 0 0 0 
1 0.701248 0.349983 0.093096 0.009101 0.000274 7e-06 0 0 0 0 0 0 0 0 0 0 0 0 0 
1 0.699825 0.346941 0.091532 0.008572 0.000191 1e-06 0 0 0 0 0 0 0 0 0 0 0 0 0 
1 0.699858 0.346553 0.091112 0.008634 0.000289 2e-06 0 0 0 0 0 0 0 0 0 0 0 0 0 
1 0.698252 0.345072 0.089603 0.008131 0.000227 5e-06 0 0 0 0 0 0 0 0 0 0 0 0 0 
1 0.700365 0.348531 0.092245 0.008557 0.000262 1e-06 0 0 0 0 0 0 0 0 0 0 0 0 0 
1 0.701213 0.349028 0.091977 0.008551 0.000277 5e-06 0 0 0 0 0 0 0 0 0 0 0 0 0 
1 0.70055 0.348326 0.09156 0.008516 0.000237 6e-06 0 0 0 0 0 0 0 0 0 0 0 0 0 
1 0.699914 0.34743 0.090707 0.008196 0.000263 1.1e-05 0 0 0 0 0 0 0 0 0 0 0 0 0 
1 0.699481 0.346986 0.090777 0.008403 0.000248 8e-06 0 0 0 0 0 0 0 0 0 0 0 0 0 
1 0.698661 0.345618 0.090245 0.008389 0.000223 1e-06 0 0 0 0 0 0 0 0 0 0 0 0 0 
1 0.700709 0.347183 0.091416 0.008586 0.000241 5e-06 0 0 0 0 0 0 0 0 0 0 0 0 0 
1 0.698834 0.346001 0.091299 0.008604 0.000262 1e-06 0 0 0 0 0 0 0 0 0 0 0 0 0 
1 0.699415 0.346619 0.090936 0.008462 0.000237 2e-06 0 0 0 0 0 0 0 0 0 0 0 0 0 
1 0.701533 0.349434 0.092313 0.008943 0.000279 6e-06 0 0 0 0 0 0 0 0 0 0 0 0 0 
1 0.699671 0.346835 0.091088 0.008402 0.000241 4e-06 0 0 0 0 0 0 0 0 0 0 0 0 0 
1 0.701762 0.350569 0.092721 0.008859 0.000264 6e-06 0 0 0 0 0 0 0 0 0 0 0 0 0 
1 0.701183 0.349668 0.09216 0.008605 0.000253 4e-06 0 0 0 0 0 0 0 0 0 0 0 0 0 
1 0.699302 0.346755 0.090671 0.008245 0.000208 7e-06 0 0 0 0 0 0 0 0 0 0 0 0 0 
1 0.699684 0.347866 0.091303 0.008614 0.00023 4e-06 0 0 0 0 0 0 0 0 0 0 0 0 0 
1 0.698964 0.345708 0.091034 0.00841 0.000227 2e-06 0 0 0 0 0 0 0 0 0 0 0 0 0 
1 0.699927 0.347811 0.091145 0.008213 0.000207 2e-06 0 0 0 0 0 0 0 0 0 0 0 0 0 
1 0.698757 0.344607 0.089573 0.008103 0.000216 0 0 0 0 0 0 0 0 0 0 0 0 0 0 
1 0.698553 0.34606 0.09019 0.00828 0.000199 5e-06 0 0 0 0 0 0 0 0 0 0 0 0 0 
1 0.699901 0.346087 0.089796 0.008355 0.000236 1e-06 0 0 0 0 0 0 0 0 0 0 0 0 0 
1 0.701775 0.349807 0.092962 0.008728 0.000264 3e-06 0 0 0 0 0 0 0 0 0 0 0 0 0 
1 0.699886 0.346889 0.091056 0.008611 0.000238 3e-06 0 0 0 0 0 0 0 0 0 0 0 0 0 
1 0.70012 0.347722 0.091541 0.008467 0.000269 4e-06 0 0 0 0 0 0 0 0 0 0 0 0 0 
1 0.698761 0.345569 0.090062 0.008387 0.000245 1e-06 0 0 0 0 0 0 0 0 0 0 0 0 0 
1 0.699967 0.347188 0.091374 0.008704 0.000221 7e-06 0 0 0 0 0 0 0 0 0 0 0 0 0 
1 0.702307 0.349404 0.091906 0.008499 0.000234 3e-06 0 0 0 0 0 0 0 0 0 0 0 0 0 
1 0.700362 0.348017 0.091585 0.008382 0.000249 5e-06 0 0 0 0 0 0 0 0 0 0 0 0 0 
1 0.69766 0.342365 0.088687 0.008318 0.000228 2e-06 0 0 0 0 0 0 0 0 0 0 0 0 0 
1 0.699721 0.346342 0.090721 0.00831 0.000188 3e-06 0 0 0 0 0 0 0 0 0 0 0 0 0 
1 0.702157 0.349966 0.092885 0.008744 0.000248 3e-06 0 0 0 0 0 0 0 0 0 0 0 0 0 
1 0.699756 0.346355 0.090672 0.008205 0.000251 4e-06 0 0 0 0 0 0 0 0 0 0 0 0 0 
1 0.702039 0.350502 0.093529 0.009213 0.000284 2e-06 0 0 0 0 0 0 0 0 0 0 0 0 0 
1 0.701604 0.350371 0.093116 0.00889 0.000278 1e-06 0 0 0 0 0 0 0 0 0 0 0 0 0 
1 0.701146 0.350349 0.093466 0.008959 0.000272 7e-06 1e-06 0 0 0 0 0 0 0 0 0 0 0 0 
1 0.699879 0.348068 0.09193 0.008748 0.000271 4e-06 0 0 0 0 0 0 0 0 0 0 0 0 0 
1 0.70099 0.349294 0.092254 0.008865 0.000278 3e-06 0 0 0 0 0 0 0 0 0 0 0 0 0 
1 0.699783 0.347092 0.091123 0.00817 0.00024 1.1e-05 0 0 0 0 0 0 0 0 0 0 0 0 0 
1 0.701804 0.350599 0.093149 0.008832 0.000247 4e-06 0 0 0 0 0 0 0 0 0 0 0 0 0 
1 0.699531 0.347065 0.091165 0.008482 0.00023 4e-06 0 0 0 0 0 0 0 0 0 0 0 0 0 
1 0.700344 0.34762 0.091449 0.008655 0.00028 6e-06 0 0 0 0 0 0 0 0 0 0 0 0 0 
1 0.698927 0.34519 0.090086 0.008232 0.000235 1e-05 0 0 0 0 0 0 0 0 0 0 0 0 0 
1 0.700545 0.34815 0.091443 0.00855 0.000226 4e-06 0 0 0 0 0 0 0 0 0 0 0 0 0 
1 0.700251 0.348011 0.091592 0.008559 0.000219 1e-06 0 0 0 0 0 0 0 0 0 0 0 0 0 
1 0.700249 0.348457 0.092865 0.008789 0.000258 8e-06 0 0 0 0 0 0 0 0 0 0 0 0 0 
1 0.701363 0.349647 0.092418 0.008826 0.000248 6e-06 0 0 0 0 0 0 0 0 0 0 0 0 0 
1 0.698372 0.344458 0.090065 0.00837 0.000216 8e-06 0 0 0 0 0 0 0 0 0 0 0 0 0 
1 0.699593 0.347393 0.091261 0.008417 0.000262 6e-06 0 0 0 0 0 0 0 0 0 0 0 0 0 
1 0.699393 0.345362 0.09061 0.008358 0.000232 0 0 0 0 0 0 0 0 0 0 0 0 0 0 
1 0.699333 0.346678 0.091428 0.008443 0.00022 1e-06 0 0 0 0 0 0 0 0 0 0 0 0 0 
1 0.700281 0.347826 0.091632 0.008729 0.000265 1.2e-05 0 0 0 0 0 0 0 0 0 0 0 0 0 
1 0.700474 0.348536 0.09183 0.008629 0.00027 1e-06 0 0 0 0 0 0 0 0 0 0 0 0 0 
1 0.698416 0.344536 0.090014 0.008118 0.000212 6e-06 0 0 0 0 0 0 0 0 0 0 0 0 0 
1 0.699633 0.346939 0.090662 0.008446 0.00023 7e-06 0 0 0 0 0 0 0 0 0 0 0 0 0 
1 0.699248 0.346948 0.091262 0.008485 0.000246 3e-06 0 0 0 0 0 0 0 0 0 0 0 0 0 
1 0.699452 0.347197 0.09104 0.008528 0.000266 2e-06 0 0 0 0 0 0 0 0 0 0 0 0 0 
1 0.699947 0.346162 0.090578 0.00852 0.000235 1e-06 0 0 0 0 0 0 0 0 0 0 0 0 0 
1 0.700309 0.348411 0.091367 0.00847 0.000233 1e-06 0 0 0 0 0 0 0 0 0 0 0 0 0 
1 0.697734 0.342741 0.087852 0.007812 0.000208 3e-06 0 0 0 0 0 0 0 0 0 0 0 0 0 
1 0.701096 0.348227 0.091497 0.008388 0.00022 6e-06 0 0 0 0 0 0 0 0 0 0 0 0 0 
1 0.69942 0.346736 0.091298 0.008397 0.000237 3e-06 0 0 0 0 0 0 0 0 0 0 0 0 0 
1 0.698694 0.345086 0.089996 0.008229 0.000265 6e-06 0 0 0 0 0 0 0 0 0 0 0 0 0 
1 0.699921 0.348377 0.092062 0.008784 0.00024 6e-06 0 0 0 0 0 0 0 0 0 0 0 0 0 
1 0.700956 0.349145 0.093288 0.008825 0.000231 8e-06 0 0 0 0 0 0 0 0 0 0 0 0 0 
1 0.699453 0.344717 0.089473 0.008063 0.000212 3e-06 0 0 0 0 0 0 0 0 0 0 0 0 0 
1 0.700436 0.347417 0.090669 0.008492 0.000252 2e-06 0 0 0 0 0 0 0 0 0 0 0 0 0 
1 0.700225 0.346934 0.090893 0.00856 0.000286 4e-06 0 0 0 0 0 0 0 0 0 0 0 0 0 
1 0.700908 0.34809 0.090957 0.008286 0.000186 1e-06 0 0 0 0 0 0 0 0 0 0 0 0 0 
1 0.698082 0.344528 0.088838 0.008167 0.000266 4e-06 0 0 0 0 0 0 0 0 0 0 0 0 0 
1 0.70126 0.348735 0.091493 0.008426 0.00025 2e-06 0 0 0 0 0 0 0 0 0 0 0 0 0 
1 0.699859 0.347391 0.091411 0.008443 0.000255 6e-06 0 0 0 0 0 0 0 0 0 0 0 0 0 
1 0.696502 0.342525 0.08851 0.007896 0.000232 1e-06 0 0 0 0 0 0 0 0 0 0 0 0 0 
1 0.700418 0.34822 0.09189 0.008334 0.000252 4e-06 0 0 0 0 0 0 0 0 0 0 0 0 0 
1 0.699279 0.346196 0.091132 0.008486 0.000251 6e-06 1e-06 0 0 0 0 0 0 0 0 0 0 0 0 
1 0.700007 0.347311 0.091483 0.008456 0.000257 3e-06 0 0 0 0 0 0 0 0 0 0 0 0 0 
1 0.699506 0.345912 0.090656 0.008557 0.000288 8e-06 0 0 0 0 0 0 0 0 0 0 0 0 0 
1 0.699926 0.346952 0.090731 0.008347 0.000249 2e-06 0 0 0 0 0 0 0 0 0 0 0 0 0 
1 0.69849 0.346958 0.090508 0.008188 0.000255 1e-06 0 0 0 0 0 0 0 0 0 0 0 0 0 
1 0.700908 0.347078 0.091072 0.008565 0.000247 7e-06 0 0 0 0 0 0 0 0 0 0 0 0 0 
1 0.699558 0.346098 0.090041 0.008353 0.000198 4e-06 0 0 0 0 0 0 0 0 0 0 0 0 0 
1 0.697708 0.343598 0.089251 0.008134 0.000184 2e-06 0 0 0 0 0 0 0 0 0 0 0 0 0 
1 0.699564 0.346553 0.090839 0.008503 0.000233 9e-06 5e-06 0 0 0 0 0 0 0 0 0 0 0 0 
1 0.699479 0.345457 0.089091 0.008312 0.000205 5e-06 0 0 0 0 0 0 0 0 0 0 0 0 0 
1 0.701148 0.349709 0.092882 0.008843 0.000265 5e-06 0 0 0 0 0 0 0 0 0 0 0 0 0 
1 0.702113 0.350679 0.093882 0.009096 0.000285 1e-06 0 0 0 0 0 0 0 0 0 0 0 0 0 
1 0.701468 0.349687 0.092811 0.00875 0.000262 6e-06 0 0 0 0 0 0 0 0 0 0 0 0 0 
1 0.699926 0.347232 0.091233 0.008514 0.000251 1e-05 0 0 0 0 0 0 0 0 0 0 0 0 0 
1 0.699138 0.345242 0.090366 0.008069 0.000224 1e-06 0 0 0 0 0 0 0 0 0 0 0 0 0 
1 0.698583 0.345887 0.090156 0.008213 0.000232 1e-06 0 0 0 0 0 0 0 0 0 0 0 0 0 
1 0.701145 0.34838 0.092141 0.00845 0.000264 3e-06 0 0 0 0 0 0 0 0 0 0 0 0 0 
1 0.69862 0.34551 0.090064 0.008319 0.000214 3e-06 0 0 0 0 0 0 0 0 0 0 0 0 0 
1 0.698895 0.346295 0.090632 0.008362 0.000231 2e-06 0 0 0 0 0 0 0 0 0 0 0 0 0 
1 0.698955 0.345554 0.090039 0.008055 0.000229 1e-06 0 0 0 0 0 0 0 0 0 0 0 0 0 
1 0.698139 0.344481 0.089129 0.008121 0.000232 2e-06 0 0 0 0 0 0 0 0 0 0 0 0 0 
1 0.699505 0.345139 0.089225 0.008078 0.000218 3e-06 0 0 0 0 0 0 0 0 0 0 0 0 0 
1 0.6991 0.347132 0.091499 0.008543 0.000249 1.1e-05 0 0 0 0 0 0 0 0 0 0 0 0 0 
1 0.703315 0.351418 0.092974 0.00865 0.000225 0 0 0 0 0 0 0 0 0 0 0 0 0 0 
1 0.699013 0.345911 0.09035 0.008158 0.000253 7e-06 0 0 0 0 0 0 0 0 0 0 0 0 0 
1 0.69983 0.3465 0.090582 0.008182 0.000183 7e-06 0 0 0 0 0 0 0 0 0 0 0 0 0 
1 0.698853 0.345214 0.089946 0.008212 0.000202 6e-06 0 0 0 0 0 0 0 0 0 0 0 0 0 
1 0.699994 0.347326 0.091961 0.00879 0.000282 4e-06 0 0 0 0 0 0 0 0 0 0 0 0 0 
1 0.69863 0.345334 0.090183 0.00843 0.000257 3e-06 0 0 0 0 0 0 0 0 0 0 0 0 0 
1 0.697369 0.342453 0.087846 0.007739 0.000224 4e-06 0 0 0 0 0 0 0 0 0 0 0 0 0 
1 0.699091 0.346218 0.090603 0.008213 0.000241 3e-06 0 0 0 0 0 0 0 0 0 0 0 0 0 
1 0.70282 0.352216 0.094786 0.009145 0.000249 1e-06 0 0 0 0 0 0 0 0 0 0 0 0 0 
1 0.698482 0.345397 0.089834 0.008242 0.000223 7e-06 0 0 0 0 0 0 0 0 0 0 0 0 0 
1 0.701128 0.35009 0.093015 0.00884 0.000287 4e-06 0 0 0 0 0 0 0 0 0 0 0 0 0 
1 0.698445 0.344635 0.089827 0.008068 0.000204 3e-06 0 0 0 0 0 0 0 0 0 0 0 0 0 
1 0.69883 0.346594 0.090224 0.008207 0.00023 4e-06 0 0 0 0 0 0 0 0 0 0 0 0 0 
1 0.700472 0.347805 0.09226 0.008444 0.000252 7e-06 0 0 0 0 0 0 0 0 0 0 0 0 0 
1 0.702113 0.349912 0.092547 0.008873 0.000255 4e-06 0 0 0 0 0 0 0 0 0 0 0 0 0 
1 0.699899 0.347295 0.090746 0.008304 0.000251 1e-06 0 0 0 0 0 0 0 0 0 0 0 0 0 
1 0.699125 0.345894 0.089768 0.008204 0.000234 1.1e-05 0 0 0 0 0 0 0 0 0 0 0 0 0 
1 0.70145 0.348018 0.09104 0.008553 0.000245 5e-06 0 0 0 0 0 0 0 0 0 0 0 0 0 
1 0.69867 0.345344 0.089795 0.008169 0.000241 2e-06 0 0 0 0 0 0 0 0 0 0 0 0 0 
1 0.69854 0.344745 0.089641 0.008246 0.000227 1e-05 0 0 0 0 0 0 0 0 0 0 0 0 0 
1 0.700697 0.348931 0.092315 0.00862 0.000289 6e-06 0 0 0 0 0 0 0 0 0 0 0 0 0 
1 0.699915 0.34525 0.089385 0.00821 0.000239 2e-06 0 0 0 0 0 0 0 0 0 0 0 0 0 
1 0.701254 0.347464 0.091272 0.008541 0.000238 5e-06 0 0 0 0 0 0 0 0 0 0 0 0 0 
1 0.699962 0.346976 0.09123 0.00869 0.00027 7e-06 1e-06 0 0 0 0 0 0 0 0 0 0 0 0 
1 0.698694 0.344551 0.089651 0.008101 0.000222 8e-06 0 0 0 0 0 0 0 0 0 0 0 0 0 
1 0.700482 0.347722 0.091044 0.008506 0.000277 4e-06 0 0 0 0 0 0 0 0 0 0 0 0 0 
1 0.699389 0.346407 0.09044 0.00814 0.000235 1.2e-05 0 0 0 0 0 0 0 0 0 0 0 0 0 
1 0.699904 0.346795 0.090853 0.00843 0.00026 5e-06 0 0 0 0 0 0 0 0 0 0 0 0 0 
1 0.700788 0.347939 0.091825 0.008515 0.000227 3e-06 0 0 0 0 0 0 0 0 0 0 0 0 0 
1 0.701612 0.349778 0.092675 0.008834 0.000225 6e-06 0 0 0 0 0 0 0 0 0 0 0 0 0 
1 0.698875 0.34619 0.09111 0.008503 0.000231 3e-06 0 0 0 0 0 0 0 0 0 0 0 0 0 
1 0.700977 0.349474 0.093225 0.008792 0.00024 3e-06 0 0 0 0 0 0 0 0 0 0 0 0 0 
1 0.700795 0.348966 0.092437 0.008532 0.000283 5e-06 0 0 0 0 0 0 0 0 0 0 0 0 0 
1 0.700181 0.348653 0.092567 0.008743 0.000251 4e-06 0 0 0 0 0 0 0 0 0 0 0 0 0 
1 0.699424 0.347101 0.09129 0.008679 0.000274 1e-06 0 0 0 0 0 0 0 0 0 0 0 0 0 
1 0.698269 0.34464 0.089283 0.008171 0.000226 3e-06 0 0 0 0 0 0 0 0 0 0 0 0 0 
1 0.702179 0.349929 0.092656 0.008619 0.000242 4e-06 0 0 0 0 0 0 0 0 0 0 0 0 0 
1 0.700237 0.348147 0.091463 0.008659 0.000252 2e-06 0 0 0 0 0 0 0 0 0 0 0 0 0 
1 0.700046 0.346918 0.092168 0.008701 0.000218 6e-06 0 0 0 0 0 0 0 0 0 0 0 0 0 
1 0.699563 0.346328 0.090341 0.008421 0.00018 2e-06 0 0 0 0 0 0 0 0 0 0 0 0 0 
1 0.699086 0.346116 0.091027 0.008453 0.000224 1.1e-05 0 0 0 0 0 0 0 0 0 0 0 0 0 
1 0.699754 0.347212 0.091495 0.008715 0.000255 1e-06 0 0 0 0 0 0 0 0 0 0 0 0 0 
1 0.698492 0.343971 0.089817 0.008158 0.000258 6e-06 0 0 0 0 0 0 0 0 0 0 0 0 0 
1 0.701057 0.348623 0.091569 0.008532 0.000277 1.6e-05 0 0 0 0 0 0 0 0 0 0 0 0 0 
1 0.699909 0.346355 0.090656 0.008411 0.000217 0 0 0 0 0 0 0 0 0 0 0 0 0 0 
1 0.700947 0.348067 0.091694 0.008474 0.000247 8e-06 0 0 0 0 0 0 0 0 0 0 0 0 0 
1 0.700248 0.346351 0.090817 0.008306 0.000222 1.1e-05 1e-06 0 0 0 0 0 0 0 0 0 0 0 0 
1 0.700881 0.34849 0.091978 0.008532 0.000233 3e-06 0 0 0 0 0 0 0 0 0 0 0 0 0 
1 0.699777 0.346251 0.09084 0.008551 0.000263 7e-06 0 0 0 0 0 0 0 0 0 0 0 0 0 
1 0.698941 0.346359 0.090491 0.007932 0.000202 1e-06 0 0 0 0 0 0 0 0 0 0 0 0 0 
1 0.700398 0.348709 0.091959 0.008608 0.000227 4e-06 1e-06 0 0 0 0 0 0 0 0 0 0 0 0 
1 0.700525 0.348352 0.092077 0.008792 0.000225 4e-06 0 0 0 0 0 0 0 0 0 0 0 0 0 
1 0.699647 0.346936 0.090761 0.008183 0.000243 1e-05 0 0 0 0 0 0 0 0 0 0 0 0 0 
1 0.69949 0.345492 0.090119 0.008182 0.000223 1e-06 0 0 0 0 0 0 0 0 0 0 0 0 0 
1 0.69758 0.344666 0.08968 0.008317 0.000196 0 0 0 0 0 0 0 0 0 0 0 0 0 0 
1 0.698991 0.345974 0.090298 0.008507 0.000248 2e-06 0 0 0 0 0 0 0 0 0 0 0 0 0 
1 0.700468 0.349149 0.091957 0.008687 0.000224 5e-06 0 0 0 0 0 0 0 0 0 0 0 0 0 
1 0.70001 0.346893 0.09063 0.008162 0.000196 4e-06 0 0 0 0 0 0 0 0 0 0 0 0 0 
1 0.699156 0.346604 0.090483 0.008322 0.000252 7e-06 0 0 0 0 0 0 0 0 0 0 0 0 0 
1 0.698107 0.344759 0.089951 0.008356 0.000223 5e-06 0 0 0 0 0 0 0 0 0 0 0 0 0 
1 0.701009 0.349266 0.09254 0.008571 0.000229 5e-06 0 0 0 0 0 0 0 0 0 0 0 0 0 
1 0.700397 0.348507 0.09177 0.008622 0.000269 1.4e-05 0 0 0 0 0 0 0 0 0 0 0 0 0 
1 0.699031 0.346408 0.090666 0.008456 0.000263 5e-06 0 0 0 0 0 0 0 0 0 0 0 0 0 
1 0.702459 0.350772 0.092955 0.00906 0.000257 1e-06 0 0 0 0 0 0 0 0 0 0 0 0 0 
1 0.697247 0.343546 0.089255 0.008015 0.000185 1e-06 0 0 0 0 0 0 0 0 0 0 0 0 0 
1 0.701043 0.348925 0.091811 0.008459 0.000206 5e-06 0 0 0 0 0 0 0 0 0 0 0 0 0 
1 0.698936 0.345651 0.090368 0.008339 0.000225 1e-06 0 0 0 0 0 0 0 0 0 0 0 0 0 
1 0.699137 0.346391 0.090773 0.008646 0.000224 4e-06 0 0 0 0 0 0 0 0 0 0 0 0 0 
1 0.700051 0.347434 0.091944 0.008497 0.000228 2e-06 0 0 0 0 0 0 0 0 0 0 0 0 0 
1 0.69888 0.345341 0.090484 0.008408 0.000194 8e-06 0 0 0 0 0 0 0 0 0 0 0 0 0 
1 0.701114 0.348824 0.092185 0.008714 0.000226 4e-06 0 0 0 0 0 0 0 0 0 0 0 0 0 
1 0.69857 0.346105 0.090622 0.008504 0.000245 4e-06 2e-06 0 0 0 0 0 0 0 0 0 0 0 0 
1 0.699897 0.347066 0.091366 0.00847 0.0002 3e-06 0 0 0 0 0 0 0 0 0 0 0 0 0 
1 0.702391 0.350602 0.093151 0.00871 0.00023 8e-06 0 0 0 0 0 0 0 0 0 0 0 0 0 
1 0.698882 0.346608 0.090897 0.008331 0.000232 3e-06 0 0 0 0 0 0 0 0 0 0 0 0 0 
1 0.700109 0.348416 0.092634 0.008922 0.000297 2e-06 0 0 0 0 0 0 0 0 0 0 0 0 0 
1 0.698574 0.345562 0.090208 0.008693 0.000234 2e-06 0 0 0 0 0 0 0 0 0 0 0 0 0 
1 0.700103 0.346803 0.090937 0.008388 0.000243 3e-06 0 0 0 0 0 0 0 0 0 0 0 0 0 
1 0.699808 0.346304 0.090618 0.008114 0.000274 2e-06 0 0 0 0 0 0 0 0 0 0 0 0 0 
1 0.700598 0.347905 0.091412 0.008619 0.000225 7e-06 0 0 0 0 0 0 0 0 0 0 0 0 0 
1 0.698788 0.345165 0.090357 0.008408 0.000244 3e-06 0 0 0 0 0 0 0 0 0 0 0 0 0 
1 0.699673 0.347452 0.091328 0.008509 0.00025 0 0 0 0 0 0 0 0 0 0 0 0 0 0 
1 0.700518 0.346781 0.090876 0.008404 0.000247 6e-06 0 0 0 0 0 0 0 0 0 0 0 0 0 
1 0.699457 0.34745 0.091151 0.008294 0.000274 2e-06 0 0 0 0 0 0 0 0 0 0 0 0 0 
1 0.700798 0.348373 0.09206 0.008523 0.000237 2e-06 0 0 0 0 0 0 0 0 0 0 0 0 0 
1 0.700749 0.346551 0.089727 0.00826 0.000211 4e-06 0 0 0 0 0 0 0 0 0 0 0 0 0 
1 0.700568 0.34794 0.090766 0.008511 0.000227 2e-06 0 0 0 0 0 0 0 0 0 0 0 0 0 
1 0.700806 0.347901 0.091751 0.008778 0.000244 3e-06 0 0 0 0 0 0 0 0 0 0 0 0 0 
1 0.698375 0.345271 0.089715 0.008213 0.0002 1e-06 0 0 0 0 0 0 0 0 0 0 0 0 0 
1 0.7002 0.347928 0.091406 0.0083 0.000234 0 0 0 0 0 0 0 0 0 0 0 0 0 0 
1 0.700794 0.347485 0.092361 0.008638 0.000258 6e-06 0 0 0 0 0 0 0 0 0 0 0 0 0 
1 0.700799 0.348349 0.092137 0.008664 0.00023 0 0 0 0 0 0 0 0 0 0 0 0 0 0 
1 0.700217 0.346736 0.091085 0.008504 0.000255 2e-06 0 0 0 0 0 0 0 0 0 0 0 0 0 
1 0.698341 0.345095 0.089258 0.008294 0.000209 6e-06 0 0 0 0 0 0 0 0 0 0 0 0 0 
1 0.69993 0.34684 0.090861 0.008658 0.00023 2e-06 0 0 0 0 0 0 0 0 0 0 0 0 0 
1 0.700272 0.347178 0.091619 0.008644 0.000233 1e-06 0 0 0 0 0 0 0 0 0 0 0 0 0 
1 0.701206 0.347933 0.090836 0.008573 0.000224 4e-06 0 0 0 0 0 0 0 0 0 0 0 0 0 
1 0.700369 0.347762 0.091567 0.008803 0.000296 4e-06 1e-06 0 0 0 0 0 0 0 0 0 0 0 0 
1 0.699844 0.346394 0.09028 0.008276 0.000217 4e-06 0 0 0 0 0 0 0 0 0 0 0 0 0 
1 0.700769 0.348622 0.092323 0.008968 0.000269 3e-06 0 0 0 0 0 0 0 0 0 0 0 0 0 
1 0.702255 0.350499 0.092728 0.008783 0.000247 8e-06 2e-06 0 0 0 0 0 0 0 0 0 0 0 0 
1 0.698775 0.346244 0.091135 0.008517 0.000229 1e-06 0 0 0 0 0 0 0 0 0 0 0 0 0 
1 0.700279 0.347682 0.090907 0.008344 0.000234 3e-06 0 0 0 0 0 0 0 0 0 0 0 0 0 
1 0.699424 0.346097 0.090357 0.008148 0.000202 8e-06 0 0 0 0 0 0 0 0 0 0 0 0 0 
1 0.699003 0.346145 0.090734 0.00828 0.000216 1e-06 0 0 0 0 0 0 0 0 0 0 0 0 0 
1 0.701005 0.349162 0.092734 0.0088 0.000249 4e-06 0 0 0 0 0 0 0 0 0 0 0 0 0 
1 0.69943 0.345633 0.091392 0.00874 0.000262 6e-06 0 0 0 0 0 0 0 0 0 0 0 0 0 
1 0.700929 0.348341 0.091438 0.008574 0.00024 2e-06 0 0 0 0 0 0 0 0 0 0 0 0 0 
1 0.701056 0.348794 0.091723 0.008576 0.000261 2e-06 0 0 0 0 0 0 0 0 0 0 0 0 0 
1 0.702929 0.351079 0.093385 0.008892 0.000242 3e-06 0 0 0 0 0 0 0 0 0 0 0 0 0 
1 0.702 0.350308 0.092881 0.008879 0.000248 6e-06 0 0 0 0 0 0 0 0 0 0 0 0 0 
1 0.700126 0.346321 0.091041 0.008368 0.000235 2e-06 0 0 0 0 0 0 0 0 0 0 0 0 0 
1 0.699412 0.34637 0.091074 0.008376 0.000237 0 0 0 0 0 0 0 0 0 0 0 0 0 0 
1 0.700771 0.348016 0.091379 0.008614 0.000245 6e-06 0 0 0 0 0 0 0 0 0 0 0 0 0 
1 0.700169 0.34839 0.091817 0.008399 0.00025 8e-06 0 0 0 0 0 0 0 0 0 0 0 0 0 
1 0.701087 0.349597 0.092682 0.008877 0.000274 6e-06 0 0 0 0 0 0 0 0 0 0 0 0 0 
1 0.701427 0.350268 0.092562 0.008603 0.000233 1e-06 0 0 0 0 0 0 0 0 0 0 0 0 0 
1 0.699654 0.347175 0.091592 0.008739 0.000285 4e-06 0 0 0 0 0 0 0 0 0 0 0 0 0 
1 0.698973 0.346053 0.09086 0.008459 0.000241 5e-06 0 0 0 0 0 0 0 0 0 0 0 0 0 
1 0.701193 0.349036 0.091947 0.00873 0.000279 0 0 0 0 0 0 0 0 0 0 0 0 0 0 
1 0.699788 0.346273 0.090578 0.008403 0.000234 2e-06 0 0 0 0 0 0 0 0 0 0 0 0 0 
1 0.700434 0.347259 0.090839 0.008439 0.000211 3e-06 0 0 0 0 0 0 0 0 0 0 0 0 0 
1 0.702025 0.351237 0.093389 0.008642 0.00023 2e-06 0 0 0 0 0 0 0 0 0 0 0 0 0 
1 0.701098 0.349637 0.092379 0.008754 0.000248 6e-06 0 0 0 0 0 0 0 0 0 0 0 0 0 
1 0.702259 0.350358 0.09274 0.008794 0.000257 4e-06 0 0 0 0 0 0 0 0 0 0 0 0 0 
1 0.69869 0.344941 0.089972 0.008256 0.00023 2e-06 0 0 0 0 0 0 0 0 0 0 0 0 0 
1 0.69996 0.347897 0.091622 0.008553 0.000228 2e-06 0 0 0 0 0 0 0 0 0 0 0 0 0 
1 0.700584 0.348029 0.091265 0.008227 0.000221 1e-06 0 0 0 0 0 0 0 0 0 0 0 0 0 
1 0.700551 0.348226 0.092089 0.008971 0.000299 4e-06 0 0 0 0 0 0 0 0 0 0 0 0 0 
1 0.699159 0.346187 0.090942 0.00834 0.000237 6e-06 2e-06 0 0 0 0 0 0 0 0 0 0 0 0 
1 0.70145 0.349587 0.092331 0.008779 0.000263 0 0 0 0 0 0 0 0 0 0 0 0 0 0 
1 0.699112 0.345905 0.090392 0.008163 0.000238 1e-06 0 0 0 0 0 0 0 0 0 0 0 0 0 
1 0.699446 0.346483 0.091333 0.008776 0.000272 3e-06 0 0 0 0 0 0 0 0 0 0 0 0 0 
1 0.699554 0.346482 0.090314 0.008099 0.000207 2e-06 0 0 0 0 0 0 0 0 0 0 0 0 0 
1 0.701779 0.349054 0.091158 0.008287 0.000214 1e-06 0 0 0 0 0 0 0 0 0 0 0 0 0 
1 0.70048 0.347615 0.090891 0.00834 0.000278 7e-06 0 0 0 0 0 0 0 0 0 0 0 0 0 
1 0.699875 0.347832 0.092072 0.008615 0.000233 6e-06 0 0 0 0 0 0 0 0 0 0 0 0 0 
1 0.700479 0.347723 0.091721 0.008645 0.000243 1e-06 0 0 0 0 0 0 0 0 0 0 0 0 0 
1 0.699248 0.346881 0.090649 0.008455 0.000248 7e-06 0 0 0 0 0 0 0 0 0 0 0 0 0 
1 0.699394 0.346439 0.091188 0.008447 0.000239 4e-06 0 0 0 0 0 0 0 0 0 0 0 0 0 
1 0.701587 0.348677 0.091413 0.008336 0.000194 5e-06 0 0 0 0 0 0 0 0 0 0 0 0 0 
1 0.700335 0.347021 0.091052 0.008455 0.000228 4e-06 0 0 0 0 0 0 0 0 0 0 0 0 0 
1 0.701482 0.349297 0.092477 0.008818 0.000254 4e-06 0 0 0 0 0 0 0 0 0 0 0 0 0 
1 0.699966 0.348157 0.091106 0.008513 0.000223 5e-06 0 0 0 0 0 0 0 0 0 0 0 0 0 
1 0.700397 0.346928 0.090587 0.008365 0.000226 2e-06 0 0 0 0 0 0 0 0 0 0 0 0 0 
1 0.70125 0.349326 0.092145 0.008639 0.000266 4e-06 0 0 0 0 0 0 0 0 0 0 0 0 0 
1 0.699228 0.346032 0.090191 0.008311 0.000215 0 0 0 0 0 0 0 0 0 0 0 0 0 0 
1 0.700608 0.34852 0.091152 0.008379 0.000255 0 0 0 0 0 0 0 0 0 0 0 0 0 0 
1 0.700168 0.348253 0.092414 0.008573 0.000232 4e-06 0 0 0 0 0 0 0 0 0 0 0 0 0 
1 0.698869 0.345955 0.090404 0.00843 0.000292 4e-06 0 0 0 0 0 0 0 0 0 0 0 0 0 
1 0.698098 0.34427 0.089002 0.008062 0.000236 4e-06 0 0 0 0 0 0 0 0 0 0 0 0 0 
1 0.698978 0.345955 0.090554 0.008146 0.000196 2e-06 0 0 0 0 0 0 0 0 0 0 0 0 0 
1 0.698842 0.346398 0.090746 0.008321 0.000277 0 0 0 0 0 0 0 0 0 0 0 0 0 0 
1 0.697626 0.34256 0.089078 0.008161 0.000248 1e-06 0 0 0 0 0 0 0 0 0 0 0 0 0 
1 0.699992 0.347258 0.091206 0.008604 0.00023 7e-06 0 0 0 0 0 0 0 0 0 0 0 0 0 
1 0.697777 0.345734 0.089844 0.008203 0.000228 1e-06 0 0 0 0 0 0 0 0 0 0 0 0 0 
1 0.700125 0.347107 0.090876 0.008506 0.000252 6e-06 0 0 0 0 0 0 0 0 0 0 0 0 0 
1 0.699822 0.346426 0.090431 0.008533 0.00028 9e-06 0 0 0 0 0 0 0 0 0 0 0 0 0 
1 0.700151 0.347785 0.09074 0.008392 0.000242 1e-06 0 0 0 0 0 0 0 0 0 0 0 0 0 
1 0.700378 0.347035 0.090893 0.00855 0.000289 2e-06 0 0 0 0 0 0 0 0 0 0 0 0 0 
1 0.70008 0.347837 0.092076 0.008618 0.000263 2e-06 0 0 0 0 0 0 0 0 0 0 0 0 0 
1 0.700915 0.348641 0.091865 0.008693 0.000262 5e-06 0 0 0 0 0 0 0 0 0 0 0 0 0 
1 0.699993 0.347018 0.09074 0.00818 0.000228 4e-06 0 0 0 0 0 0 0 0 0 0 0 0 0 
1 0.69899 0.344924 0.090397 0.008411 0.000224 1e-06 0 0 0 0 0 0 0 0 0 0 0 0 0 
1 0.699442 0.345218 0.089761 0.008309 0.00028 2e-06 0 0 0 0 0 0 0 0 0 0 0 0 0 
1 0.700264 0.347343 0.091138 0.00843 0.000253 3e-06 0 0 0 0 0 0 0 0 0 0 0 0 0 
1 0.699727 0.347298 0.091319 0.00857 0.000213 1e-06 0 0 0 0 0 0 0 0 0 0 0 0 0 
1 0.698236 0.344659 0.089587 0.008127 0.000189 0 0 0 0 0 0 0 0 0 0 0 0 0 0 
1 0.700216 0.347987 0.091262 0.008524 0.000211 1e-06 0 0 0 0 0 0 0 0 0 0 0 0 0 
