1 0.89963 0.662946 0.294432 0.0478721 0.0020917 3.69e-05 1e-07 0 0 0 0 0 0 0 0 0 0 0 0 
1 0.899591 0.663499 0.294879 0.0475882 0.0019001 2.04e-05 0 0 0 0 0 0 0 0 0 0 0 0 0 
1 0.900611 0.666351 0.299136 0.0497259 0.0021664 2.19e-05 -6.93889e-18 0 0 0 0 0 0 0 0 0 0 0 0 
1 0.89921 0.662785 0.293724 0.0472204 0.0019765 1.8e-05 0 0 0 0 0 0 0 0 0 0 0 0 0 
1 0.899538 0.663221 0.294888 0.048017 0.002104 3e-05 0 0 0 0 0 0 0 0 0 0 0 0 0 
1 0.899565 0.663705 0.295097 0.0480673 0.0021851 4.36e-05 2e-07 0 0 0 0 0 0 0 0 0 0 0 0 
1 0.900674 0.666049 0.298152 0.0489554 0.0021635 3.33e-05 1e-07 0 0 0 0 0 0 0 0 0 0 0 0 
1 0.900032 0.664587 0.296111 0.0481867 0.0020268 2.7e-05 2e-07 0 0 0 0 0 0 0 0 0 0 0 0 
1 0.899999 0.66443 0.296481 0.0486209 0.0020926 3.04e-05 1e-07 0 0 0 0 0 0 0 0 0 0 0 0 
1 0.900419 0.665653 0.297366 0.0483459 0.0020398 3.16e-05 0 0 0 0 0 0 0 0 0 0 0 0 0 
1 0.899658 0.663321 0.294859 0.0479771 0.0021693 5.46e-05 1.5e-06 0 0 0 0 0 0 0 0 0 0 0 0 
1 0.89992 0.664061 0.295475 0.0479495 0.0020132 2.1e-05 2e-07 0 0 0 0 0 0 0 0 0 0 0 0 
1 0.900622 0.66652 0.298973 0.0498456 0.0022355 2.59e-05 0 0 0 0 0 0 0 0 0 0 0 0 0 
1 0.900611 0.666233 0.297757 0.0483265 0.00191 1.52e-05 0 0 0 0 0 0 0 0 0 0 0 0 0 
1 0.900291 0.665044 0.297036 0.0489649 0.0022088 3.45e-05 3e-07 0 0 0 0 0 0 0 0 0 0 0 0 
1 0.899712 0.664103 0.295912 0.0487729 0.0023024 3.92e-05 0 0 0 0 0 0 0 0 0 0 0 0 0 
1 0.899815 0.664194 0.296002 0.0485898 0.0021288 2.24e-05 0 0 0 0 0 0 0 0 0 0 0 0 0 
1 0.898962 0.661497 0.292703 0.0468746 0.0018738 1.85e-05 0 0 0 0 0 0 0 0 0 0 0 0 0 
1 0.900255 0.665029 0.296865 0.0486529 0.0020628 3.41e-05 0 0 0 0 0 0 0 0 0 0 0 0 0 
1 0.900697 0.666792 0.298767 0.0493536 0.0021889 2.48e-05 0 0 0 0 0 0 0 0 0 0 0 0 0 
1 0.900004 0.66488 0.296523 0.0484822 0.002175 4.09e-05 2e-07 0 0 0 0 0 0 0 0 0 0 0 0 
1 0.899806 0.664237 0.295864 0.0479685 0.0019709 2.48e-05 0 0 0 0 0 0 0 0 0 0 0 0 0 
1 0.899863 0.663947 0.29522 0.0479365 0.0021485 4.68e-05 0 0 0 0 0 0 0 0 0 0 0 0 0 
1 0.900355 0.665622 0.297358 0.0488288 0.0023519 0.0001164 3.27e-05 4.6e-06 1e-07 0 0 0 0 0 0 0 0 0 0 
1 0.899785 0.663834 0.295327 0.0479931 0.0020937 1.93e-05 2e-07 0 0 0 0 0 0 0 0 0 0 0 0 
1 0.900131 0.664477 0.295976 0.0483063 0.0021341 3.12e-05 0 0 0 0 0 0 0 0 0 0 0 0 0 
1 0.9001 0.664642 0.296931 0.0491511 0.0022559 3.91e-05 4e-07 0 0 0 0 0 0 0 0 0 0 0 0 
1 0.899783 0.664284 0.296135 0.0484517 0.0021144 2.23e-05 0 0 0 0 0 0 0 0 0 0 0 0 0 
1 0.900404 0.665542 0.297613 0.0488463 0.0020896 2.63e-05 0 0 0 0 0 0 0 0 0 0 0 0 0 
1 0.900151 0.664463 0.296092 0.0484113 0.0020673 2.31e-05 0 0 0 0 0 0 0 0 0 0 0 0 0 
1 0.899507 0.662859 0.293645 0.0469087 0.0019759 3.1e-05 0 0 0 0 0 0 0 0 0 0 0 0 0 
1 0.899712 0.663442 0.294495 0.0475939 0.0020791 5.34e-05 7e-07 0 0 0 0 0 0 0 0 0 0 0 0 
1 0.899808 0.663537 0.294454 0.0471545 0.0019209 2.41e-05 1e-07 0 0 0 0 0 0 0 0 0 0 0 0 
1 0.900081 0.664696 0.296721 0.0483719 0.0020555 2.84e-05 1e-07 0 0 0 0 0 0 0 0 0 0 0 0 
1 0.900377 0.665756 0.29687 0.0479589 0.0020107 2.55e-05 0 0 0 0 0 0 0 0 0 0 0 0 0 
1 0.899325 0.662593 0.293125 0.0469034 0.0019836 4.3e-05 2e-07 0 0 0 0 0 0 0 0 0 0 0 0 
1 0.900135 0.664676 0.296251 0.0484474 0.0020619 2.71e-05 3e-07 0 0 0 0 0 0 0 0 0 0 0 0 
1 0.900552 0.665702 0.297447 0.0488508 0.002118 2.21e-05 0 0 0 0 0 0 0 0 0 0 0 0 0 
1 0.899391 0.662987 0.29401 0.0475293 0.0020001 2.5e-05 0 0 0 0 0 0 0 0 0 0 0 0 0 
1 0.900053 0.664333 0.29542 0.0482234 0.0021423 2.36e-05 0 0 0 0 0 0 0 0 0 0 0 0 0 
1 0.899986 0.664545 0.296115 0.0486202 0.0021926 3.36e-05 1e-07 0 0 0 0 0 0 0 0 0 0 0 0 
1 0.900565 0.665624 0.297258 0.048627 0.0020733 2.18e-05 0 0 0 0 0 0 0 0 0 0 0 0 0 
1 0.900659 0.666001 0.297736 0.0485476 0.0020828 2.69e-05 2e-07 0 0 0 0 0 0 0 0 0 0 0 0 
1 0.899517 0.662905 0.293844 0.0470136 0.0020386 3.36e-05 0 0 0 0 0 0 0 0 0 0 0 0 0 
1 0.899046 0.661603 0.292042 0.0462715 0.0018694 1.44e-05 0 0 0 0 0 0 0 0 0 0 0 0 0 
1 0.89964 0.663583 0.294957 0.0478111 0.0021283 3.79e-05 1e-07 0 0 0 0 0 0 0 0 0 0 0 0 
1 0.900589 0.666061 0.298236 0.0490072 0.0020533 1.99e-05 0 0 0 0 0 0 0 0 0 0 0 0 0 
1 0.900448 0.665846 0.29833 0.0496922 0.0023104 3.55e-05 1e-07 0 0 0 0 0 0 0 0 0 0 0 0 
1 0.900632 0.666274 0.298271 0.0487253 0.0020671 3.08e-05 1e-07 0 0 0 0 0 0 0 0 0 0 0 0 
1 0.899266 0.662006 0.292497 0.0467599 0.0019961 5.84e-05 3.3e-06 0 0 0 0 0 0 0 0 0 0 0 0 
1 0.899681 0.663894 0.295483 0.0484026 0.0021211 2.98e-05 0 0 0 0 0 0 0 0 0 0 0 0 0 
1 0.900876 0.666559 0.298774 0.0497036 0.0023357 3.24e-05 0 0 0 0 0 0 0 0 0 0 0 0 0 
1 0.900275 0.665196 0.297782 0.0492754 0.002194 3.48e-05 0 0 0 0 0 0 0 0 0 0 0 0 0 
1 0.900366 0.66527 0.297265 0.048585 0.0020841 3.09e-05 3e-07 0 0 0 0 0 0 0 0 0 0 0 0 
1 0.900112 0.664598 0.296302 0.0487417 0.0020787 1.55e-05 0 0 0 0 0 0 0 0 0 0 0 0 0 
1 0.900424 0.665894 0.298252 0.0494268 0.0022212 2.91e-05 0 0 0 0 0 0 0 0 0 0 0 0 0 
1 0.900599 0.666383 0.298146 0.0487944 0.0021147 2.64e-05 1e-07 0 0 0 0 0 0 0 0 0 0 0 0 
1 0.899915 0.663909 0.295581 0.0481735 0.0022116 4.25e-05 0 0 0 0 0 0 0 0 0 0 0 0 0 
1 0.901228 0.667795 0.300301 0.0495764 0.0020597 3.26e-05 1e-07 0 0 0 0 0 0 0 0 0 0 0 0 
1 0.899407 0.663122 0.294626 0.0481676 0.0022564 5.27e-05 3e-07 0 0 0 0 0 0 0 0 0 0 0 0 
1 0.899535 0.662846 0.294355 0.0477324 0.0020296 2.53e-05 1e-07 0 0 0 0 0 0 0 0 0 0 0 0 
1 0.900381 0.665319 0.29684 0.0482345 0.0020586 2.6e-05 1e-07 0 0 0 0 0 0 0 0 0 0 0 0 
1 0.900189 0.665525 0.29729 0.0489458 0.0021524 3.69e-05 7e-07 0 0 0 0 0 0 0 0 0 0 0 0 
1 0.900086 0.665151 0.297269 0.0488866 0.0021608 4.08e-05 5e-07 0 0 0 0 0 0 0 0 0 0 0 0 
1 0.89977 0.663341 0.294762 0.0478549 0.0020365 2.41e-05 3e-07 0 0 0 0 0 0 0 0 0 0 0 0 
1 0.900322 0.66526 0.296482 0.0479779 0.0020987 3.72e-05 1e-07 0 0 0 0 0 0 0 0 0 0 0 0 
1 0.900716 0.666351 0.298795 0.0493543 0.0021665 2.45e-05 4e-07 0 0 0 0 0 0 0 0 0 0 0 0 
1 0.899814 0.663891 0.295241 0.0479468 0.0020753 3.18e-05 1e-07 0 0 0 0 0 0 0 0 0 0 0 0 
1 0.900188 0.665006 0.296137 0.047863 0.00193 2.12e-05 1e-07 0 0 0 0 0 0 0 0 0 0 0 0 
1 0.900361 0.665542 0.297891 0.0495224 0.0022584 3.39e-05 0 0 0 0 0 0 0 0 0 0 0 0 0 
1 0.89971 0.663731 0.294877 0.0473666 0.0019436 2.4e-05 1e-07 0 0 0 0 0 0 0 0 0 0 0 0 
1 0.899858 0.664378 0.295336 0.0474298 0.0019934 2.82e-05 1e-07 0 0 0 0 0 0 0 0 0 0 0 0 
1 0.900266 0.665193 0.296656 0.0484461 0.0021255 3.05e-05 -6.93889e-18 0 0 0 0 0 0 0 0 0 0 0 0 
1 0.899883 0.664279 0.29611 0.048267 0.002116 2.93e-05 0 0 0 0 0 0 0 0 0 0 0 0 0 
1 0.899166 0.662078 0.292496 0.0466545 0.0019072 2.38e-05 0 0 0 0 0 0 0 0 0 0 0 0 0 
1 0.900265 0.665142 0.296916 0.0484579 0.0020512 2.21e-05 0 0 0 0 0 0 0 0 0 0 0 0 0 
1 0.899646 0.664314 0.296084 0.0480756 0.0020295 1.96e-05 0 0 0 0 0 0 0 0 0 0 0 0 0 
1 0.900205 0.664972 0.296315 0.0484437 0.0021529 3.11e-05 5e-07 0 0 0 0 0 0 0 0 0 0 0 0 
1 0.900036 0.665021 0.297102 0.0491347 0.002225 3.33e-05 0 0 0 0 0 0 0 0 0 0 0 0 0 
1 0.900619 0.666371 0.299229 0.0498136 0.0022885 3.06e-05 0 0 0 0 0 0 0 0 0 0 0 0 0 
1 0.900784 0.666599 0.298832 0.0493907 0.0020917 1.95e-05 0 0 0 0 0 0 0 0 0 0 0 0 0 
1 0.900274 0.665015 0.296653 0.0486989 0.0020562 2.6e-05 1e-07 0 0 0 0 0 0 0 0 0 0 0 0 
1 0.900471 0.666044 0.298589 0.0493388 0.0021774 3.13e-05 0 0 0 0 0 0 0 0 0 0 0 0 0 
1 0.9001 0.664656 0.295608 0.0477237 0.0019517 2.19e-05 0 0 0 0 0 0 0 0 0 0 0 0 0 
1 0.900106 0.66474 0.295937 0.0478753 0.0020198 2.75e-05 2e-07 0 0 0 0 0 0 0 0 0 0 0 0 
1 0.900063 0.664944 0.297128 0.0489361 0.0021513 3.03e-05 0 0 0 0 0 0 0 0 0 0 0 0 0 
1 0.900142 0.664575 0.296004 0.0484396 0.0021156 3e-05 2e-07 0 0 0 0 0 0 0 0 0 0 0 0 
1 0.89951 0.662956 0.294294 0.047688 0.0019998 1.86e-05 0 0 0 0 0 0 0 0 0 0 0 0 0 
1 0.899748 0.663829 0.295247 0.0478817 0.0020815 3.55e-05 0 0 0 0 0 0 0 0 0 0 0 0 0 
1 0.90055 0.665935 0.298178 0.0494408 0.0021743 2.55e-05 0 0 0 0 0 0 0 0 0 0 0 0 0 
1 0.899917 0.664229 0.295718 0.0475951 0.0019412 2.49e-05 0 0 0 0 0 0 0 0 0 0 0 0 0 
1 0.89994 0.664629 0.296211 0.0482197 0.0019947 1.97e-05 0 0 0 0 0 0 0 0 0 0 0 0 0 
1 0.900281 0.665176 0.297117 0.0489728 0.0021668 4.02e-05 0 0 0 0 0 0 0 0 0 0 0 0 0 
1 0.8999 0.664354 0.296057 0.0482227 0.0020732 2.34e-05 0 0 0 0 0 0 0 0 0 0 0 0 0 
1 0.899968 0.664377 0.296292 0.0487613 0.0021386 2.21e-05 0 0 0 0 0 0 0 0 0 0 0 0 0 
1 0.900286 0.664852 0.296692 0.0485927 0.002054 2.08e-05 0 0 0 0 0 0 0 0 0 0 0 0 0 
1 0.900136 0.664561 0.295524 0.0477833 0.0021244 4.19e-05 1e-07 0 0 0 0 0 0 0 0 0 0 0 0 
1 0.900346 0.665382 0.297645 0.0490609 0.0022577 4.73e-05 1.7e-06 0 0 0 0 0 0 0 0 0 0 0 0 
1 0.899545 0.663318 0.294456 0.0478775 0.0020533 1.9e-05 0 0 0 0 0 0 0 0 0 0 0 0 0 
1 0.8999 0.664491 0.295726 0.0483521 0.0021986 3.24e-05 1e-07 0 0 0 0 0 0 0 0 0 0 0 0 
1 0.899904 0.664344 0.296552 0.0489697 0.0022347 3.28e-05 2e-07 0 0 0 0 0 0 0 0 0 0 0 0 
1 0.899744 0.663738 0.294535 0.0475612 0.0020159 2.63e-05 0 0 0 0 0 0 0 0 0 0 0 0 0 
1 0.900506 0.66585 0.298233 0.0496023 0.0023262 4.62e-05 3e-07 0 0 0 0 0 0 0 0 0 0 0 0 
1 0.900049 0.665032 0.296883 0.0482264 0.0019666 1.61e-05 0 0 0 0 0 0 0 0 0 0 0 0 0 
1 0.899339 0.662872 0.294168 0.0479948 0.0022301 5.28e-05 1e-06 0 0 0 0 0 0 0 0 0 0 0 0 
1 0.900361 0.664989 0.296889 0.0488295 0.0021304 2.52e-05 0 0 0 0 0 0 0 0 0 0 0 0 0 
1 0.899887 0.66454 0.296233 0.0484622 0.0021623 4.69e-05 8e-07 0 0 0 0 0 0 0 0 0 0 0 0 
1 0.900349 0.66543 0.297101 0.0484349 0.0021158 2.98e-05 0 0 0 0 0 0 0 0 0 0 0 0 0 
1 0.900297 0.665459 0.297703 0.0491986 0.0022177 3.28e-05 -6.93889e-18 0 0 0 0 0 0 0 0 0 0 0 0 
1 0.900093 0.664766 0.29647 0.0479403 0.0019445 1.91e-05 0 0 0 0 0 0 0 0 0 0 0 0 0 
1 0.900061 0.664621 0.29612 0.0480813 0.0020233 2.59e-05 0 0 0 0 0 0 0 0 0 0 0 0 0 
1 0.89903 0.661422 0.291656 0.0464548 0.0019446 2.59e-05 0 0 0 0 0 0 0 0 0 0 0 0 0 
1 0.900281 0.665478 0.29708 0.0487283 0.0021508 2.55e-05 0 0 0 0 0 0 0 0 0 0 0 0 0 
1 0.899961 0.664471 0.295746 0.0478391 0.0020504 3.36e-05 2e-07 0 0 0 0 0 0 0 0 0 0 0 0 
1 0.899644 0.663558 0.293814 0.0469914 0.0019793 3.11e-05 2e-07 0 0 0 0 0 0 0 0 0 0 0 0 
1 0.899435 0.662588 0.29265 0.0459023 0.0017207 1.51e-05 0 0 0 0 0 0 0 0 0 0 0 0 0 
1 0.899765 0.663298 0.293701 0.0467472 0.0019217 1.9e-05 0 0 0 0 0 0 0 0 0 0 0 0 0 
1 0.900329 0.664945 0.296859 0.0487595 0.002157 3.85e-05 3e-07 0 0 0 0 0 0 0 0 0 0 0 0 
1 0.899688 0.66359 0.294833 0.047657 0.0020304 3.81e-05 1.1e-06 0 0 0 0 0 0 0 0 0 0 0 0 
1 0.899708 0.663564 0.294998 0.0476694 0.0021144 3.02e-05 0 0 0 0 0 0 0 0 0 0 0 0 0 
1 0.899715 0.663504 0.294863 0.0480324 0.0021979 4.65e-05 2e-07 0 0 0 0 0 0 0 0 0 0 0 0 
1 0.900396 0.665839 0.297625 0.0488264 0.0020328 2.22e-05 0 0 0 0 0 0 0 0 0 0 0 0 0 
1 0.899868 0.664058 0.2956 0.0476123 0.0019392 2.92e-05 2e-07 0 0 0 0 0 0 0 0 0 0 0 0 
1 0.900227 0.664695 0.295766 0.0472266 0.0017696 1.97e-05 0 0 0 0 0 0 0 0 0 0 0 0 0 
1 0.90067 0.665827 0.297532 0.048324 0.0019626 2.61e-05 0 0 0 0 0 0 0 0 0 0 0 0 0 
1 0.900105 0.664676 0.296046 0.0477235 0.0019041 2.2e-05 1e-07 0 0 0 0 0 0 0 0 0 0 0 0 
1 0.899171 0.661822 0.292805 0.0468642 0.0019107 2.09e-05 0 0 0 0 0 0 0 0 0 0 0 0 0 
1 0.90027 0.664819 0.2961 0.0481078 0.0020738 2.24e-05 0 0 0 0 0 0 0 0 0 0 0 0 0 
1 0.899505 0.662834 0.29321 0.0470349 0.001925 2.27e-05 0 0 0 0 0 0 0 0 0 0 0 0 0 
1 0.900383 0.665579 0.296789 0.0477928 0.0019667 2.13e-05 1e-07 0 0 0 0 0 0 0 0 0 0 0 0 
1 0.899956 0.664739 0.296468 0.0482747 0.0020164 2.84e-05 0 0 0 0 0 0 0 0 0 0 0 0 0 
1 0.899725 0.663528 0.295452 0.0483859 0.0021332 2.49e-05 0 0 0 0 0 0 0 0 0 0 0 0 0 
1 0.8995 0.663281 0.29491 0.0477247 0.0019507 2.42e-05 0 0 0 0 0 0 0 0 0 0 0 0 0 
1 0.899686 0.663667 0.295333 0.0477055 0.0020213 3.17e-05 2e-07 0 0 0 0 0 0 0 0 0 0 0 0 
1 0.90011 0.664978 0.296338 0.0477489 0.0019781 2.33e-05 0 0 0 0 0 0 0 0 0 0 0 0 0 
1 0.899729 0.663498 0.294879 0.0481747 0.0021714 4.35e-05 7e-07 0 0 0 0 0 0 0 0 0 0 0 0 
1 0.899468 0.663176 0.294625 0.0476764 0.0020982 4.12e-05 3e-07 0 0 0 0 0 0 0 0 0 0 0 0 
1 0.899434 0.663011 0.294072 0.0477316 0.0021194 3.17e-05 2e-07 0 0 0 0 0 0 0 0 0 0 0 0 
1 0.899187 0.662027 0.292847 0.0468716 0.0020138 3.58e-05 1e-07 0 0 0 0 0 0 0 0 0 0 0 0 
1 0.899936 0.66478 0.296772 0.0482713 0.0019476 1.98e-05 0 0 0 0 0 0 0 0 0 0 0 0 0 
1 0.900226 0.665243 0.297174 0.0482003 0.0019994 2.22e-05 0 0 0 0 0 0 0 0 0 0 0 0 0 
1 0.900205 0.664557 0.295894 0.0481925 0.0021883 4.88e-05 1e-07 0 0 0 0 0 0 0 0 0 0 0 0 
1 0.900186 0.664692 0.296569 0.0483583 0.0021224 3.21e-05 0 0 0 0 0 0 0 0 0 0 0 0 0 
1 0.899958 0.664192 0.295348 0.0475579 0.0019989 3.12e-05 6e-07 0 0 0 0 0 0 0 0 0 0 0 0 
1 0.900046 0.664202 0.294887 0.0470605 0.0018119 1.83e-05 0 0 0 0 0 0 0 0 0 0 0 0 0 
1 0.900018 0.664503 0.295846 0.0482298 0.0020308 2.87e-05 1e-07 0 0 0 0 0 0 0 0 0 0 0 0 
1 0.900326 0.665418 0.297323 0.0489485 0.0021446 3.31e-05 3e-07 0 0 0 0 0 0 0 0 0 0 0 0 
1 0.900344 0.665097 0.296546 0.0480543 0.0019303 1.86e-05 0 0 0 0 0 0 0 0 0 0 0 0 0 
1 0.900339 0.665239 0.296849 0.0484749 0.0020915 3.8e-05 6e-07 0 0 0 0 0 0 0 0 0 0 0 0 
1 0.899629 0.662989 0.294151 0.0471104 0.0018805 1.94e-05 0 0 0 0 0 0 0 0 0 0 0 0 0 
1 0.900206 0.665285 0.296945 0.0483601 0.0020601 2.4e-05 2e-07 0 0 0 0 0 0 0 0 0 0 0 0 
1 0.900243 0.665369 0.297021 0.0482881 0.0019358 1.41e-05 1e-07 0 0 0 0 0 0 0 0 0 0 0 0 
1 0.899681 0.663329 0.294942 0.0477792 0.001974 1.85e-05 0 0 0 0 0 0 0 0 0 0 0 0 0 
1 0.899365 0.662661 0.294177 0.0475891 0.00199 1.75e-05 0 0 0 0 0 0 0 0 0 0 0 0 0 
1 0.900148 0.664956 0.296332 0.0480559 0.0020469 2.83e-05 2e-07 0 0 0 0 0 0 0 0 0 0 0 0 
1 0.899717 0.663817 0.295425 0.0484193 0.0021343 3.16e-05 0 0 0 0 0 0 0 0 0 0 0 0 0 
1 0.899729 0.663587 0.295036 0.0480908 0.0020572 2.75e-05 2e-07 0 0 0 0 0 0 0 0 0 0 0 0 
1 0.899602 0.663062 0.294069 0.0476838 0.0020556 2.4e-05 0 0 0 0 0 0 0 0 0 0 0 0 0 
1 0.899567 0.663127 0.293576 0.0467078 0.0019495 2.49e-05 0 0 0 0 0 0 0 0 0 0 0 0 0 
1 0.899906 0.664502 0.296187 0.0482378 0.0020077 1.59e-05 0 0 0 0 0 0 0 0 0 0 0 0 0 
1 0.900352 0.665226 0.296641 0.0483674 0.0021288 2.47e-05 0 0 0 0 0 0 0 0 0 0 0 0 0 
1 0.900363 0.665178 0.296846 0.0484067 0.0021742 4.73e-05 1e-07 0 0 0 0 0 0 0 0 0 0 0 0 
1 0.899761 0.663394 0.293613 0.0467146 0.0018828 2.93e-05 0 0 0 0 0 0 0 0 0 0 0 0 0 
1 0.900517 0.665663 0.297609 0.0493814 0.0023922 5.38e-05 5e-07 0 0 0 0 0 0 0 0 0 0 0 0 
1 0.900345 0.664973 0.29651 0.0486542 0.0022372 4.13e-05 5e-07 0 0 0 0 0 0 0 0 0 0 0 0 
1 0.89975 0.663316 0.294095 0.0468522 0.0019074 2.18e-05 0 0 0 0 0 0 0 0 0 0 0 0 0 
1 0.899868 0.664133 0.295639 0.047886 0.0020825 4.55e-05 9e-07 0 0 0 0 0 0 0 0 0 0 0 0 
1 0.899101 0.661518 0.291331 0.0461535 0.001874 3.19e-05 2e-07 0 0 0 0 0 0 0 0 0 0 0 0 
1 0.900437 0.665313 0.296647 0.0482727 0.0021669 3.44e-05 1e-07 0 0 0 0 0 0 0 0 0 0 0 0 
1 0.899404 0.662809 0.294127 0.0478111 0.002003 2.59e-05 2e-07 0 0 0 0 0 0 0 0 0 0 0 0 
1 0.901179 0.667896 0.301023 0.0501387 0.0021808 2.7e-05 2e-07 0 0 0 0 0 0 0 0 0 0 0 0 
1 0.900503 0.665234 0.296971 0.0484217 0.0021354 3.45e-05 0 0 0 0 0 0 0 0 0 0 0 0 0 
1 0.900426 0.665608 0.297159 0.0486446 0.0021325 2.74e-05 0 0 0 0 0 0 0 0 0 0 0 0 0 
1 0.89974 0.663847 0.29499 0.0480277 0.002082 1.77e-05 0 0 0 0 0 0 0 0 0 0 0 0 0 
1 0.899593 0.663612 0.295012 0.0476419 0.0019428 2.19e-05 0 0 0 0 0 0 0 0 0 0 0 0 0 
1 0.900204 0.664879 0.296569 0.0481342 0.0019527 1.72e-05 0 0 0 0 0 0 0 0 0 0 0 0 0 
1 0.899728 0.664058 0.295661 0.0484619 0.002301 7.49e-05 3.9e-06 0 0 0 0 0 0 0 0 0 0 0 0 
1 0.900175 0.664675 0.295949 0.0479112 0.0020788 4.44e-05 1.8e-06 0 0 0 0 0 0 0 0 0 0 0 0 
1 0.899689 0.663525 0.29476 0.0478455 0.0021702 3.85e-05 0 0 0 0 0 0 0 0 0 0 0 0 0 
1 0.90008 0.664347 0.295563 0.0479594 0.002114 6.59e-05 2.6e-06 0 0 0 0 0 0 0 0 0 0 0 0 
1 0.900844 0.666846 0.300138 0.049937 0.0022618 3.03e-05 1e-07 0 0 0 0 0 0 0 0 0 0 0 0 
1 0.898959 0.661452 0.292294 0.0466824 0.0019658 2e-05 0 0 0 0 0 0 0 0 0 0 0 0 0 
1 0.900003 0.664385 0.295718 0.0476442 0.0019357 2.43e-05 2e-07 0 0 0 0 0 0 0 0 0 0 0 0 
1 0.899888 0.66429 0.295225 0.0474086 0.0018772 1.93e-05 1e-07 0 0 0 0 0 0 0 0 0 0 0 0 
1 0.900269 0.665026 0.297516 0.0493577 0.0023013 3.78e-05 2e-07 0 0 0 0 0 0 0 0 0 0 0 0 
1 0.89897 0.661553 0.292345 0.0466527 0.0018924 2.43e-05 0 0 0 0 0 0 0 0 0 0 0 0 0 
1 0.899838 0.664367 0.296141 0.0477011 0.0019035 2.51e-05 0 0 0 0 0 0 0 0 0 0 0 0 0 
1 0.900084 0.664613 0.296215 0.0482551 0.0020508 2.66e-05 2e-07 0 0 0 0 0 0 0 0 0 0 0 0 
1 0.899849 0.663457 0.294908 0.0480341 0.0020844 2.87e-05 3e-07 0 0 0 0 0 0 0 0 0 0 0 0 
1 0.90028 0.665151 0.297006 0.0488338 0.0022206 3.63e-05 2e-07 0 0 0 0 0 0 0 0 0 0 0 0 
1 0.899816 0.663728 0.294814 0.0474492 0.0019447 1.98e-05 0 0 0 0 0 0 0 0 0 0 0 0 0 
1 0.898835 0.661163 0.292005 0.0466165 0.0019454 2.94e-05 7e-07 0 0 0 0 0 0 0 0 0 0 0 0 
1 0.900085 0.66476 0.29652 0.0485489 0.002132 2.45e-05 0 0 0 0 0 0 0 0 0 0 0 0 0 
1 0.900203 0.66486 0.296146 0.0480603 0.0020506 3.83e-05 0 0 0 0 0 0 0 0 0 0 0 0 0 
1 0.900287 0.665388 0.296832 0.0487157 0.0021909 3.91e-05 3e-07 0 0 0 0 0 0 0 0 0 0 0 0 
1 0.899964 0.664176 0.295472 0.0475613 0.0020505 3.36e-05 0 0 0 0 0 0 0 0 0 0 0 0 0 
1 0.900253 0.665287 0.297831 0.0492416 0.0021225 2.33e-05 0 0 0 0 0 0 0 0 0 0 0 0 0 
1 0.899759 0.663342 0.294511 0.0474956 0.0020683 2.4e-05 0 0 0 0 0 0 0 0 0 0 0 0 0 
1 0.899648 0.66375 0.295716 0.0486379 0.0021394 2.64e-05 5e-07 0 0 0 0 0 0 0 0 0 0 0 0 
1 0.900092 0.664629 0.296035 0.048217 0.0021976 5.63e-05 7e-07 0 0 0 0 0 0 0 0 0 0 0 0 
1 0.900759 0.666511 0.298836 0.0493408 0.0022031 3.41e-05 0 0 0 0 0 0 0 0 0 0 0 0 0 
1 0.899323 0.662571 0.293263 0.0469953 0.0019292 2.08e-05 0 0 0 0 0 0 0 0 0 0 0 0 0 
1 0.899656 0.663517 0.294975 0.0477393 0.001919 1.74e-05 0 0 0 0 0 0 0 0 0 0 0 0 0 
1 0.89979 0.663907 0.29542 0.0479042 0.0020212 2e-05 1e-07 0 0 0 0 0 0 0 0 0 0 0 0 
1 0.899811 0.66365 0.294589 0.0472313 0.0019682 3.06e-05 4e-07 0 0 0 0 0 0 0 0 0 0 0 0 
1 0.899682 0.6633 0.294936 0.0481194 0.0021052 3.04e-05 3e-07 0 0 0 0 0 0 0 0 0 0 0 0 
1 0.899946 0.664235 0.29506 0.0473686 0.0019703 1.96e-05 0 0 0 0 0 0 0 0 0 0 0 0 0 
1 0.900201 0.664975 0.297545 0.0493175 0.0023574 4.5e-05 0 0 0 0 0 0 0 0 0 0 0 0 0 
1 0.900192 0.664948 0.297357 0.0489073 0.0021756 3.37e-05 0 0 0 0 0 0 0 0 0 0 0 0 0 
1 0.89998 0.664461 0.295643 0.0480629 0.0020718 2.57e-05 0 0 0 0 0 0 0 0 0 0 0 0 0 
1 0.900206 0.664871 0.296624 0.0484279 0.0021205 3.96e-05 3e-07 0 0 0 0 0 0 0 0 0 0 0 0 
1 0.899488 0.663012 0.294085 0.0472078 0.0019327 1.69e-05 0 0 0 0 0 0 0 0 0 0 0 0 0 
1 0.899618 0.663139 0.293925 0.0471192 0.0020145 3.41e-05 0 0 0 0 0 0 0 0 0 0 0 0 0 
1 0.89967 0.663233 0.294116 0.0473839 0.0021147 3e-05 1e-07 0 0 0 0 0 0 0 0 0 0 0 0 
1 0.899799 0.663889 0.295421 0.0477342 0.0019931 2.79e-05 0 0 0 0 0 0 0 0 0 0 0 0 0 
1 0.899523 0.663315 0.294758 0.0481286 0.0021329 4.28e-05 8e-07 0 0 0 0 0 0 0 0 0 0 0 0 
1 0.899921 0.664137 0.295586 0.0479625 0.0020525 2.9e-05 0 0 0 0 0 0 0 0 0 0 0 0 0 
1 0.90033 0.665235 0.296841 0.0484828 0.0020226 2.19e-05 0 0 0 0 0 0 0 0 0 0 0 0 0 
1 0.899744 0.663741 0.295476 0.04834 0.0021661 3.22e-05 0 0 0 0 0 0 0 0 0 0 0 0 0 
1 0.899672 0.663415 0.294459 0.04727 0.0019387 2e-05 0 0 0 0 0 0 0 0 0 0 0 0 0 
1 0.90016 0.664891 0.296406 0.0482089 0.0020954 3.58e-05 7e-07 0 0 0 0 0 0 0 0 0 0 0 0 
1 0.900828 0.666856 0.298879 0.0490098 0.0020947 1.88e-05 0 0 0 0 0 0 0 0 0 0 0 0 0 
1 0.900117 0.664518 0.296318 0.0485522 0.0021358 2.96e-05 0 0 0 0 0 0 0 0 0 0 0 0 0 
1 0.900026 0.664744 0.296715 0.0485299 0.0021325 3.57e-05 3e-07 0 0 0 0 0 0 0 0 0 0 0 0 
1 0.899749 0.664042 0.295742 0.0484359 0.0022165 4.83e-05 3e-07 0 0 0 0 0 0 0 0 0 0 0 0 
1 0.900099 0.664549 0.296018 0.0483053 0.0020702 3.31e-05 0 0 0 0 0 0 0 0 0 0 0 0 0 
1 0.900809 0.666749 0.29915 0.0498691 0.0023433 4.03e-05 2e-07 0 0 0 0 0 0 0 0 0 0 0 0 
1 0.899578 0.663417 0.295343 0.0484033 0.0021722 3.93e-05 3e-07 0 0 0 0 0 0 0 0 0 0 0 0 
1 0.900256 0.665022 0.29739 0.0492497 0.0022928 4.18e-05 3e-07 0 0 0 0 0 0 0 0 0 0 0 0 
1 0.89997 0.664138 0.295749 0.0483444 0.001989 1.71e-05 0 0 0 0 0 0 0 0 0 0 0 0 0 
