1 0.699673 0.244992 0.0130647 1.315e-05 0 0 0 0 0 0 0 0 0 0 0 0 0 0 0 
1 0.70002 0.245184 0.0130508 1.215e-05 0 0 0 0 0 0 0 0 0 0 0 0 0 0 0 
1 0.699848 0.245271 0.0131178 1.29e-05 0 0 0 0 0 0 0 0 0 0 0 0 0 0 0 
1 0.700662 0.246622 0.013323 1.16e-05 0 0 0 0 0 0 0 0 0 0 0 0 0 0 0 
1 0.699492 0.245067 0.0130911 1.28e-05 0 0 0 0 0 0 0 0 0 0 0 0 0 0 0 
1 0.699473 0.24502 0.0131275 1.265e-05 0 0 0 0 0 0 0 0 0 0 0 0 0 0 0 
1 0.699934 0.245339 0.0130984 1.3e-05 0 0 0 0 0 0 0 0 0 0 0 0 0 0 0 
1 0.69994 0.245499 0.0131537 1.46e-05 0 0 0 0 0 0 0 0 0 0 0 0 0 0 0 
1 0.700489 0.246113 0.0132692 1.355e-05 0 0 0 0 0 0 0 0 0 0 0 0 0 0 0 
1 0.699492 0.244713 0.0130467 1.425e-05 0 0 0 0 0 0 0 0 0 0 0 0 0 0 0 
1 0.700198 0.245984 0.0132325 1.335e-05 0 0 0 0 0 0 0 0 0 0 0 0 0 0 0 
1 0.69978 0.245221 0.0131344 1.375e-05 0 0 0 0 0 0 0 0 0 0 0 0 0 0 0 
1 0.699375 0.245087 0.0132317 1.435e-05 0 0 0 0 0 0 0 0 0 0 0 0 0 0 0 
1 0.699511 0.244989 0.0130612 1.555e-05 0 0 0 0 0 0 0 0 0 0 0 0 0 0 0 
1 0.699908 0.245485 0.0131697 1.255e-05 0 0 0 0 0 0 0 0 0 0 0 0 0 0 0 
1 0.699923 0.245522 0.0131818 1.225e-05 0 0 0 0 0 0 0 0 0 0 0 0 0 0 0 
1 0.700365 0.246357 0.013382 1.485e-05 0 0 0 0 0 0 0 0 0 0 0 0 0 0 0 
1 0.700277 0.245984 0.0133008 1.34e-05 0 0 0 0 0 0 0 0 0 0 0 0 0 0 0 
1 0.699715 0.245224 0.0130867 1.51e-05 0 0 0 0 0 0 0 0 0 0 0 0 0 0 0 
1 0.700297 0.245764 0.0131362 1.14e-05 0 0 0 0 0 0 0 0 0 0 0 0 0 0 0 
1 0.700143 0.245601 0.0132656 1.275e-05 0 0 0 0 0 0 0 0 0 0 0 0 0 0 0 
1 0.700128 0.245941 0.0132775 1.44e-05 0 0 0 0 0 0 0 0 0 0 0 0 0 0 0 
1 0.699603 0.245168 0.013037 1.215e-05 0 0 0 0 0 0 0 0 0 0 0 0 0 0 0 
1 0.699897 0.245339 0.0131291 1.425e-05 0 0 0 0 0 0 0 0 0 0 0 0 0 0 0 
1 0.700762 0.246346 0.0132767 1.525e-05 0 0 0 0 0 0 0 0 0 0 0 0 0 0 0 
1 0.700165 0.24598 0.0132475 1.135e-05 0 0 0 0 0 0 0 0 0 0 0 0 0 0 0 
1 0.700493 0.245969 0.013338 1.395e-05 0 0 0 0 0 0 0 0 0 0 0 0 0 0 0 
1 0.700588 0.246328 0.0133392 1.33e-05 0 0 0 0 0 0 0 0 0 0 0 0 0 0 0 
1 0.699721 0.245048 0.0130726 1.35e-05 0 0 0 0 0 0 0 0 0 0 0 0 0 0 0 
1 0.699536 0.244969 0.0130413 1.15e-05 0 0 0 0 0 0 0 0 0 0 0 0 0 0 0 
1 0.700229 0.245744 0.0131757 1.49e-05 0 0 0 0 0 0 0 0 0 0 0 0 0 0 0 
1 0.699431 0.245092 0.013081 1.375e-05 0 0 0 0 0 0 0 0 0 0 0 0 0 0 0 
1 0.7 0.245186 0.0130148 1.105e-05 0 0 0 0 0 0 0 0 0 0 0 0 0 0 0 
1 0.700043 0.245217 0.0130386 1.45e-05 0 0 0 0 0 0 0 0 0 0 0 0 0 0 0 
1 0.699868 0.245235 0.0130978 1.435e-05 0 0 0 0 0 0 0 0 0 0 0 0 0 0 0 
1 0.699468 0.245216 0.0130839 1.31e-05 0 0 0 0 0 0 0 0 0 0 0 0 0 0 0 
1 0.699895 0.245291 0.0131394 1.46e-05 0 0 0 0 0 0 0 0 0 0 0 0 0 0 0 
1 0.700214 0.246005 0.0131984 1.46e-05 0 0 0 0 0 0 0 0 0 0 0 0 0 0 0 
1 0.700114 0.245748 0.0132097 1.05e-05 0 0 0 0 0 0 0 0 0 0 0 0 0 0 0 
1 0.699831 0.245551 0.0131408 1.66e-05 0 0 0 0 0 0 0 0 0 0 0 0 0 0 0 
1 0.699918 0.245264 0.0130921 1.215e-05 0 0 0 0 0 0 0 0 0 0 0 0 0 0 0 
1 0.700106 0.245503 0.0130788 1.26e-05 0 0 0 0 0 0 0 0 0 0 0 0 0 0 0 
1 0.699367 0.244639 0.0129931 1.315e-05 0 0 0 0 0 0 0 0 0 0 0 0 0 0 0 
1 0.700655 0.246395 0.0133243 1.23e-05 0 0 0 0 0 0 0 0 0 0 0 0 0 0 0 
1 0.700107 0.245595 0.0132679 1.425e-05 0 0 0 0 0 0 0 0 0 0 0 0 0 0 0 
1 0.699603 0.244754 0.012961 1.16e-05 0 0 0 0 0 0 0 0 0 0 0 0 0 0 0 
1 0.700012 0.245616 0.0131642 1.16e-05 0 0 0 0 0 0 0 0 0 0 0 0 0 0 0 
1 0.700007 0.245581 0.0131574 1.32e-05 0 0 0 0 0 0 0 0 0 0 0 0 0 0 0 
1 0.700666 0.246477 0.0132984 1.175e-05 0 0 0 0 0 0 0 0 0 0 0 0 0 0 0 
1 0.700183 0.245585 0.0130713 1.17e-05 0 0 0 0 0 0 0 0 0 0 0 0 0 0 0 
1 0.699994 0.245795 0.0132167 1.285e-05 0 0 0 0 0 0 0 0 0 0 0 0 0 0 0 
1 0.70105 0.247102 0.0133591 1.035e-05 0 0 0 0 0 0 0 0 0 0 0 0 0 0 0 
1 0.699407 0.244529 0.0129924 1.27e-05 0 0 0 0 0 0 0 0 0 0 0 0 0 0 0 
1 0.699708 0.2454 0.013172 1.63e-05 0 0 0 0 0 0 0 0 0 0 0 0 0 0 0 
1 0.699856 0.245358 0.0130998 9.85e-06 0 0 0 0 0 0 0 0 0 0 0 0 0 0 0 
1 0.699312 0.244708 0.0130943 1.42e-05 0 0 0 0 0 0 0 0 0 0 0 0 0 0 0 
1 0.699997 0.245335 0.0130739 1.26e-05 0 0 0 0 0 0 0 0 0 0 0 0 0 0 0 
1 0.699872 0.24529 0.0130944 1.335e-05 0 0 0 0 0 0 0 0 0 0 0 0 0 0 0 
1 0.700087 0.245652 0.0131874 1.285e-05 0 0 0 0 0 0 0 0 0 0 0 0 0 0 0 
1 0.699773 0.245022 0.0130943 1.235e-05 0 0 0 0 0 0 0 0 0 0 0 0 0 0 0 
1 0.699939 0.245284 0.0131414 1.555e-05 0 0 0 0 0 0 0 0 0 0 0 0 0 0 0 
1 0.699596 0.244983 0.0129788 1.59e-05 0 0 0 0 0 0 0 0 0 0 0 0 0 0 0 
1 0.699726 0.245126 0.0130775 1.32e-05 0 0 0 0 0 0 0 0 0 0 0 0 0 0 0 
1 0.6999 0.245382 0.01317 1.405e-05 0 0 0 0 0 0 0 0 0 0 0 0 0 0 0 
1 0.700012 0.245534 0.0130767 1.225e-05 0 0 0 0 0 0 0 0 0 0 0 0 0 0 0 
1 0.69991 0.245447 0.013245 1.585e-05 0 0 0 0 0 0 0 0 0 0 0 0 0 0 0 
1 0.699289 0.244766 0.0129653 1.38e-05 0 0 0 0 0 0 0 0 0 0 0 0 0 0 0 
1 0.699417 0.244631 0.0129922 1.43e-05 0 0 0 0 0 0 0 0 0 0 0 0 0 0 0 
1 0.699993 0.245345 0.0131361 1.04e-05 0 0 0 0 0 0 0 0 0 0 0 0 0 0 0 
1 0.699667 0.245127 0.0130743 1.235e-05 0 0 0 0 0 0 0 0 0 0 0 0 0 0 0 
1 0.699509 0.244911 0.0130177 1.285e-05 0 0 0 0 0 0 0 0 0 0 0 0 0 0 0 
1 0.699633 0.245276 0.0130769 1.1e-05 0 0 0 0 0 0 0 0 0 0 0 0 0 0 0 
1 0.700059 0.245443 0.0130904 1.185e-05 0 0 0 0 0 0 0 0 0 0 0 0 0 0 0 
1 0.699858 0.245373 0.0131376 1.5e-05 0 0 0 0 0 0 0 0 0 0 0 0 0 0 0 
1 0.699472 0.244702 0.0130151 1.41e-05 0 0 0 0 0 0 0 0 0 0 0 0 0 0 0 
1 0.699823 0.245608 0.0131502 1.16e-05 0 0 0 0 0 0 0 0 0 0 0 0 0 0 0 
1 0.70032 0.246102 0.0132307 1.485e-05 0 0 0 0 0 0 0 0 0 0 0 0 0 0 0 
1 0.699946 0.245325 0.0130434 1.45e-05 0 0 0 0 0 0 0 0 0 0 0 0 0 0 0 
1 0.700487 0.246174 0.0132776 1.345e-05 0 0 0 0 0 0 0 0 0 0 0 0 0 0 0 
1 0.699679 0.245112 0.0131706 1.43e-05 0 0 0 0 0 0 0 0 0 0 0 0 0 0 0 
1 0.700028 0.245271 0.0131281 1.01e-05 0 0 0 0 0 0 0 0 0 0 0 0 0 0 0 
1 0.700052 0.245603 0.0132021 1.43e-05 0 0 0 0 0 0 0 0 0 0 0 0 0 0 0 
1 0.699911 0.245486 0.0130736 1.125e-05 0 0 0 0 0 0 0 0 0 0 0 0 0 0 0 
1 0.699975 0.245249 0.0130622 1.475e-05 0 0 0 0 0 0 0 0 0 0 0 0 0 0 0 
1 0.700393 0.24616 0.0133759 1.345e-05 0 0 0 0 0 0 0 0 0 0 0 0 0 0 0 
1 0.700426 0.245963 0.0132483 1.24e-05 0 0 0 0 0 0 0 0 0 0 0 0 0 0 0 
1 0.699866 0.245049 0.0130858 1.375e-05 0 0 0 0 0 0 0 0 0 0 0 0 0 0 0 
1 0.700274 0.24609 0.0133146 1.245e-05 0 0 0 0 0 0 0 0 0 0 0 0 0 0 0 
1 0.700501 0.246189 0.013253 1.275e-05 0 0 0 0 0 0 0 0 0 0 0 0 0 0 0 
1 0.699871 0.245143 0.0130616 1.105e-05 0 0 0 0 0 0 0 0 0 0 0 0 0 0 0 
1 0.700811 0.246664 0.0134058 1.545e-05 0 0 0 0 0 0 0 0 0 0 0 0 0 0 0 
1 0.70019 0.245764 0.013266 1.435e-05 0 0 0 0 0 0 0 0 0 0 0 0 0 0 0 
1 0.700192 0.245731 0.0131733 1.35e-05 0 0 0 0 0 0 0 0 0 0 0 0 0 0 0 
1 0.699899 0.245213 0.0131226 1.365e-05 0 0 0 0 0 0 0 0 0 0 0 0 0 0 0 
1 0.700068 0.245485 0.0131193 1.34e-05 0 0 0 0 0 0 0 0 0 0 0 0 0 0 0 
1 0.700073 0.245558 0.0131367 1.355e-05 0 0 0 0 0 0 0 0 0 0 0 0 0 0 0 
1 0.699568 0.24497 0.0130584 1.115e-05 0 0 0 0 0 0 0 0 0 0 0 0 0 0 0 
1 0.700852 0.246663 0.0133604 1.26e-05 0 0 0 0 0 0 0 0 0 0 0 0 0 0 0 
1 0.699669 0.245324 0.0131568 1.395e-05 0 0 0 0 0 0 0 0 0 0 0 0 0 0 0 
1 0.699305 0.244758 0.0130516 1.22e-05 0 0 0 0 0 0 0 0 0 0 0 0 0 0 0 
1 0.699728 0.245168 0.0130263 1.63e-05 0 0 0 0 0 0 0 0 0 0 0 0 0 0 0 
1 0.699771 0.245251 0.0131104 1.17e-05 0 0 0 0 0 0 0 0 0 0 0 0 0 0 0 
1 0.699587 0.245172 0.0131162 1e-05 0 0 0 0 0 0 0 0 0 0 0 0 0 0 0 
1 0.700058 0.245532 0.0131028 1.24e-05 0 0 0 0 0 0 0 0 0 0 0 0 0 0 0 
1 0.699996 0.245611 0.0131036 1.325e-05 0 0 0 0 0 0 0 0 0 0 0 0 0 0 0 
1 0.700438 0.245975 0.0132719 9.5e-06 0 0 0 0 0 0 0 0 0 0 0 0 0 0 0 
1 0.699672 0.245146 0.0130626 1.175e-05 0 0 0 0 0 0 0 0 0 0 0 0 0 0 0 
1 0.700134 0.245827 0.0131544 1.28e-05 0 0 0 0 0 0 0 0 0 0 0 0 0 0 0 
1 0.699888 0.245279 0.0131614 1.515e-05 0 0 0 0 0 0 0 0 0 0 0 0 0 0 0 
1 0.700554 0.24589 0.0131401 1.49e-05 0 0 0 0 0 0 0 0 0 0 0 0 0 0 0 
1 0.699655 0.244883 0.0130237 1.11e-05 0 0 0 0 0 0 0 0 0 0 0 0 0 0 0 
1 0.700123 0.245631 0.0131792 1.17e-05 0 0 0 0 0 0 0 0 0 0 0 0 0 0 0 
1 0.700081 0.245449 0.0131817 1.155e-05 0 0 0 0 0 0 0 0 0 0 0 0 0 0 0 
1 0.699724 0.24523 0.0130628 1.61e-05 0 0 0 0 0 0 0 0 0 0 0 0 0 0 0 
1 0.699607 0.244809 0.0129818 1.03e-05 0 0 0 0 0 0 0 0 0 0 0 0 0 0 0 
1 0.699917 0.245256 0.0131099 1.04e-05 0 0 0 0 0 0 0 0 0 0 0 0 0 0 0 
1 0.700286 0.245847 0.0132483 1.56e-05 0 0 0 0 0 0 0 0 0 0 0 0 0 0 0 
1 0.70015 0.246133 0.0132353 1.455e-05 0 0 0 0 0 0 0 0 0 0 0 0 0 0 0 
1 0.700261 0.246099 0.0132429 1.675e-05 0 0 0 0 0 0 0 0 0 0 0 0 0 0 0 
1 0.699979 0.245716 0.0131862 1.815e-05 0 0 0 0 0 0 0 0 0 0 0 0 0 0 0 
1 0.70016 0.24567 0.0131314 1.165e-05 0 0 0 0 0 0 0 0 0 0 0 0 0 0 0 
1 0.700122 0.245795 0.013202 1.215e-05 0 0 0 0 0 0 0 0 0 0 0 0 0 0 0 
1 0.699064 0.244206 0.0129621 1.24e-05 0 0 0 0 0 0 0 0 0 0 0 0 0 0 0 
1 0.699525 0.245198 0.013083 1.36e-05 0 0 0 0 0 0 0 0 0 0 0 0 0 0 0 
1 0.700373 0.246154 0.0132337 1.175e-05 0 0 0 0 0 0 0 0 0 0 0 0 0 0 0 
1 0.699897 0.245416 0.0131215 1.185e-05 0 0 0 0 0 0 0 0 0 0 0 0 0 0 0 
1 0.69991 0.245335 0.0131556 1.045e-05 0 0 0 0 0 0 0 0 0 0 0 0 0 0 0 
1 0.699939 0.245422 0.0131084 1.115e-05 0 0 0 0 0 0 0 0 0 0 0 0 0 0 0 
1 0.700275 0.245448 0.0130597 1.16e-05 0 0 0 0 0 0 0 0 0 0 0 0 0 0 0 
1 0.70005 0.245646 0.0132656 1.195e-05 0 0 0 0 0 0 0 0 0 0 0 0 0 0 0 
1 0.699495 0.244997 0.0130513 1.225e-05 0 0 0 0 0 0 0 0 0 0 0 0 0 0 0 
1 0.700158 0.245527 0.0131377 1.315e-05 0 0 0 0 0 0 0 0 0 0 0 0 0 0 0 
1 0.699351 0.24456 0.0129702 1.28e-05 0 0 0 0 0 0 0 0 0 0 0 0 0 0 0 
1 0.700086 0.245663 0.0131805 1.325e-05 0 0 0 0 0 0 0 0 0 0 0 0 0 0 0 
1 0.699581 0.245103 0.0130608 1.415e-05 0 0 0 0 0 0 0 0 0 0 0 0 0 0 0 
1 0.700277 0.245964 0.0131579 1.34e-05 0 0 0 0 0 0 0 0 0 0 0 0 0 0 0 
1 0.699842 0.245557 0.0131907 1.3e-05 0 0 0 0 0 0 0 0 0 0 0 0 0 0 0 
1 0.700031 0.245621 0.0132004 1.35e-05 0 0 0 0 0 0 0 0 0 0 0 0 0 0 0 
1 0.699901 0.245379 0.0131147 1.355e-05 0 0 0 0 0 0 0 0 0 0 0 0 0 0 0 
1 0.700316 0.246045 0.0132555 1.36e-05 1e-07 0 0 0 0 0 0 0 0 0 0 0 0 0 0 
1 0.700006 0.245152 0.0130632 1.435e-05 0 0 0 0 0 0 0 0 0 0 0 0 0 0 0 
1 0.700175 0.245692 0.0131475 1.24e-05 0 0 0 0 0 0 0 0 0 0 0 0 0 0 0 
1 0.700045 0.245571 0.0131838 1.45e-05 0 0 0 0 0 0 0 0 0 0 0 0 0 0 0 
1 0.699697 0.245378 0.0131321 8.65e-06 0 0 0 0 0 0 0 0 0 0 0 0 0 0 0 
1 0.699931 0.245442 0.0131474 1.045e-05 0 0 0 0 0 0 0 0 0 0 0 0 0 0 0 
1 0.700199 0.24566 0.0132237 1.56e-05 0 0 0 0 0 0 0 0 0 0 0 0 0 0 0 
1 0.699703 0.24481 0.0130957 1.06e-05 0 0 0 0 0 0 0 0 0 0 0 0 0 0 0 
1 0.699425 0.244547 0.0128615 1.18e-05 0 0 0 0 0 0 0 0 0 0 0 0 0 0 0 
1 0.700064 0.245404 0.0131397 1.26e-05 0 0 0 0 0 0 0 0 0 0 0 0 0 0 0 
1 0.69999 0.245562 0.0131857 1.385e-05 0 0 0 0 0 0 0 0 0 0 0 0 0 0 0 
1 0.70062 0.246171 0.0132176 1.685e-05 0 0 0 0 0 0 0 0 0 0 0 0 0 0 0 
1 0.700271 0.246292 0.0132935 1.705e-05 0 0 0 0 0 0 0 0 0 0 0 0 0 0 0 
1 0.699505 0.244987 0.0130441 1.155e-05 0 0 0 0 0 0 0 0 0 0 0 0 0 0 0 
1 0.700465 0.246317 0.0132213 1.21e-05 0 0 0 0 0 0 0 0 0 0 0 0 0 0 0 
1 0.699615 0.24465 0.0130024 1.265e-05 0 0 0 0 0 0 0 0 0 0 0 0 0 0 0 
1 0.699925 0.245458 0.0130914 1.015e-05 0 0 0 0 0 0 0 0 0 0 0 0 0 0 0 
1 0.699965 0.245408 0.0131538 1.345e-05 0 0 0 0 0 0 0 0 0 0 0 0 0 0 0 
1 0.700315 0.246104 0.0133198 1.165e-05 0 0 0 0 0 0 0 0 0 0 0 0 0 0 0 
1 0.700576 0.246403 0.0134488 1.5e-05 0 0 0 0 0 0 0 0 0 0 0 0 0 0 0 
1 0.69947 0.244931 0.0129942 1.61e-05 0 0 0 0 0 0 0 0 0 0 0 0 0 0 0 
1 0.700041 0.245315 0.0129974 1.37e-05 0 0 0 0 0 0 0 0 0 0 0 0 0 0 0 
1 0.700531 0.246306 0.0132753 1.295e-05 0 0 0 0 0 0 0 0 0 0 0 0 0 0 0 
1 0.70007 0.245328 0.0130443 1.735e-05 0 0 0 0 0 0 0 0 0 0 0 0 0 0 0 
1 0.699968 0.245038 0.0130368 1.315e-05 0 0 0 0 0 0 0 0 0 0 0 0 0 0 0 
1 0.699188 0.244382 0.0129255 1.055e-05 0 0 0 0 0 0 0 0 0 0 0 0 0 0 0 
1 0.700343 0.246026 0.0132557 1.315e-05 0 0 0 0 0 0 0 0 0 0 0 0 0 0 0 
1 0.700361 0.24587 0.013201 1.435e-05 0 0 0 0 0 0 0 0 0 0 0 0 0 0 0 
1 0.700361 0.246153 0.0133237 1.515e-05 0 0 0 0 0 0 0 0 0 0 0 0 0 0 0 
1 0.70038 0.246217 0.0132914 1.265e-05 0 0 0 0 0 0 0 0 0 0 0 0 0 0 0 
1 0.700429 0.24632 0.0132757 1.405e-05 0 0 0 0 0 0 0 0 0 0 0 0 0 0 0 
1 0.699702 0.245288 0.0131939 1.385e-05 0 0 0 0 0 0 0 0 0 0 0 0 0 0 0 
1 0.69951 0.244708 0.0129561 1.34e-05 0 0 0 0 0 0 0 0 0 0 0 0 0 0 0 
1 0.700262 0.246275 0.0133389 1.23e-05 0 0 0 0 0 0 0 0 0 0 0 0 0 0 0 
1 0.699524 0.244789 0.0130478 1.465e-05 0 0 0 0 0 0 0 0 0 0 0 0 0 0 0 
1 0.699742 0.245204 0.0130913 1.475e-05 0 0 0 0 0 0 0 0 0 0 0 0 0 0 0 
1 0.700085 0.245777 0.0131717 1.185e-05 0 0 0 0 0 0 0 0 0 0 0 0 0 0 0 
1 0.699878 0.245376 0.0130963 1.33e-05 0 0 0 0 0 0 0 0 0 0 0 0 0 0 0 
1 0.70052 0.246385 0.0133564 1.64e-05 0 0 0 0 0 0 0 0 0 0 0 0 0 0 0 
1 0.699775 0.245203 0.013032 1.13e-05 0 0 0 0 0 0 0 0 0 0 0 0 0 0 0 
1 0.69962 0.245076 0.0130722 1.39e-05 0 0 0 0 0 0 0 0 0 0 0 0 0 0 0 
1 0.700097 0.2458 0.0131943 1.36e-05 0 0 0 0 0 0 0 0 0 0 0 0 0 0 0 
1 0.7 0.245221 0.0131237 1.425e-05 0 0 0 0 0 0 0 0 0 0 0 0 0 0 0 
1 0.699942 0.245233 0.0130343 1.25e-05 0 0 0 0 0 0 0 0 0 0 0 0 0 0 0 
1 0.699943 0.245684 0.0131756 8.95e-06 0 0 0 0 0 0 0 0 0 0 0 0 0 0 0 
1 0.699933 0.245476 0.0130707 1.31e-05 0 0 0 0 0 0 0 0 0 0 0 0 0 0 0 
1 0.699978 0.245576 0.0131329 9.7e-06 0 0 0 0 0 0 0 0 0 0 0 0 0 0 0 
1 0.699731 0.245481 0.0131932 1.515e-05 0 0 0 0 0 0 0 0 0 0 0 0 0 0 0 
1 0.699956 0.245604 0.0131316 1.255e-05 0 0 0 0 0 0 0 0 0 0 0 0 0 0 0 
1 0.69999 0.245093 0.0129322 1.22e-05 0 0 0 0 0 0 0 0 0 0 0 0 0 0 0 
1 0.70023 0.246092 0.0132629 1.865e-05 0 0 0 0 0 0 0 0 0 0 0 0 0 0 0 
1 0.700236 0.245894 0.0131117 1.295e-05 0 0 0 0 0 0 0 0 0 0 0 0 0 0 0 
1 0.699937 0.245465 0.0131305 1.335e-05 0 0 0 0 0 0 0 0 0 0 0 0 0 0 0 
1 0.700733 0.246512 0.0133281 1.245e-05 0 0 0 0 0 0 0 0 0 0 0 0 0 0 0 
1 0.700736 0.246335 0.0132475 1.33e-05 0 0 0 0 0 0 0 0 0 0 0 0 0 0 0 
1 0.699881 0.245576 0.0131572 1.24e-05 0 0 0 0 0 0 0 0 0 0 0 0 0 0 0 
1 0.700573 0.246255 0.0132789 1.225e-05 0 0 0 0 0 0 0 0 0 0 0 0 0 0 0 
1 0.69943 0.244751 0.0130349 1.175e-05 0 0 0 0 0 0 0 0 0 0 0 0 0 0 0 
1 0.700269 0.246158 0.0131914 1.37e-05 0 0 0 0 0 0 0 0 0 0 0 0 0 0 0 
1 0.700133 0.245831 0.013153 8.35e-06 0 0 0 0 0 0 0 0 0 0 0 0 0 0 0 
1 0.699842 0.245344 0.0131579 1.39e-05 0 0 0 0 0 0 0 0 0 0 0 0 0 0 0 
1 0.699642 0.245334 0.0131195 1.33e-05 0 0 0 0 0 0 0 0 0 0 0 0 0 0 0 
1 0.699975 0.245376 0.0131935 1.37e-05 0 0 0 0 0 0 0 0 0 0 0 0 0 0 0 
1 0.699709 0.245037 0.0130764 1.47e-05 0 0 0 0 0 0 0 0 0 0 0 0 0 0 0 
1 0.700174 0.245617 0.0130838 1.315e-05 0 0 0 0 0 0 0 0 0 0 0 0 0 0 0 
1 0.700024 0.245821 0.0132094 1.325e-05 0 0 0 0 0 0 0 0 0 0 0 0 0 0 0 
1 0.700106 0.245649 0.0132157 1.415e-05 0 0 0 0 0 0 0 0 0 0 0 0 0 0 0 
1 0.699881 0.245376 0.0131022 1.205e-05 0 0 0 0 0 0 0 0 0 0 0 0 0 0 0 
1 0.700301 0.245839 0.0131255 1.2e-05 0 0 0 0 0 0 0 0 0 0 0 0 0 0 0 
1 0.700119 0.245902 0.013239 1.12e-05 0 0 0 0 0 0 0 0 0 0 0 0 0 0 0 
1 0.700067 0.245459 0.0131585 1.245e-05 0 0 0 0 0 0 0 0 0 0 0 0 0 0 0 
1 0.700365 0.246096 0.0132545 1.285e-05 0 0 0 0 0 0 0 0 0 0 0 0 0 0 0 
1 0.700647 0.246258 0.0133294 1.54e-05 0 0 0 0 0 0 0 0 0 0 0 0 0 0 0 
1 0.700194 0.245415 0.0130615 1.03e-05 0 0 0 0 0 0 0 0 0 0 0 0 0 0 0 
1 0.699553 0.245271 0.0131923 1.295e-05 0 0 0 0 0 0 0 0 0 0 0 0 0 0 0 
1 0.700149 0.246028 0.0133276 1.51e-05 0 0 0 0 0 0 0 0 0 0 0 0 0 0 0 
1 0.699658 0.24517 0.0129596 9.4e-06 0 0 0 0 0 0 0 0 0 0 0 0 0 0 0 
1 0.699987 0.245586 0.0131313 1.32e-05 0 0 0 0 0 0 0 0 0 0 0 0 0 0 0 
1 0.700281 0.245918 0.0131423 1.385e-05 0 0 0 0 0 0 0 0 0 0 0 0 0 0 0 
1 0.699691 0.24517 0.0131331 1.145e-05 0 0 0 0 0 0 0 0 0 0 0 0 0 0 0 
1 0.700308 0.24593 0.0132311 1.15e-05 0 0 0 0 0 0 0 0 0 0 0 0 0 0 0 
1 0.699029 0.24441 0.0129916 1.715e-05 0 0 0 0 0 0 0 0 0 0 0 0 0 0 0 
1 0.700111 0.245681 0.0131202 1.175e-05 0 0 0 0 0 0 0 0 0 0 0 0 0 0 0 
1 0.700025 0.2458 0.0132208 1.555e-05 0 0 0 0 0 0 0 0 0 0 0 0 0 0 0 
1 0.699901 0.245245 0.0131704 1.395e-05 0 0 0 0 0 0 0 0 0 0 0 0 0 0 0 
1 0.699974 0.245509 0.0131265 1.5e-05 0 0 0 0 0 0 0 0 0 0 0 0 0 0 0 
1 0.700691 0.246298 0.0132869 1.275e-05 0 0 0 0 0 0 0 0 0 0 0 0 0 0 0 
1 0.700562 0.246215 0.0133597 1.345e-05 0 0 0 0 0 0 0 0 0 0 0 0 0 0 0 
1 0.700149 0.245712 0.0130899 1.175e-05 0 0 0 0 0 0 0 0 0 0 0 0 0 0 0 
1 0.6996 0.244932 0.0131039 1.42e-05 0 0 0 0 0 0 0 0 0 0 0 0 0 0 0 
1 0.700443 0.246225 0.0132803 1.43e-05 0 0 0 0 0 0 0 0 0 0 0 0 0 0 0 
