1 0.699373 0.348282 0.0963583 0.01128 0.000513333 1.16667e-05 0 0 0 0 0 0 0 0 0 0 0 0 0 
1 0.698928 0.350483 0.0973883 0.0114883 0.000618333 3.33333e-05 0 0 0 0 0 0 0 0 0 0 0 0 0 
1 0.698555 0.348738 0.0956183 0.0109633 0.000458333 1.16667e-05 0 0 0 0 0 0 0 0 0 0 0 0 0 
1 0.700373 0.351107 0.0976317 0.0114533 0.00057 5e-06 0 0 0 0 0 0 0 0 0 0 0 0 0 
1 0.699288 0.349635 0.09566 0.0109283 0.000523333 2.33333e-05 1.66667e-06 0 0 0 0 0 0 0 0 0 0 0 0 
1 0.700742 0.350452 0.0965233 0.0110033 0.000495 6.66667e-06 0 0 0 0 0 0 0 0 0 0 0 0 0 
1 0.702038 0.352042 0.0981033 0.0113383 0.000505 1.83333e-05 0 0 0 0 0 0 0 0 0 0 0 0 0 
1 0.697817 0.34654 0.0953 0.01128 0.00053 1.16667e-05 0 0 0 0 0 0 0 0 0 0 0 0 0 
1 0.69904 0.348917 0.095715 0.0112917 0.000538333 1e-05 0 0 0 0 0 0 0 0 0 0 0 0 0 
1 0.702328 0.353545 0.0989317 0.0114117 0.000531667 8.33333e-06 1.66667e-06 0 0 0 0 0 0 0 0 0 0 0 0 
1 0.699737 0.350673 0.096945 0.0109017 0.000566667 1.66667e-05 0 0 0 0 0 0 0 0 0 0 0 0 0 
1 0.699312 0.349617 0.0973167 0.01121 0.00048 1.83333e-05 0 0 0 0 0 0 0 0 0 0 0 0 0 
1 0.699447 0.349542 0.0968317 0.0111667 0.000496667 1.5e-05 0 0 0 0 0 0 0 0 0 0 0 0 0 
1 0.699795 0.349603 0.0964633 0.0112583 0.000483333 1.66667e-05 0 0 0 0 0 0 0 0 0 0 0 0 0 
1 0.700552 0.350672 0.0971483 0.01107 0.000505 1.83333e-05 3.33333e-06 0 0 0 0 0 0 0 0 0 0 0 0 
1 0.702738 0.354623 0.100103 0.0119417 0.000571667 1.5e-05 0 0 0 0 0 0 0 0 0 0 0 0 0 
1 0.698678 0.348458 0.0959183 0.0109267 0.000448333 3.33333e-06 1.66667e-06 0 0 0 0 0 0 0 0 0 0 0 0 
1 0.70102 0.35135 0.0980417 0.0114767 0.000481667 1.33333e-05 0 0 0 0 0 0 0 0 0 0 0 0 0 
1 0.699027 0.34899 0.09669 0.01142 0.000571667 2.33333e-05 1.66667e-06 0 0 0 0 0 0 0 0 0 0 0 0 
1 0.70076 0.35225 0.098225 0.01144 0.000536667 2.66667e-05 0 0 0 0 0 0 0 0 0 0 0 0 0 
1 0.701128 0.351398 0.097465 0.01132 0.000475 8.33333e-06 0 0 0 0 0 0 0 0 0 0 0 0 0 
1 0.699287 0.349955 0.0959583 0.0110467 0.00048 1.83333e-05 0 0 0 0 0 0 0 0 0 0 0 0 0 
1 0.70034 0.352512 0.0982767 0.0112483 0.000493333 1.33333e-05 0 0 0 0 0 0 0 0 0 0 0 0 0 
1 0.698217 0.348317 0.09699 0.0110767 0.000513333 5e-06 0 0 0 0 0 0 0 0 0 0 0 0 0 
1 0.701453 0.351468 0.098165 0.0114483 0.000571667 6.66667e-06 0 0 0 0 0 0 0 0 0 0 0 0 0 
1 0.700445 0.350658 0.097315 0.011065 0.000461667 1e-05 0 0 0 0 0 0 0 0 0 0 0 0 0 
1 0.700245 0.350873 0.0971717 0.0114217 0.00051 1.5e-05 0 0 0 0 0 0 0 0 0 0 0 0 0 
1 0.696938 0.345957 0.095115 0.010845 0.000481667 6.66667e-06 0 0 0 0 0 0 0 0 0 0 0 0 0 
1 0.698267 0.348798 0.0955317 0.0110217 0.000465 5e-06 0 0 0 0 0 0 0 0 0 0 0 0 0 
1 0.700688 0.350907 0.0978667 0.0114383 0.000545 2.16667e-05 0 0 0 0 0 0 0 0 0 0 0 0 0 
1 0.697997 0.348597 0.0954133 0.0106883 0.000551667 2.5e-05 0 0 0 0 0 0 0 0 0 0 0 0 0 
1 0.69979 0.350273 0.0968833 0.0109567 0.000553333 8.33333e-06 0 0 0 0 0 0 0 0 0 0 0 0 0 
1 0.701167 0.352062 0.097635 0.0112783 0.000558333 2.33333e-05 0 0 0 0 0 0 0 0 0 0 0 0 0 
1 0.698875 0.348397 0.0957717 0.011015 0.000493333 1.5e-05 0 0 0 0 0 0 0 0 0 0 0 0 0 
1 0.700063 0.350743 0.0971833 0.01128 0.000506667 5e-06 0 0 0 0 0 0 0 0 0 0 0 0 0 
1 0.699797 0.349347 0.09642 0.0108783 0.000458333 6.66667e-06 0 0 0 0 0 0 0 0 0 0 0 0 0 
1 0.700165 0.350627 0.0983483 0.011345 0.000531667 8.33333e-06 0 0 0 0 0 0 0 0 0 0 0 0 0 
1 0.701492 0.350787 0.096605 0.01103 0.00046 3.33333e-06 0 0 0 0 0 0 0 0 0 0 0 0 0 
1 0.698402 0.34884 0.0960317 0.0111283 0.000545 2.83333e-05 1.66667e-06 0 0 0 0 0 0 0 0 0 0 0 0 
1 0.701415 0.352483 0.098425 0.011285 0.000506667 1e-05 0 0 0 0 0 0 0 0 0 0 0 0 0 
1 0.69927 0.349558 0.0965933 0.011295 0.000555 2e-05 0 0 0 0 0 0 0 0 0 0 0 0 0 
1 0.700057 0.350417 0.098075 0.01148 0.000551667 1.83333e-05 1.66667e-06 0 0 0 0 0 0 0 0 0 0 0 0 
1 0.700063 0.349532 0.0965717 0.010975 0.000535 1.33333e-05 0 0 0 0 0 0 0 0 0 0 0 0 0 
1 0.69853 0.348358 0.0963 0.0109683 0.000406667 1.66667e-05 0 0 0 0 0 0 0 0 0 0 0 0 0 
1 0.700667 0.352333 0.09884 0.0117533 0.000611667 5e-06 0 0 0 0 0 0 0 0 0 0 0 0 0 
1 0.700045 0.35083 0.0971233 0.0112133 0.000545 2.16667e-05 0 0 0 0 0 0 0 0 0 0 0 0 0 
1 0.700757 0.353037 0.0982667 0.0114183 0.000515 1.83333e-05 0 0 0 0 0 0 0 0 0 0 0 0 0 
1 0.70006 0.35127 0.098145 0.0114983 0.000576667 2.66667e-05 0 0 0 0 0 0 0 0 0 0 0 0 0 
1 0.70034 0.351013 0.097255 0.0112267 0.000515 1.5e-05 0 0 0 0 0 0 0 0 0 0 0 0 0 
1 0.700152 0.350587 0.0966983 0.0109717 0.000498333 1.16667e-05 0 0 0 0 0 0 0 0 0 0 0 0 0 
1 0.700362 0.34993 0.0969433 0.01112 0.000501667 6.66667e-06 0 0 0 0 0 0 0 0 0 0 0 0 0 
1 0.69946 0.349303 0.095445 0.010625 0.000458333 3.33333e-06 0 0 0 0 0 0 0 0 0 0 0 0 0 
1 0.696693 0.346238 0.0945167 0.0107733 0.000448333 1.66667e-05 1.66667e-06 0 0 0 0 0 0 0 0 0 0 0 0 
1 0.698748 0.349723 0.0970583 0.0114167 0.000515 8.33333e-06 0 0 0 0 0 0 0 0 0 0 0 0 0 
1 0.69882 0.347898 0.0957167 0.0107833 0.000498333 2e-05 1.66667e-06 0 0 0 0 0 0 0 0 0 0 0 0 
1 0.700153 0.349647 0.095935 0.0106733 0.000481667 1.66667e-05 0 0 0 0 0 0 0 0 0 0 0 0 0 
1 0.699088 0.348967 0.09538 0.0108133 0.00056 1e-05 0 0 0 0 0 0 0 0 0 0 0 0 0 
1 0.699347 0.34877 0.0958433 0.0107833 0.000493333 1e-05 0 0 0 0 0 0 0 0 0 0 0 0 0 
1 0.701638 0.350857 0.0965367 0.01099 0.000443333 1.66667e-05 0 0 0 0 0 0 0 0 0 0 0 0 0 
1 0.700433 0.351073 0.0984183 0.0117283 0.000493333 1.66667e-05 0 0 0 0 0 0 0 0 0 0 0 0 0 
1 0.701725 0.352987 0.0983233 0.01131 0.000546667 1.16667e-05 0 0 0 0 0 0 0 0 0 0 0 0 0 
1 0.699538 0.351185 0.0981867 0.01149 0.000475 8.33333e-06 0 0 0 0 0 0 0 0 0 0 0 0 0 
1 0.701302 0.352037 0.0984417 0.01142 0.000535 1.16667e-05 0 0 0 0 0 0 0 0 0 0 0 0 0 
1 0.698923 0.34875 0.0961517 0.011095 0.000478333 1.16667e-05 0 0 0 0 0 0 0 0 0 0 0 0 0 
1 0.699095 0.34757 0.0947867 0.0107033 0.000458333 8.33333e-06 0 0 0 0 0 0 0 0 0 0 0 0 0 
1 0.699537 0.347845 0.0952183 0.0111633 0.000528333 1.16667e-05 0 0 0 0 0 0 0 0 0 0 0 0 0 
1 0.699785 0.349715 0.0963717 0.01119 0.000508333 1.16667e-05 0 0 0 0 0 0 0 0 0 0 0 0 0 
1 0.699457 0.348007 0.0952317 0.0109283 0.000468333 2.5e-05 1.66667e-06 0 0 0 0 0 0 0 0 0 0 0 0 
1 0.699422 0.350093 0.0962167 0.011135 0.000498333 8.33333e-06 0 0 0 0 0 0 0 0 0 0 0 0 0 
1 0.702073 0.3528 0.09816 0.0115417 0.000565 2.5e-05 1.66667e-06 0 0 0 0 0 0 0 0 0 0 0 0 
1 0.700883 0.35149 0.09791 0.01142 0.000545 1.5e-05 0 0 0 0 0 0 0 0 0 0 0 0 0 
1 0.701363 0.352508 0.0984817 0.0115883 0.000488333 1.83333e-05 0 0 0 0 0 0 0 0 0 0 0 0 0 
1 0.700367 0.35048 0.0965 0.01091 0.000476667 2.16667e-05 0 0 0 0 0 0 0 0 0 0 0 0 0 
1 0.698555 0.349198 0.0963917 0.0110633 0.000436667 1.33333e-05 0 0 0 0 0 0 0 0 0 0 0 0 0 
1 0.703008 0.354403 0.100532 0.011955 0.000616667 1.83333e-05 0 0 0 0 0 0 0 0 0 0 0 0 0 
1 0.700943 0.351368 0.09805 0.011385 0.00054 2.16667e-05 0 0 0 0 0 0 0 0 0 0 0 0 0 
1 0.699065 0.348645 0.09618 0.0109483 0.0005 1.5e-05 1.66667e-06 0 0 0 0 0 0 0 0 0 0 0 0 
1 0.700823 0.350695 0.0966367 0.0110683 0.000556667 1e-05 0 0 0 0 0 0 0 0 0 0 0 0 0 
1 0.700512 0.350653 0.0968917 0.0112217 0.000441667 6.66667e-06 0 0 0 0 0 0 0 0 0 0 0 0 0 
1 0.699438 0.348595 0.0953717 0.0107967 0.00044 1.66667e-05 0 0 0 0 0 0 0 0 0 0 0 0 0 
1 0.69917 0.349875 0.0966333 0.0109517 0.00045 5e-06 0 0 0 0 0 0 0 0 0 0 0 0 0 
1 0.698747 0.348342 0.0953267 0.0105617 0.000545 2.16667e-05 0 0 0 0 0 0 0 0 0 0 0 0 0 
1 0.700405 0.351028 0.097885 0.0113683 0.000536667 2.33333e-05 0 0 0 0 0 0 0 0 0 0 0 0 0 
1 0.699418 0.349575 0.0972083 0.011165 0.000451667 6.66667e-06 0 0 0 0 0 0 0 0 0 0 0 0 0 
1 0.699355 0.348532 0.0970117 0.0111317 0.000495 2.5e-05 5e-06 0 0 0 0 0 0 0 0 0 0 0 0 
1 0.699233 0.349022 0.096035 0.0110083 0.000503333 1.16667e-05 0 0 0 0 0 0 0 0 0 0 0 0 0 
1 0.699025 0.34947 0.0960883 0.010915 0.000525 8.33333e-06 0 0 0 0 0 0 0 0 0 0 0 0 0 
1 0.699262 0.349272 0.09598 0.0110417 0.000533333 1.33333e-05 1.66667e-06 0 0 0 0 0 0 0 0 0 0 0 0 
1 0.698072 0.348327 0.096305 0.0108133 0.000506667 1.5e-05 0 0 0 0 0 0 0 0 0 0 0 0 0 
1 0.698013 0.34685 0.0942217 0.010445 0.00055 1.5e-05 0 0 0 0 0 0 0 0 0 0 0 0 0 
1 0.7004 0.349593 0.0965133 0.01109 0.000546667 1e-05 0 0 0 0 0 0 0 0 0 0 0 0 0 
1 0.700515 0.350843 0.0973533 0.0111517 0.00048 1.33333e-05 0 0 0 0 0 0 0 0 0 0 0 0 0 
1 0.700723 0.350872 0.0979733 0.0117367 0.000521667 6.66667e-06 0 0 0 0 0 0 0 0 0 0 0 0 0 
1 0.697983 0.348572 0.096465 0.0113433 0.000475 1.16667e-05 0 0 0 0 0 0 0 0 0 0 0 0 0 
1 0.70065 0.351407 0.0971 0.0111017 0.000603333 2.16667e-05 0 0 0 0 0 0 0 0 0 0 0 0 0 
1 0.70166 0.351723 0.09751 0.01157 0.000531667 1.33333e-05 0 0 0 0 0 0 0 0 0 0 0 0 0 
1 0.698908 0.35096 0.097605 0.0114017 0.00047 1.16667e-05 0 0 0 0 0 0 0 0 0 0 0 0 0 
1 0.699095 0.349398 0.0964533 0.0107667 0.0005 1.83333e-05 0 0 0 0 0 0 0 0 0 0 0 0 0 
1 0.702022 0.35368 0.0994417 0.0116967 0.000555 2.33333e-05 1.66667e-06 0 0 0 0 0 0 0 0 0 0 0 0 
1 0.701137 0.349773 0.09628 0.0112717 0.000513333 1e-05 0 0 0 0 0 0 0 0 0 0 0 0 0 
1 0.701565 0.352792 0.0990467 0.0115183 0.000598333 1.83333e-05 0 0 0 0 0 0 0 0 0 0 0 0 0 
1 0.699537 0.349763 0.0964433 0.0111617 0.000496667 1.16667e-05 0 0 0 0 0 0 0 0 0 0 0 0 0 
1 0.699753 0.349327 0.09563 0.0107417 0.000491667 1.5e-05 0 0 0 0 0 0 0 0 0 0 0 0 0 
1 0.699818 0.349392 0.0965683 0.0112533 0.000573333 1.33333e-05 0 0 0 0 0 0 0 0 0 0 0 0 0 
1 0.699267 0.349832 0.0972467 0.0112283 0.000551667 2.33333e-05 0 0 0 0 0 0 0 0 0 0 0 0 0 
1 0.70188 0.352232 0.098485 0.0111883 0.00052 6.66667e-06 0 0 0 0 0 0 0 0 0 0 0 0 0 
1 0.69902 0.348562 0.0959533 0.0106867 0.00043 1.33333e-05 3.33333e-06 0 0 0 0 0 0 0 0 0 0 0 0 
1 0.69981 0.351482 0.0984067 0.01161 0.00053 8.33333e-06 0 0 0 0 0 0 0 0 0 0 0 0 0 
1 0.698028 0.347642 0.0956983 0.0111817 0.000461667 2.16667e-05 1.66667e-06 0 0 0 0 0 0 0 0 0 0 0 0 
1 0.698707 0.348577 0.0950617 0.0106517 0.000476667 1.33333e-05 0 0 0 0 0 0 0 0 0 0 0 0 0 
1 0.699448 0.349352 0.096905 0.01091 0.000505 6.66667e-06 0 0 0 0 0 0 0 0 0 0 0 0 0 
1 0.699582 0.350042 0.097755 0.0114033 0.000485 2e-05 0 0 0 0 0 0 0 0 0 0 0 0 0 
1 0.70086 0.351352 0.09771 0.011455 0.000496667 2.33333e-05 5e-06 0 0 0 0 0 0 0 0 0 0 0 0 
1 0.699263 0.349715 0.09601 0.01077 0.000528333 1.33333e-05 0 0 0 0 0 0 0 0 0 0 0 0 0 
1 0.700017 0.350335 0.096945 0.01104 0.00051 2.16667e-05 0 0 0 0 0 0 0 0 0 0 0 0 0 
1 0.70146 0.353242 0.0995633 0.01204 0.000591667 1e-05 0 0 0 0 0 0 0 0 0 0 0 0 0 
1 0.701047 0.351377 0.0979217 0.0113733 0.00061 3e-05 0 0 0 0 0 0 0 0 0 0 0 0 0 
1 0.701193 0.352217 0.0978267 0.0114183 0.000495 2.16667e-05 0 0 0 0 0 0 0 0 0 0 0 0 0 
1 0.700198 0.350523 0.0978667 0.0116167 0.000576667 2.16667e-05 1.66667e-06 0 0 0 0 0 0 0 0 0 0 0 0 
1 0.699272 0.34974 0.0961767 0.01089 0.000513333 1.66667e-05 0 0 0 0 0 0 0 0 0 0 0 0 0 
1 0.69988 0.350363 0.0972883 0.011215 0.000545 1.16667e-05 0 0 0 0 0 0 0 0 0 0 0 0 0 
1 0.701358 0.351573 0.09867 0.0114383 0.000566667 1.5e-05 0 0 0 0 0 0 0 0 0 0 0 0 0 
1 0.701532 0.352403 0.09774 0.01148 0.000525 1.33333e-05 0 0 0 0 0 0 0 0 0 0 0 0 0 
1 0.699973 0.34931 0.0962567 0.01108 0.000523333 2e-05 0 0 0 0 0 0 0 0 0 0 0 0 0 
1 0.699968 0.348525 0.09597 0.0112367 0.00057 2.5e-05 0 0 0 0 0 0 0 0 0 0 0 0 0 
1 0.701828 0.353252 0.0986883 0.011575 0.000548333 2.16667e-05 0 0 0 0 0 0 0 0 0 0 0 0 0 
1 0.700063 0.349317 0.09687 0.0112617 0.00059 1.5e-05 0 0 0 0 0 0 0 0 0 0 0 0 0 
1 0.700962 0.351837 0.09769 0.0113117 0.000528333 1.5e-05 0 0 0 0 0 0 0 0 0 0 0 0 0 
1 0.700585 0.350662 0.096675 0.01104 0.000556667 2e-05 0 0 0 0 0 0 0 0 0 0 0 0 0 
1 0.700162 0.350277 0.0976917 0.0115783 0.000613333 2.33333e-05 0 0 0 0 0 0 0 0 0 0 0 0 0 
1 0.699438 0.35046 0.0968183 0.0111317 0.000553333 1.33333e-05 0 0 0 0 0 0 0 0 0 0 0 0 0 
1 0.701552 0.351738 0.0981033 0.011585 0.000526667 1.16667e-05 0 0 0 0 0 0 0 0 0 0 0 0 0 
1 0.699243 0.349555 0.09653 0.01125 0.000613333 1e-05 1.66667e-06 0 0 0 0 0 0 0 0 0 0 0 0 
1 0.697693 0.347018 0.0949367 0.010795 0.00053 1.16667e-05 0 0 0 0 0 0 0 0 0 0 0 0 0 
1 0.698152 0.34682 0.0948317 0.0107733 0.000478333 1.5e-05 1.66667e-06 0 0 0 0 0 0 0 0 0 0 0 0 
1 0.701862 0.351403 0.097105 0.0111183 0.00053 2.16667e-05 0 0 0 0 0 0 0 0 0 0 0 0 0 
1 0.69989 0.350343 0.0978667 0.0116133 0.00053 1e-05 0 0 0 0 0 0 0 0 0 0 0 0 0 
1 0.700488 0.351217 0.0976 0.0113233 0.000536667 2.66667e-05 1.66667e-06 0 0 0 0 0 0 0 0 0 0 0 0 
1 0.700788 0.351075 0.097135 0.0111333 0.000575 2.5e-05 3.33333e-06 0 0 0 0 0 0 0 0 0 0 0 0 
1 0.699402 0.351562 0.0968667 0.01086 0.00049 3.33333e-06 0 0 0 0 0 0 0 0 0 0 0 0 0 
1 0.699402 0.348603 0.0959183 0.0110583 0.000543333 1.5e-05 0 0 0 0 0 0 0 0 0 0 0 0 0 
1 0.701898 0.35195 0.097445 0.0111017 0.000478333 1e-05 1.66667e-06 0 0 0 0 0 0 0 0 0 0 0 0 
1 0.701025 0.353002 0.0986833 0.0114083 0.000508333 1.33333e-05 1.66667e-06 0 0 0 0 0 0 0 0 0 0 0 0 
1 0.70022 0.349803 0.0970833 0.0110667 0.000543333 1.16667e-05 0 0 0 0 0 0 0 0 0 0 0 0 0 
1 0.70021 0.350873 0.0965083 0.0111667 0.000548333 2e-05 1.66667e-06 0 0 0 0 0 0 0 0 0 0 0 0 
1 0.701573 0.352597 0.0984667 0.0117733 0.000573333 8.33333e-06 0 0 0 0 0 0 0 0 0 0 0 0 0 
1 0.700215 0.349732 0.096095 0.0107033 0.000516667 1.33333e-05 0 0 0 0 0 0 0 0 0 0 0 0 0 
1 0.699742 0.349703 0.097165 0.011465 0.000626667 1.66667e-05 3.33333e-06 0 0 0 0 0 0 0 0 0 0 0 0 
1 0.700877 0.351165 0.0977133 0.01136 0.00052 1.66667e-05 0 0 0 0 0 0 0 0 0 0 0 0 0 
1 0.69967 0.35037 0.097525 0.0114317 0.00052 1e-05 0 0 0 0 0 0 0 0 0 0 0 0 0 
1 0.699958 0.351005 0.0964433 0.010955 0.000446667 1.5e-05 0 0 0 0 0 0 0 0 0 0 0 0 0 
1 0.700077 0.350723 0.097475 0.0111783 0.000553333 2.16667e-05 1.66667e-06 0 0 0 0 0 0 0 0 0 0 0 0 
1 0.699717 0.34994 0.097595 0.01129 0.000535 2.16667e-05 0 0 0 0 0 0 0 0 0 0 0 0 0 
1 0.702235 0.352908 0.0976133 0.0113 0.000523333 1e-05 0 0 0 0 0 0 0 0 0 0 0 0 0 
1 0.70009 0.350443 0.0970017 0.0111617 0.000548333 1.33333e-05 0 0 0 0 0 0 0 0 0 0 0 0 0 
1 0.700773 0.350343 0.0973867 0.0112033 0.000518333 2.5e-05 0 0 0 0 0 0 0 0 0 0 0 0 0 
1 0.699435 0.349712 0.0976483 0.01142 0.000558333 1.66667e-05 1.66667e-06 0 0 0 0 0 0 0 0 0 0 0 0 
1 0.701092 0.350152 0.0967 0.0110983 0.000456667 6.66667e-06 0 0 0 0 0 0 0 0 0 0 0 0 0 
1 0.698957 0.348748 0.0967617 0.0112083 0.000551667 1.66667e-05 0 0 0 0 0 0 0 0 0 0 0 0 0 
1 0.697328 0.346263 0.0946733 0.0109717 0.000558333 2.16667e-05 0 0 0 0 0 0 0 0 0 0 0 0 0 
1 0.698737 0.348745 0.0955283 0.0108633 0.000516667 2.5e-05 0 0 0 0 0 0 0 0 0 0 0 0 0 
1 0.699462 0.348783 0.0964883 0.0106883 0.000475 1e-05 1.66667e-06 0 0 0 0 0 0 0 0 0 0 0 0 
1 0.700168 0.351123 0.0979317 0.011355 0.000558333 1.5e-05 0 0 0 0 0 0 0 0 0 0 0 0 0 
1 0.701037 0.35206 0.0983383 0.01138 0.000513333 1.83333e-05 0 0 0 0 0 0 0 0 0 0 0 0 0 
1 0.700647 0.350015 0.0970417 0.011295 0.000581667 2e-05 0 0 0 0 0 0 0 0 0 0 0 0 0 
1 0.700938 0.351902 0.0977267 0.0113633 0.0005 1.33333e-05 0 0 0 0 0 0 0 0 0 0 0 0 0 
1 0.700065 0.351282 0.097615 0.0117 0.000628333 1.33333e-05 0 0 0 0 0 0 0 0 0 0 0 0 0 
1 0.700573 0.35087 0.0976 0.0114133 0.000573333 1.5e-05 0 0 0 0 0 0 0 0 0 0 0 0 0 
1 0.70101 0.352183 0.0975667 0.0116467 0.000568333 1.5e-05 0 0 0 0 0 0 0 0 0 0 0 0 0 
1 0.701423 0.352633 0.0981317 0.01131 0.000488333 2.5e-05 0 0 0 0 0 0 0 0 0 0 0 0 0 
1 0.700807 0.351405 0.0971567 0.0114117 0.000606667 1.83333e-05 0 0 0 0 0 0 0 0 0 0 0 0 0 
1 0.698348 0.347935 0.0956917 0.0106433 0.000498333 8.33333e-06 0 0 0 0 0 0 0 0 0 0 0 0 0 
1 0.70118 0.350442 0.0971917 0.0114917 0.00051 1.16667e-05 0 0 0 0 0 0 0 0 0 0 0 0 0 
1 0.698892 0.349025 0.09626 0.011085 0.000538333 1.83333e-05 0 0 0 0 0 0 0 0 0 0 0 0 0 
1 0.700257 0.350097 0.0972017 0.0113883 0.000563333 1.16667e-05 0 0 0 0 0 0 0 0 0 0 0 0 0 
1 0.699615 0.34927 0.0958667 0.0108083 0.00047 8.33333e-06 1.66667e-06 0 0 0 0 0 0 0 0 0 0 0 0 
1 0.699378 0.348505 0.0964917 0.0112233 0.00055 1.33333e-05 0 0 0 0 0 0 0 0 0 0 0 0 0 
1 0.70235 0.35276 0.0981133 0.0116417 0.000541667 1.33333e-05 1.66667e-06 0 0 0 0 0 0 0 0 0 0 0 0 
1 0.700373 0.350025 0.0966833 0.0109517 0.000456667 1.66667e-05 0 0 0 0 0 0 0 0 0 0 0 0 0 
1 0.699958 0.350773 0.09654 0.0112733 0.000476667 2.33333e-05 1.66667e-06 0 0 0 0 0 0 0 0 0 0 0 0 
1 0.700707 0.35064 0.0969767 0.011335 0.000545 1.5e-05 0 0 0 0 0 0 0 0 0 0 0 0 0 
1 0.701982 0.352805 0.0995817 0.0118583 0.000595 1.5e-05 0 0 0 0 0 0 0 0 0 0 0 0 0 
1 0.700185 0.350643 0.096685 0.011045 0.000461667 1.16667e-05 0 0 0 0 0 0 0 0 0 0 0 0 0 
1 0.70047 0.351425 0.0970933 0.011035 0.000568333 1e-05 0 0 0 0 0 0 0 0 0 0 0 0 0 
1 0.70195 0.352843 0.098695 0.0114283 0.000515 1.5e-05 1.66667e-06 0 0 0 0 0 0 0 0 0 0 0 0 
1 0.69953 0.349523 0.095795 0.0108367 0.000503333 1.33333e-05 1.66667e-06 0 0 0 0 0 0 0 0 0 0 0 0 
1 0.699952 0.350478 0.0977067 0.01125 0.000496667 6.66667e-06 0 0 0 0 0 0 0 0 0 0 0 0 0 
1 0.701087 0.351503 0.0978933 0.0112767 0.00046 1.66667e-06 0 0 0 0 0 0 0 0 0 0 0 0 0 
1 0.69926 0.346877 0.0948183 0.0104767 0.000438333 8.33333e-06 1.66667e-06 0 0 0 0 0 0 0 0 0 0 0 0 
1 0.699452 0.349717 0.0971967 0.0112133 0.000518333 8.33333e-06 0 0 0 0 0 0 0 0 0 0 0 0 0 
1 0.699407 0.34961 0.0969967 0.01118 0.00053 6.66667e-06 0 0 0 0 0 0 0 0 0 0 0 0 0 
1 0.701417 0.350633 0.0963733 0.01108 0.00052 6.66667e-06 0 0 0 0 0 0 0 0 0 0 0 0 0 
1 0.698688 0.349657 0.0961017 0.0108833 0.000513333 6.66667e-06 3.33333e-06 0 0 0 0 0 0 0 0 0 0 0 0 
1 0.700538 0.350392 0.0959117 0.0108083 0.000543333 1.66667e-05 0 0 0 0 0 0 0 0 0 0 0 0 0 
1 0.700875 0.350953 0.0977583 0.0112917 0.000615 1.66667e-05 0 0 0 0 0 0 0 0 0 0 0 0 0 
1 0.70101 0.35214 0.09836 0.01119 0.000566667 1.66667e-05 0 0 0 0 0 0 0 0 0 0 0 0 0 
1 0.699947 0.350092 0.0966533 0.0110567 0.00052 1.5e-05 0 0 0 0 0 0 0 0 0 0 0 0 0 
1 0.699417 0.34956 0.09666 0.0112217 0.000536667 1.5e-05 0 0 0 0 0 0 0 0 0 0 0 0 0 
1 0.69906 0.34849 0.0967083 0.0109733 0.000503333 5e-06 0 0 0 0 0 0 0 0 0 0 0 0 0 
1 0.700187 0.349743 0.096655 0.011105 0.000538333 1e-05 1.66667e-06 0 0 0 0 0 0 0 0 0 0 0 0 
1 0.699322 0.350005 0.09726 0.0116183 0.000651667 1.5e-05 0 0 0 0 0 0 0 0 0 0 0 0 0 
1 0.699628 0.349818 0.0967133 0.0110233 0.000455 6.66667e-06 0 0 0 0 0 0 0 0 0 0 0 0 0 
1 0.699715 0.350105 0.0970817 0.0114783 0.00056 1.33333e-05 0 0 0 0 0 0 0 0 0 0 0 0 0 
1 0.702092 0.353765 0.09996 0.0118183 0.000578333 6.66667e-06 0 0 0 0 0 0 0 0 0 0 0 0 0 
1 0.701545 0.352873 0.0975883 0.01102 0.000521667 1.5e-05 0 0 0 0 0 0 0 0 0 0 0 0 0 
1 0.700878 0.351878 0.0979833 0.01141 0.000596667 3.33333e-05 1.66667e-06 0 0 0 0 0 0 0 0 0 0 0 0 
1 0.69796 0.346193 0.09328 0.0100667 0.000458333 1.5e-05 0 0 0 0 0 0 0 0 0 0 0 0 0 
1 0.701827 0.35234 0.0981067 0.0111817 0.000505 5e-06 0 0 0 0 0 0 0 0 0 0 0 0 0 
1 0.702802 0.353197 0.0995383 0.0120567 0.00066 2.66667e-05 1.66667e-06 0 0 0 0 0 0 0 0 0 0 0 0 
1 0.701267 0.353103 0.0987017 0.011755 0.000575 1.33333e-05 1.66667e-06 0 0 0 0 0 0 0 0 0 0 0 0 
1 0.700163 0.350175 0.0970633 0.0108917 0.000476667 8.33333e-06 0 0 0 0 0 0 0 0 0 0 0 0 0 
1 0.698785 0.345857 0.0942667 0.010845 0.000548333 1.83333e-05 0 0 0 0 0 0 0 0 0 0 0 0 0 
1 0.698685 0.349363 0.0964333 0.0113033 0.000583333 1.33333e-05 0 0 0 0 0 0 0 0 0 0 0 0 0 
1 0.698995 0.349647 0.0962567 0.0105633 0.000415 1e-05 0 0 0 0 0 0 0 0 0 0 0 0 0 
1 0.699595 0.349513 0.0971983 0.0112717 0.000476667 1.16667e-05 0 0 0 0 0 0 0 0 0 0 0 0 0 
1 0.699458 0.34949 0.0972233 0.0112717 0.000516667 2.33333e-05 0 0 0 0 0 0 0 0 0 0 0 0 0 
1 0.70089 0.35183 0.09775 0.011495 0.000551667 8.33333e-06 0 0 0 0 0 0 0 0 0 0 0 0 0 
1 0.700022 0.349722 0.0970417 0.0113917 0.000585 1.83333e-05 0 0 0 0 0 0 0 0 0 0 0 0 0 
1 0.69909 0.348798 0.0969067 0.0109767 0.000513333 1e-05 0 0 0 0 0 0 0 0 0 0 0 0 0 
1 0.69758 0.34703 0.095825 0.0109033 0.000556667 1.5e-05 0 0 0 0 0 0 0 0 0 0 0 0 0 
1 0.696575 0.345317 0.0938583 0.01029 0.000486667 1.66667e-05 1.66667e-06 0 0 0 0 0 0 0 0 0 0 0 0 
1 0.699545 0.348695 0.0963867 0.0109283 0.000521667 1.16667e-05 0 0 0 0 0 0 0 0 0 0 0 0 0 
1 0.698895 0.348615 0.0969133 0.01122 0.00055 8.33333e-06 0 0 0 0 0 0 0 0 0 0 0 0 0 
1 0.699497 0.347203 0.094855 0.011035 0.000545 1e-05 0 0 0 0 0 0 0 0 0 0 0 0 0 
1 0.70231 0.35243 0.09718 0.0113033 0.000518333 1.16667e-05 0 0 0 0 0 0 0 0 0 0 0 0 0 
1 0.698488 0.348362 0.0954683 0.0109917 0.00054 1.66667e-05 1.66667e-06 0 0 0 0 0 0 0 0 0 0 0 0 
1 0.698623 0.347722 0.09497 0.010655 0.00049 1.66667e-05 0 0 0 0 0 0 0 0 0 0 0 0 0 
1 0.700605 0.350995 0.0974983 0.01126 0.000523333 1.33333e-05 0 0 0 0 0 0 0 0 0 0 0 0 0 
1 0.700383 0.351258 0.097225 0.0111383 0.000573333 3.33333e-05 5e-06 0 0 0 0 0 0 0 0 0 0 0 0 
1 0.701347 0.352177 0.09827 0.0114167 0.00056 1.5e-05 0 0 0 0 0 0 0 0 0 0 0 0 0 
1 0.697715 0.346825 0.0945933 0.0107017 0.000553333 1.83333e-05 0 0 0 0 0 0 0 0 0 0 0 0 0 
1 0.700765 0.352862 0.09775 0.011755 0.000591667 1.83333e-05 0 0 0 0 0 0 0 0 0 0 0 0 0 
1 0.700562 0.351635 0.0983267 0.0116417 0.000528333 1.16667e-05 0 0 0 0 0 0 0 0 0 0 0 0 0 
1 0.697468 0.345692 0.09325 0.0101583 0.000376667 6.66667e-06 0 0 0 0 0 0 0 0 0 0 0 0 0 
1 0.701877 0.353165 0.0983667 0.01148 0.000608333 1.33333e-05 0 0 0 0 0 0 0 0 0 0 0 0 0 
1 0.700328 0.349045 0.09654 0.0111717 0.00055 1.16667e-05 0 0 0 0 0 0 0 0 0 0 0 0 0 
1 0.70215 0.353937 0.0985583 0.0112533 0.000558333 1.66667e-05 0 0 0 0 0 0 0 0 0 0 0 0 0 
1 0.699525 0.3487 0.0956667 0.01116 0.000535 1.66667e-05 1.66667e-06 0 0 0 0 0 0 0 0 0 0 0 0 
1 0.700908 0.351255 0.0976383 0.01111 0.000523333 8.33333e-06 0 0 0 0 0 0 0 0 0 0 0 0 0 
1 0.69979 0.3495 0.09704 0.0110883 0.000471667 8.33333e-06 0 0 0 0 0 0 0 0 0 0 0 0 0 
1 0.700932 0.35001 0.0970417 0.0111833 0.000491667 1e-05 0 0 0 0 0 0 0 0 0 0 0 0 0 
1 0.698678 0.349015 0.096315 0.0110583 0.000495 6.66667e-06 0 0 0 0 0 0 0 0 0 0 0 0 0 
1 0.698965 0.349765 0.0976483 0.0114933 0.000531667 1e-05 0 0 0 0 0 0 0 0 0 0 0 0 0 
1 0.697805 0.347412 0.0954167 0.0109667 0.000521667 1.33333e-05 0 0 0 0 0 0 0 0 0 0 0 0 0 
1 0.701575 0.35332 0.0985583 0.0113083 0.000505 1e-05 0 0 0 0 0 0 0 0 0 0 0 0 0 
1 0.698463 0.34855 0.0964033 0.011065 0.000573333 1.16667e-05 0 0 0 0 0 0 0 0 0 0 0 0 0 
1 0.700878 0.352255 0.0996667 0.0121817 0.000701667 2.83333e-05 0 0 0 0 0 0 0 0 0 0 0 0 0 
1 0.699222 0.350105 0.0968233 0.0113967 0.000553333 1.33333e-05 3.33333e-06 0 0 0 0 0 0 0 0 0 0 0 0 
1 0.699813 0.350098 0.0974533 0.0116233 0.000553333 1e-05 0 0 0 0 0 0 0 0 0 0 0 0 0 
1 0.700938 0.350905 0.0976567 0.0115333 0.00051 1.16667e-05 0 0 0 0 0 0 0 0 0 0 0 0 0 
1 0.700635 0.351055 0.09785 0.0113283 0.000556667 1.5e-05 0 0 0 0 0 0 0 0 0 0 0 0 0 
1 0.701662 0.351508 0.09757 0.011545 0.000505 1.5e-05 0 0 0 0 0 0 0 0 0 0 0 0 0 
1 0.703812 0.3552 0.0999167 0.011885 0.00061 1.33333e-05 0 0 0 0 0 0 0 0 0 0 0 0 0 
1 0.698408 0.347745 0.0955283 0.0109733 0.000516667 2e-05 1.66667e-06 0 0 0 0 0 0 0 0 0 0 0 0 
1 0.698965 0.349337 0.0964217 0.0108933 0.000445 1e-05 0 0 0 0 0 0 0 0 0 0 0 0 0 
1 0.699832 0.351282 0.098225 0.01115 0.000508333 8.33333e-06 0 0 0 0 0 0 0 0 0 0 0 0 0 
1 0.700258 0.350918 0.09691 0.0110967 0.00055 2e-05 1.66667e-06 0 0 0 0 0 0 0 0 0 0 0 0 
1 0.699948 0.348833 0.0957433 0.0108217 0.000586667 3.83333e-05 0 0 0 0 0 0 0 0 0 0 0 0 0 
1 0.701408 0.353047 0.098755 0.0115433 0.000593333 2.16667e-05 0 0 0 0 0 0 0 0 0 0 0 0 0 
1 0.697187 0.345785 0.0949283 0.01066 0.00049 2.33333e-05 0 0 0 0 0 0 0 0 0 0 0 0 0 
1 0.699588 0.349205 0.09623 0.0110067 0.000528333 1.66667e-05 0 0 0 0 0 0 0 0 0 0 0 0 0 
1 0.699685 0.350125 0.09701 0.0113483 0.000498333 1e-05 0 0 0 0 0 0 0 0 0 0 0 0 0 
1 0.701625 0.352192 0.0972967 0.0112533 0.000528333 1.16667e-05 0 0 0 0 0 0 0 0 0 0 0 0 0 
1 0.69933 0.349532 0.0966683 0.0111167 0.000576667 8.33333e-06 0 0 0 0 0 0 0 0 0 0 0 0 0 
1 0.698162 0.349448 0.0964317 0.0108733 0.00049 6.66667e-06 0 0 0 0 0 0 0 0 0 0 0 0 0 
1 0.700512 0.35204 0.0980633 0.0114317 0.000538333 1e-05 0 0 0 0 0 0 0 0 0 0 0 0 0 
1 0.699303 0.348995 0.09655 0.01125 0.00049 1e-05 0 0 0 0 0 0 0 0 0 0 0 0 0 
1 0.696442 0.345315 0.094745 0.0110533 0.000525 1.33333e-05 0 0 0 0 0 0 0 0 0 0 0 0 0 
1 0.698415 0.348798 0.095275 0.010895 0.000466667 1e-05 0 0 0 0 0 0 0 0 0 0 0 0 0 
1 0.699635 0.347823 0.0956367 0.0107817 0.000511667 1.83333e-05 0 0 0 0 0 0 0 0 0 0 0 0 0 
1 0.70098 0.350412 0.0970883 0.011045 0.000475 3.33333e-06 0 0 0 0 0 0 0 0 0 0 0 0 0 
1 0.699042 0.34901 0.0962883 0.0109433 0.000555 1e-05 1.66667e-06 0 0 0 0 0 0 0 0 0 0 0 0 
1 0.700168 0.352108 0.097645 0.0112883 0.000448333 1e-05 0 0 0 0 0 0 0 0 0 0 0 0 0 
1 0.700223 0.350353 0.09681 0.0111333 0.000456667 6.66667e-06 0 0 0 0 0 0 0 0 0 0 0 0 0 
1 0.700018 0.348597 0.0958167 0.0111617 0.000521667 2.5e-05 0 0 0 0 0 0 0 0 0 0 0 0 0 
1 0.699672 0.3498 0.09671 0.01117 0.000463333 1e-05 0 0 0 0 0 0 0 0 0 0 0 0 0 
1 0.701497 0.352705 0.0988117 0.01169 0.000476667 6.66667e-06 0 0 0 0 0 0 0 0 0 0 0 0 0 
1 0.701 0.351952 0.097535 0.0111267 0.000463333 1.33333e-05 0 0 0 0 0 0 0 0 0 0 0 0 0 
1 0.699252 0.349058 0.0956183 0.0108883 0.000488333 1.5e-05 0 0 0 0 0 0 0 0 0 0 0 0 0 
1 0.701485 0.351227 0.09661 0.0111 0.000486667 1.66667e-05 0 0 0 0 0 0 0 0 0 0 0 0 0 
1 0.697372 0.348347 0.0956033 0.01087 0.000468333 1.16667e-05 0 0 0 0 0 0 0 0 0 0 0 0 0 
1 0.700453 0.349137 0.0961033 0.0108367 0.000426667 6.66667e-06 0 0 0 0 0 0 0 0 0 0 0 0 0 
1 0.701367 0.353317 0.0995517 0.0116633 0.000525 1.33333e-05 1.66667e-06 0 0 0 0 0 0 0 0 0 0 0 0 
1 0.70049 0.351537 0.097795 0.0111083 0.000461667 8.33333e-06 1.66667e-06 0 0 0 0 0 0 0 0 0 0 0 0 
1 0.701788 0.352355 0.0977667 0.0111767 0.000515 6.66667e-06 0 0 0 0 0 0 0 0 0 0 0 0 0 
1 0.700478 0.351513 0.0975633 0.0112967 0.000491667 1.33333e-05 0 0 0 0 0 0 0 0 0 0 0 0 0 
1 0.697953 0.346907 0.09391 0.0106167 0.000446667 1.33333e-05 0 0 0 0 0 0 0 0 0 0 0 0 0 
1 0.699433 0.349083 0.0950783 0.0104867 0.000476667 8.33333e-06 0 0 0 0 0 0 0 0 0 0 0 0 0 
1 0.699858 0.35048 0.0964 0.0110717 0.000543333 2.16667e-05 3.33333e-06 0 0 0 0 0 0 0 0 0 0 0 0 
1 0.702207 0.352728 0.0980167 0.01135 0.000561667 2.5e-05 0 0 0 0 0 0 0 0 0 0 0 0 0 
1 0.699687 0.35068 0.0974833 0.0113333 0.000543333 2.66667e-05 0 0 0 0 0 0 0 0 0 0 0 0 0 
1 0.699977 0.348923 0.0965583 0.011045 0.000543333 1.66667e-05 1.66667e-06 0 0 0 0 0 0 0 0 0 0 0 0 
1 0.700365 0.350647 0.09745 0.010945 0.000531667 2e-05 0 0 0 0 0 0 0 0 0 0 0 0 0 
1 0.700437 0.349947 0.0963083 0.0113067 0.000518333 1.33333e-05 1.66667e-06 0 0 0 0 0 0 0 0 0 0 0 0 
1 0.701042 0.351733 0.0976167 0.0115683 0.000598333 1e-05 3.33333e-06 0 0 0 0 0 0 0 0 0 0 0 0 
1 0.699575 0.350885 0.09669 0.0111133 0.000573333 2.5e-05 0 0 0 0 0 0 0 0 0 0 0 0 0 
1 0.701042 0.350122 0.0969183 0.01104 0.000478333 8.33333e-06 0 0 0 0 0 0 0 0 0 0 0 0 0 
1 0.69888 0.349118 0.095665 0.010745 0.000468333 6.66667e-06 0 0 0 0 0 0 0 0 0 0 0 0 0 
1 0.700085 0.350807 0.0970983 0.0115 0.000513333 8.33333e-06 0 0 0 0 0 0 0 0 0 0 0 0 0 
1 0.700023 0.350212 0.0963217 0.011245 0.0006 2.16667e-05 0 0 0 0 0 0 0 0 0 0 0 0 0 
1 0.700332 0.351232 0.097085 0.0113367 0.000563333 2.16667e-05 0 0 0 0 0 0 0 0 0 0 0 0 0 
1 0.701063 0.352035 0.0977783 0.011355 0.000485 8.33333e-06 0 0 0 0 0 0 0 0 0 0 0 0 0 
1 0.700297 0.350208 0.096895 0.0110217 0.000531667 2e-05 0 0 0 0 0 0 0 0 0 0 0 0 0 
1 0.699362 0.349725 0.0966967 0.0113283 0.000493333 1.33333e-05 0 0 0 0 0 0 0 0 0 0 0 0 0 
1 0.70044 0.350277 0.0970717 0.011465 0.000506667 8.33333e-06 0 0 0 0 0 0 0 0 0 0 0 0 0 
1 0.698843 0.349013 0.0966117 0.0108167 0.000471667 1.5e-05 0 0 0 0 0 0 0 0 0 0 0 0 0 
1 0.701755 0.352372 0.0976917 0.0114483 0.00052 1e-05 0 0 0 0 0 0 0 0 0 0 0 0 0 
1 0.699357 0.348535 0.0959517 0.01116 0.000551667 2.16667e-05 3.33333e-06 0 0 0 0 0 0 0 0 0 0 0 0 
1 0.700777 0.351797 0.09725 0.011115 0.00049 1.33333e-05 1.66667e-06 0 0 0 0 0 0 0 0 0 0 0 0 
1 0.698683 0.347588 0.0951683 0.01085 0.00055 6.66667e-06 0 0 0 0 0 0 0 0 0 0 0 0 0 
1 0.699235 0.349555 0.09638 0.011105 0.000521667 1.83333e-05 1.66667e-06 0 0 0 0 0 0 0 0 0 0 0 0 
1 0.700238 0.350133 0.096565 0.0111433 0.000443333 6.66667e-06 0 0 0 0 0 0 0 0 0 0 0 0 0 
1 0.701513 0.35049 0.0967417 0.0111933 0.00046 1.5e-05 0 0 0 0 0 0 0 0 0 0 0 0 0 
1 0.699058 0.348503 0.09596 0.0110517 0.000523333 1.83333e-05 0 0 0 0 0 0 0 0 0 0 0 0 0 
1 0.697373 0.346267 0.09397 0.0102383 0.000455 1.5e-05 0 0 0 0 0 0 0 0 0 0 0 0 0 
1 0.700448 0.351208 0.0977783 0.0114083 0.000498333 1.33333e-05 0 0 0 0 0 0 0 0 0 0 0 0 0 
1 0.69773 0.34694 0.0955317 0.01101 0.000475 1.16667e-05 0 0 0 0 0 0 0 0 0 0 0 0 0 
1 0.700827 0.352112 0.097455 0.0113283 0.00051 2e-05 0 0 0 0 0 0 0 0 0 0 0 0 0 
1 0.69997 0.351267 0.0975083 0.0112733 0.000506667 2.5e-05 1.66667e-06 0 0 0 0 0 0 0 0 0 0 0 0 
1 0.698725 0.347285 0.0958733 0.0107617 0.000613333 2e-05 0 0 0 0 0 0 0 0 0 0 0 0 0 
1 0.697215 0.346637 0.0943967 0.0104733 0.000468333 2.5e-05 0 0 0 0 0 0 0 0 0 0 0 0 0 
1 0.69786 0.347562 0.0952167 0.01087 0.000493333 1.33333e-05 0 0 0 0 0 0 0 0 0 0 0 0 0 
1 0.700393 0.351833 0.097865 0.0113517 0.00056 1e-05 0 0 0 0 0 0 0 0 0 0 0 0 0 
1 0.700495 0.350762 0.09763 0.0115733 0.00058 1.5e-05 1.66667e-06 0 0 0 0 0 0 0 0 0 0 0 0 
1 0.69821 0.347487 0.0941067 0.01055 0.000438333 1.83333e-05 0 0 0 0 0 0 0 0 0 0 0 0 0 
1 0.701748 0.352402 0.0983833 0.0114983 0.000508333 2.16667e-05 0 0 0 0 0 0 0 0 0 0 0 0 0 
1 0.699895 0.349542 0.0966783 0.011035 0.000538333 2.16667e-05 0 0 0 0 0 0 0 0 0 0 0 0 0 
1 0.698233 0.347158 0.095585 0.010715 0.000453333 1.16667e-05 0 0 0 0 0 0 0 0 0 0 0 0 0 
1 0.699205 0.349517 0.0958867 0.011085 0.000506667 1.66667e-05 0 0 0 0 0 0 0 0 0 0 0 0 0 
1 0.698832 0.348667 0.09584 0.0109167 0.00047 5e-06 3.33333e-06 0 0 0 0 0 0 0 0 0 0 0 0 
1 0.69839 0.347795 0.0952183 0.0107633 0.000498333 2.16667e-05 0 0 0 0 0 0 0 0 0 0 0 0 0 
1 0.698655 0.34747 0.09504 0.0111217 0.00057 2.5e-05 0 0 0 0 0 0 0 0 0 0 0 0 0 
1 0.70052 0.351022 0.0971583 0.0112217 0.00053 1.66667e-05 0 0 0 0 0 0 0 0 0 0 0 0 0 
1 0.702382 0.352908 0.0982333 0.011615 0.000573333 1.66667e-05 0 0 0 0 0 0 0 0 0 0 0 0 0 
1 0.69888 0.349652 0.09657 0.011165 0.000565 1.66667e-05 1.66667e-06 0 0 0 0 0 0 0 0 0 0 0 0 
1 0.700838 0.350968 0.0969467 0.01132 0.000528333 1e-05 0 0 0 0 0 0 0 0 0 0 0 0 0 
1 0.701308 0.351515 0.0978283 0.01138 0.000548333 1.5e-05 0 0 0 0 0 0 0 0 0 0 0 0 0 
1 0.699657 0.349607 0.0972883 0.0113283 0.000563333 2e-05 3.33333e-06 0 0 0 0 0 0 0 0 0 0 0 0 
1 0.700663 0.350235 0.0975567 0.0114317 0.000521667 1.33333e-05 0 0 0 0 0 0 0 0 0 0 0 0 0 
1 0.699492 0.350167 0.0958983 0.0108417 0.000446667 1.16667e-05 0 0 0 0 0 0 0 0 0 0 0 0 0 
1 0.701832 0.353375 0.0977033 0.01134 0.000571667 1.5e-05 0 0 0 0 0 0 0 0 0 0 0 0 0 
1 0.70075 0.350907 0.0971 0.0113933 0.000548333 1.5e-05 3.33333e-06 0 0 0 0 0 0 0 0 0 0 0 0 
1 0.697503 0.344747 0.0938167 0.0109117 0.000523333 1e-05 0 0 0 0 0 0 0 0 0 0 0 0 0 
1 0.699555 0.34816 0.0956267 0.0111533 0.000598333 1.83333e-05 0 0 0 0 0 0 0 0 0 0 0 0 0 
1 0.698708 0.349007 0.09596 0.0108417 0.000446667 2e-05 0 0 0 0 0 0 0 0 0 0 0 0 0 
1 0.698198 0.34635 0.0951583 0.0107033 0.000466667 6.66667e-06 0 0 0 0 0 0 0 0 0 0 0 0 0 
1 0.698105 0.348992 0.0962017 0.0111383 0.000545 2.16667e-05 1.66667e-06 0 0 0 0 0 0 0 0 0 0 0 0 
1 0.69989 0.349252 0.09644 0.011135 0.000566667 2.83333e-05 1.66667e-06 0 0 0 0 0 0 0 0 0 0 0 0 
1 0.698613 0.348063 0.09564 0.010765 0.000546667 1.33333e-05 0 0 0 0 0 0 0 0 0 0 0 0 0 
1 0.699402 0.349497 0.096395 0.0110783 0.000528333 1.83333e-05 0 0 0 0 0 0 0 0 0 0 0 0 0 
1 0.701465 0.353195 0.10006 0.0115867 0.000513333 5e-06 0 0 0 0 0 0 0 0 0 0 0 0 0 
1 0.699912 0.350685 0.09742 0.0109833 0.000451667 6.66667e-06 0 0 0 0 0 0 0 0 0 0 0 0 0 
1 0.700172 0.350562 0.0971767 0.0112567 0.000511667 1e-05 0 0 0 0 0 0 0 0 0 0 0 0 0 
1 0.69955 0.349165 0.0963283 0.0108333 0.000531667 1.66667e-05 1.66667e-06 0 0 0 0 0 0 0 0 0 0 0 0 
1 0.699092 0.348898 0.0966767 0.0110683 0.000445 1.5e-05 0 0 0 0 0 0 0 0 0 0 0 0 0 
1 0.700197 0.351832 0.09802 0.011325 0.000566667 8.33333e-06 0 0 0 0 0 0 0 0 0 0 0 0 0 
1 0.698527 0.347767 0.0962933 0.01095 0.00044 8.33333e-06 0 0 0 0 0 0 0 0 0 0 0 0 0 
1 0.699882 0.349747 0.0966817 0.011295 0.000521667 1.16667e-05 0 0 0 0 0 0 0 0 0 0 0 0 0 
1 0.701155 0.352317 0.098135 0.011335 0.000531667 1.5e-05 0 0 0 0 0 0 0 0 0 0 0 0 0 
1 0.69998 0.349967 0.09682 0.0114533 0.000628333 2.66667e-05 0 0 0 0 0 0 0 0 0 0 0 0 0 
1 0.698925 0.348647 0.0961 0.010955 0.000543333 1.66667e-05 0 0 0 0 0 0 0 0 0 0 0 0 0 
1 0.69988 0.349463 0.0962683 0.0107983 0.00045 1.66667e-05 0 0 0 0 0 0 0 0 0 0 0 0 0 
1 0.699013 0.349698 0.0966267 0.0113933 0.00055 1.83333e-05 0 0 0 0 0 0 0 0 0 0 0 0 0 
1 0.698772 0.34842 0.096335 0.0113017 0.000585 2.33333e-05 0 0 0 0 0 0 0 0 0 0 0 0 0 
1 0.699798 0.350045 0.09703 0.0112933 0.000486667 1.16667e-05 0 0 0 0 0 0 0 0 0 0 0 0 0 
1 0.700743 0.351218 0.097205 0.0116233 0.000573333 2.16667e-05 0 0 0 0 0 0 0 0 0 0 0 0 0 
1 0.700772 0.350655 0.0973633 0.0112583 0.000528333 1.5e-05 0 0 0 0 0 0 0 0 0 0 0 0 0 
1 0.701238 0.352137 0.0973583 0.010965 0.000511667 6.66667e-06 0 0 0 0 0 0 0 0 0 0 0 0 0 
1 0.697935 0.347762 0.0947783 0.0105017 0.000418333 1e-05 0 0 0 0 0 0 0 0 0 0 0 0 0 
1 0.699743 0.350178 0.0965083 0.0110183 0.00048 8.33333e-06 0 0 0 0 0 0 0 0 0 0 0 0 0 
1 0.698485 0.348947 0.096525 0.0108633 0.000505 1.16667e-05 0 0 0 0 0 0 0 0 0 0 0 0 0 
1 0.700458 0.351817 0.098385 0.0110667 0.000475 1.33333e-05 0 0 0 0 0 0 0 0 0 0 0 0 0 
1 0.699213 0.349817 0.09707 0.0112433 0.000545 2.66667e-05 1.66667e-06 0 0 0 0 0 0 0 0 0 0 0 0 
1 0.699718 0.349955 0.0966017 0.011085 0.000538333 1.16667e-05 0 0 0 0 0 0 0 0 0 0 0 0 0 
1 0.70178 0.350857 0.0967883 0.010975 0.00053 2.66667e-05 0 0 0 0 0 0 0 0 0 0 0 0 0 
1 0.699322 0.34896 0.096265 0.0108983 0.000495 1.33333e-05 0 0 0 0 0 0 0 0 0 0 0 0 0 
1 0.700257 0.350975 0.098235 0.0115783 0.000558333 1.66667e-05 0 0 0 0 0 0 0 0 0 0 0 0 0 
1 0.700003 0.350535 0.0972267 0.0112083 0.000508333 1e-05 0 0 0 0 0 0 0 0 0 0 0 0 0 
1 0.699342 0.348147 0.0951733 0.0104933 0.000438333 1.16667e-05 0 0 0 0 0 0 0 0 0 0 0 0 0 
1 0.699053 0.348893 0.095875 0.0107167 0.000528333 1.83333e-05 5e-06 1.66667e-06 0 0 0 0 0 0 0 0 0 0 0 
1 0.701408 0.354013 0.100082 0.0120267 0.000608333 1.5e-05 0 0 0 0 0 0 0 0 0 0 0 0 0 
1 0.700493 0.352025 0.0980233 0.0118117 0.000561667 1e-05 0 0 0 0 0 0 0 0 0 0 0 0 0 
1 0.70096 0.35133 0.0977933 0.011305 0.000598333 1.33333e-05 0 0 0 0 0 0 0 0 0 0 0 0 0 
1 0.701307 0.3526 0.09778 0.01124 0.0005 1e-05 0 0 0 0 0 0 0 0 0 0 0 0 0 
1 0.698547 0.349017 0.0966833 0.0111167 0.000501667 8.33333e-06 0 0 0 0 0 0 0 0 0 0 0 0 0 
1 0.70073 0.350317 0.096765 0.01128 0.000578333 1.5e-05 0 0 0 0 0 0 0 0 0 0 0 0 0 
1 0.701537 0.352752 0.0982267 0.0113783 0.000476667 8.33333e-06 0 0 0 0 0 0 0 0 0 0 0 0 0 
1 0.699862 0.351223 0.0977 0.01112 0.000465 1.5e-05 1.66667e-06 0 0 0 0 0 0 0 0 0 0 0 0 
1 0.700623 0.34993 0.0963533 0.01098 0.000508333 8.33333e-06 0 0 0 0 0 0 0 0 0 0 0 0 0 
1 0.70193 0.35292 0.09896 0.0117833 0.00062 2.5e-05 0 0 0 0 0 0 0 0 0 0 0 0 0 
1 0.700642 0.350045 0.096955 0.0109283 0.000488333 5e-06 0 0 0 0 0 0 0 0 0 0 0 0 0 
1 0.69853 0.349892 0.096415 0.010975 0.0005 1.33333e-05 0 0 0 0 0 0 0 0 0 0 0 0 0 
1 0.698308 0.347222 0.0954417 0.01078 0.000503333 2.66667e-05 0 0 0 0 0 0 0 0 0 0 0 0 0 
1 0.701337 0.351462 0.0986183 0.011525 0.000581667 1.5e-05 0 0 0 0 0 0 0 0 0 0 0 0 0 
1 0.698695 0.347883 0.0952833 0.010775 0.000485 1e-05 3.33333e-06 0 0 0 0 0 0 0 0 0 0 0 0 
1 0.700997 0.351277 0.0990033 0.0120383 0.000585 2.16667e-05 0 0 0 0 0 0 0 0 0 0 0 0 0 
1 0.700832 0.351928 0.0981017 0.0114567 0.000566667 1e-05 0 0 0 0 0 0 0 0 0 0 0 0 0 
1 0.700367 0.350793 0.0977583 0.0111083 0.000505 1.33333e-05 0 0 0 0 0 0 0 0 0 0 0 0 0 
1 0.700797 0.351597 0.09759 0.011555 0.00053 2.5e-05 1.66667e-06 0 0 0 0 0 0 0 0 0 0 0 0 
1 0.700052 0.350398 0.0966017 0.01106 0.000435 1.83333e-05 1.66667e-06 0 0 0 0 0 0 0 0 0 0 0 0 
1 0.700572 0.351105 0.0973617 0.0111483 0.000481667 8.33333e-06 0 0 0 0 0 0 0 0 0 0 0 0 0 
1 0.698668 0.349068 0.0966317 0.01106 0.000521667 2.33333e-05 0 0 0 0 0 0 0 0 0 0 0 0 0 
1 0.700543 0.350973 0.09772 0.011235 0.000541667 2.33333e-05 1.66667e-06 0 0 0 0 0 0 0 0 0 0 0 0 
1 0.700153 0.349647 0.0966917 0.0109717 0.00053 6.66667e-06 0 0 0 0 0 0 0 0 0 0 0 0 0 
1 0.700445 0.351262 0.0975017 0.011055 0.000515 1.5e-05 0 0 0 0 0 0 0 0 0 0 0 0 0 
1 0.701908 0.351863 0.09764 0.01094 0.000436667 1e-05 0 0 0 0 0 0 0 0 0 0 0 0 0 
1 0.69898 0.349383 0.096515 0.0111583 0.00051 2.33333e-05 0 0 0 0 0 0 0 0 0 0 0 0 0 
1 0.699537 0.348847 0.0953817 0.01104 0.000481667 1.33333e-05 0 0 0 0 0 0 0 0 0 0 0 0 0 
1 0.698088 0.346953 0.0945267 0.0106217 0.000491667 2.16667e-05 0 0 0 0 0 0 0 0 0 0 0 0 0 
1 0.700265 0.349723 0.097385 0.0115117 0.000536667 1e-05 0 0 0 0 0 0 0 0 0 0 0 0 0 
1 0.69893 0.34916 0.0963517 0.0112583 0.000563333 1.5e-05 0 0 0 0 0 0 0 0 0 0 0 0 0 
1 0.699492 0.349075 0.09585 0.0110333 0.000508333 2e-05 0 0 0 0 0 0 0 0 0 0 0 0 0 
1 0.698688 0.347762 0.09545 0.0105667 0.00043 1.33333e-05 1.66667e-06 0 0 0 0 0 0 0 0 0 0 0 0 
1 0.700062 0.351153 0.0979967 0.0114233 0.000548333 1.83333e-05 1.66667e-06 0 0 0 0 0 0 0 0 0 0 0 0 
1 0.701143 0.35097 0.097515 0.0113033 0.00055 3.33333e-05 3.33333e-06 0 0 0 0 0 0 0 0 0 0 0 0 
1 0.700903 0.35206 0.0983133 0.0114833 0.000518333 1.66667e-05 0 0 0 0 0 0 0 0 0 0 0 0 0 
1 0.701167 0.350478 0.0964 0.011065 0.000483333 1.66667e-05 0 0 0 0 0 0 0 0 0 0 0 0 0 
1 0.698962 0.349148 0.0963883 0.010975 0.000486667 8.33333e-06 0 0 0 0 0 0 0 0 0 0 0 0 0 
1 0.69851 0.34929 0.0968383 0.0111733 0.00046 1.16667e-05 0 0 0 0 0 0 0 0 0 0 0 0 0 
1 0.700935 0.350663 0.0975033 0.0111317 0.000538333 2.16667e-05 0 0 0 0 0 0 0 0 0 0 0 0 0 
1 0.70118 0.351233 0.0978983 0.0112683 0.000561667 1.66667e-05 0 0 0 0 0 0 0 0 0 0 0 0 0 
1 0.701248 0.351313 0.098135 0.01125 0.000603333 2.33333e-05 0 0 0 0 0 0 0 0 0 0 0 0 0 
1 0.698838 0.350168 0.0978383 0.0116233 0.000583333 2.16667e-05 0 0 0 0 0 0 0 0 0 0 0 0 0 
1 0.699008 0.349567 0.0961 0.0108367 0.000456667 1.5e-05 0 0 0 0 0 0 0 0 0 0 0 0 0 
1 0.701627 0.351357 0.097265 0.0112067 0.000473333 1.16667e-05 0 0 0 0 0 0 0 0 0 0 0 0 0 
1 0.699352 0.3492 0.0961333 0.0109017 0.000518333 2e-05 0 0 0 0 0 0 0 0 0 0 0 0 0 
1 0.698067 0.347468 0.0956383 0.0110283 0.000516667 1.16667e-05 0 0 0 0 0 0 0 0 0 0 0 0 0 
1 0.70043 0.349982 0.0960767 0.0104417 0.000406667 3.33333e-06 0 0 0 0 0 0 0 0 0 0 0 0 0 
1 0.697283 0.347675 0.0950483 0.010665 0.000496667 1.33333e-05 3.33333e-06 0 0 0 0 0 0 0 0 0 0 0 0 
1 0.700423 0.350148 0.0967867 0.0113417 0.000546667 6.66667e-06 0 0 0 0 0 0 0 0 0 0 0 0 0 
1 0.699617 0.348997 0.0962117 0.0108983 0.000503333 6.66667e-06 0 0 0 0 0 0 0 0 0 0 0 0 0 
1 0.700963 0.35159 0.0974633 0.0112417 0.000518333 1.16667e-05 0 0 0 0 0 0 0 0 0 0 0 0 0 
1 0.701162 0.350548 0.097285 0.0112083 0.000535 6.66667e-06 0 0 0 0 0 0 0 0 0 0 0 0 0 
1 0.700923 0.351437 0.09739 0.0112483 0.00056 1e-05 0 0 0 0 0 0 0 0 0 0 0 0 0 
1 0.699073 0.348288 0.09531 0.010935 0.0005 1.66667e-05 1.66667e-06 0 0 0 0 0 0 0 0 0 0 0 0 
1 0.698547 0.347673 0.095125 0.0107433 0.000543333 1.33333e-05 0 0 0 0 0 0 0 0 0 0 0 0 0 
1 0.700668 0.350797 0.0973033 0.0113883 0.000548333 8.33333e-06 0 0 0 0 0 0 0 0 0 0 0 0 0 
1 0.69907 0.348777 0.0967233 0.011225 0.00061 2e-05 3.33333e-06 0 0 0 0 0 0 0 0 0 0 0 0 
1 0.69837 0.34716 0.095355 0.0108867 0.000493333 1.66667e-06 0 0 0 0 0 0 0 0 0 0 0 0 0 
1 0.70056 0.349812 0.0967667 0.0112783 0.000511667 2.5e-05 3.33333e-06 0 0 0 0 0 0 0 0 0 0 0 0 
1 0.70101 0.352955 0.0997667 0.0117117 0.000541667 6.66667e-06 0 0 0 0 0 0 0 0 0 0 0 0 0 
1 0.70024 0.350178 0.096665 0.0111767 0.000535 2e-05 0 0 0 0 0 0 0 0 0 0 0 0 0 
1 0.700928 0.351453 0.097975 0.0115783 0.000556667 1e-05 0 0 0 0 0 0 0 0 0 0 0 0 0 
1 0.700863 0.350067 0.097735 0.011375 0.000593333 2e-05 5e-06 0 0 0 0 0 0 0 0 0 0 0 0 
1 0.700718 0.350252 0.0970083 0.0110717 0.00051 1.16667e-05 0 0 0 0 0 0 0 0 0 0 0 0 0 
1 0.700327 0.35031 0.0963767 0.010975 0.000526667 1.16667e-05 0 0 0 0 0 0 0 0 0 0 0 0 0 
1 0.69866 0.347327 0.095125 0.0106017 0.00047 1.16667e-05 0 0 0 0 0 0 0 0 0 0 0 0 0 
1 0.70043 0.350997 0.0974517 0.011165 0.000511667 8.33333e-06 1.66667e-06 0 0 0 0 0 0 0 0 0 0 0 0 
1 0.69939 0.34831 0.09614 0.0108967 0.000488333 1.66667e-05 0 0 0 0 0 0 0 0 0 0 0 0 0 
1 0.69957 0.34773 0.0948733 0.0110517 0.000573333 2e-05 0 0 0 0 0 0 0 0 0 0 0 0 0 
1 0.700407 0.350397 0.096335 0.01105 0.000501667 1.16667e-05 0 0 0 0 0 0 0 0 0 0 0 0 0 
1 0.700025 0.349912 0.09637 0.0110883 0.00047 8.33333e-06 0 0 0 0 0 0 0 0 0 0 0 0 0 
1 0.700302 0.351262 0.097295 0.0112617 0.000566667 2e-05 0 0 0 0 0 0 0 0 0 0 0 0 0 
1 0.700792 0.351992 0.0981433 0.011815 0.000648333 1.5e-05 0 0 0 0 0 0 0 0 0 0 0 0 0 
1 0.700298 0.35266 0.0985533 0.0116733 0.000541667 1e-05 3.33333e-06 0 0 0 0 0 0 0 0 0 0 0 0 
1 0.699523 0.349587 0.0972567 0.0112683 0.000528333 1.5e-05 0 0 0 0 0 0 0 0 0 0 0 0 0 
1 0.699705 0.349682 0.0965467 0.01116 0.000563333 2.33333e-05 0 0 0 0 0 0 0 0 0 0 0 0 0 
1 0.700262 0.350718 0.0973 0.0115567 0.000551667 2.33333e-05 1.66667e-06 0 0 0 0 0 0 0 0 0 0 0 0 
1 0.698552 0.348365 0.0962583 0.0109967 0.000495 1.66667e-05 0 0 0 0 0 0 0 0 0 0 0 0 0 
1 0.700105 0.350762 0.0969367 0.011175 0.000515 8.33333e-06 0 0 0 0 0 0 0 0 0 0 0 0 0 
1 0.699965 0.350455 0.0977833 0.01126 0.000586667 1.66667e-05 0 0 0 0 0 0 0 0 0 0 0 0 0 
1 0.699133 0.349625 0.097145 0.01102 0.00058 2.16667e-05 0 0 0 0 0 0 0 0 0 0 0 0 0 
1 0.698505 0.347735 0.0947467 0.0104367 0.000498333 1.5e-05 0 0 0 0 0 0 0 0 0 0 0 0 0 
1 0.70035 0.349468 0.0962017 0.0109067 0.000535 1.16667e-05 0 0 0 0 0 0 0 0 0 0 0 0 0 
1 0.70042 0.351352 0.09736 0.0112583 0.000516667 1e-05 0 0 0 0 0 0 0 0 0 0 0 0 0 
1 0.6999 0.352882 0.0988283 0.0118083 0.0006 1.16667e-05 0 0 0 0 0 0 0 0 0 0 0 0 0 
1 0.700508 0.351333 0.0977833 0.011775 0.000613333 2.33333e-05 0 0 0 0 0 0 0 0 0 0 0 0 0 
1 0.699573 0.35015 0.0970967 0.01134 0.00052 1.83333e-05 0 0 0 0 0 0 0 0 0 0 0 0 0 
1 0.699035 0.34993 0.0965317 0.0116917 0.000541667 6.66667e-06 0 0 0 0 0 0 0 0 0 0 0 0 0 
1 0.69948 0.348757 0.0967067 0.0110483 0.00054 1.33333e-05 0 0 0 0 0 0 0 0 0 0 0 0 0 
1 0.700745 0.35148 0.0976033 0.0114483 0.000573333 2.66667e-05 0 0 0 0 0 0 0 0 0 0 0 0 0 
1 0.699503 0.350723 0.0980233 0.01159 0.000511667 2e-05 0 0 0 0 0 0 0 0 0 0 0 0 0 
1 0.698173 0.347145 0.0957183 0.0108617 0.000568333 1.83333e-05 1.66667e-06 0 0 0 0 0 0 0 0 0 0 0 0 
1 0.699795 0.34866 0.095965 0.0111833 0.000465 1.66667e-05 0 0 0 0 0 0 0 0 0 0 0 0 0 
1 0.700877 0.351473 0.097975 0.0112483 0.000545 1.66667e-05 0 0 0 0 0 0 0 0 0 0 0 0 0 
1 0.6993 0.34761 0.09481 0.0105833 0.000495 1e-05 0 0 0 0 0 0 0 0 0 0 0 0 0 
1 0.699627 0.350592 0.0966933 0.010975 0.000503333 1.16667e-05 0 0 0 0 0 0 0 0 0 0 0 0 0 
1 0.69799 0.347672 0.0957 0.010775 0.000513333 8.33333e-06 0 0 0 0 0 0 0 0 0 0 0 0 0 
1 0.700952 0.351282 0.0982483 0.0115717 0.00056 1.16667e-05 0 0 0 0 0 0 0 0 0 0 0 0 0 
1 0.698297 0.348128 0.095105 0.0108683 0.000505 1.33333e-05 0 0 0 0 0 0 0 0 0 0 0 0 0 
1 0.700578 0.350863 0.0976683 0.01151 0.000578333 1.66667e-05 0 0 0 0 0 0 0 0 0 0 0 0 0 
1 0.69902 0.349672 0.0963983 0.0108517 0.000468333 1e-05 0 0 0 0 0 0 0 0 0 0 0 0 0 
1 0.7016 0.35082 0.0972933 0.0112867 0.000523333 2e-05 0 0 0 0 0 0 0 0 0 0 0 0 0 
1 0.701283 0.352247 0.0979083 0.01141 0.000498333 1.16667e-05 0 0 0 0 0 0 0 0 0 0 0 0 0 
1 0.700747 0.352038 0.0975967 0.0112817 0.000501667 1.5e-05 1.66667e-06 0 0 0 0 0 0 0 0 0 0 0 0 
1 0.702088 0.3535 0.0999 0.011795 0.000568333 1.5e-05 0 0 0 0 0 0 0 0 0 0 0 0 0 
1 0.697068 0.344902 0.0934117 0.0105233 0.000498333 1.5e-05 0 0 0 0 0 0 0 0 0 0 0 0 0 
1 0.700737 0.34949 0.0962467 0.0110433 0.000471667 1.16667e-05 0 0 0 0 0 0 0 0 0 0 0 0 0 
1 0.698615 0.348645 0.0959867 0.010815 0.000528333 1.5e-05 1.66667e-06 0 0 0 0 0 0 0 0 0 0 0 0 
1 0.700005 0.35001 0.097075 0.0111917 0.000508333 1.66667e-05 0 0 0 0 0 0 0 0 0 0 0 0 0 
1 0.701393 0.351125 0.0977767 0.011235 0.00052 2.16667e-05 0 0 0 0 0 0 0 0 0 0 0 0 0 
1 0.701522 0.35318 0.098525 0.0116433 0.000581667 1.5e-05 0 0 0 0 0 0 0 0 0 0 0 0 0 
1 0.701225 0.352462 0.0990083 0.0117967 0.000563333 2e-05 1.66667e-06 0 0 0 0 0 0 0 0 0 0 0 0 
1 0.701158 0.35244 0.0987767 0.01137 0.000505 8.33333e-06 0 0 0 0 0 0 0 0 0 0 0 0 0 
1 0.698708 0.348603 0.0966333 0.0112933 0.000455 1.5e-05 0 0 0 0 0 0 0 0 0 0 0 0 0 
1 0.700408 0.351022 0.0972717 0.0110033 0.000496667 6.66667e-06 0 0 0 0 0 0 0 0 0 0 0 0 0 
1 0.700873 0.35097 0.0975017 0.0115983 0.000621667 3e-05 0 0 0 0 0 0 0 0 0 0 0 0 0 
1 0.70124 0.351987 0.0977417 0.0113567 0.000578333 2e-05 0 0 0 0 0 0 0 0 0 0 0 0 0 
1 0.700543 0.351148 0.0982833 0.0117233 0.000591667 1.5e-05 1.66667e-06 0 0 0 0 0 0 0 0 0 0 0 0 
1 0.699752 0.350372 0.0975617 0.011335 0.000576667 1.66667e-05 0 0 0 0 0 0 0 0 0 0 0 0 0 
1 0.698843 0.348553 0.0960983 0.010975 0.000483333 1.66667e-05 0 0 0 0 0 0 0 0 0 0 0 0 0 
1 0.700107 0.350722 0.0977683 0.0112367 0.000523333 2.16667e-05 1.66667e-06 0 0 0 0 0 0 0 0 0 0 0 0 
1 0.702293 0.352792 0.0988533 0.0118383 0.000655 2.66667e-05 0 0 0 0 0 0 0 0 0 0 0 0 0 
1 0.697715 0.34756 0.095075 0.010795 0.00048 3.33333e-06 0 0 0 0 0 0 0 0 0 0 0 0 0 
1 0.699428 0.348632 0.0966983 0.0114917 0.00055 1.16667e-05 0 0 0 0 0 0 0 0 0 0 0 0 0 
1 0.701327 0.350448 0.096955 0.010705 0.00049 1.83333e-05 0 0 0 0 0 0 0 0 0 0 0 0 0 
1 0.699003 0.34849 0.0954083 0.0109633 0.000498333 2.16667e-05 0 0 0 0 0 0 0 0 0 0 0 0 0 
1 0.697202 0.346938 0.0944083 0.0105667 0.000461667 1.16667e-05 0 0 0 0 0 0 0 0 0 0 0 0 0 
1 0.698592 0.348605 0.095765 0.0107683 0.000521667 1.83333e-05 0 0 0 0 0 0 0 0 0 0 0 0 0 
1 0.699015 0.348832 0.09592 0.0108317 0.000528333 2.83333e-05 1.66667e-06 0 0 0 0 0 0 0 0 0 0 0 0 
1 0.70018 0.34972 0.0970017 0.010795 0.000491667 1.16667e-05 0 0 0 0 0 0 0 0 0 0 0 0 0 
1 0.698908 0.35135 0.0979417 0.0114667 0.000586667 1e-05 0 0 0 0 0 0 0 0 0 0 0 0 0 
1 0.698218 0.346903 0.0956117 0.0109333 0.00053 1.66667e-05 0 0 0 0 0 0 0 0 0 0 0 0 0 
1 0.69719 0.347888 0.0949117 0.0109833 0.00049 1.5e-05 0 0 0 0 0 0 0 0 0 0 0 0 0 
1 0.700887 0.35052 0.0981267 0.01164 0.000531667 1.33333e-05 0 0 0 0 0 0 0 0 0 0 0 0 0 
1 0.699082 0.350595 0.09693 0.0114583 0.000551667 1.33333e-05 0 0 0 0 0 0 0 0 0 0 0 0 0 
1 0.698192 0.347865 0.0956583 0.01088 0.000531667 1.5e-05 0 0 0 0 0 0 0 0 0 0 0 0 0 
1 0.700047 0.34964 0.0969233 0.0110483 0.000521667 1.16667e-05 1.66667e-06 0 0 0 0 0 0 0 0 0 0 0 0 
1 0.697212 0.347123 0.0948033 0.010775 0.000498333 1.5e-05 0 0 0 0 0 0 0 0 0 0 0 0 0 
1 0.701558 0.352112 0.0993333 0.01187 0.000515 1e-05 1.66667e-06 0 0 0 0 0 0 0 0 0 0 0 0 
1 0.698765 0.35025 0.096265 0.0109133 0.000461667 2.83333e-05 5e-06 0 0 0 0 0 0 0 0 0 0 0 0 
1 0.69961 0.349378 0.09714 0.0114783 0.000478333 1e-05 0 0 0 0 0 0 0 0 0 0 0 0 0 
1 0.697805 0.347412 0.09582 0.011 0.000553333 1.16667e-05 0 0 0 0 0 0 0 0 0 0 0 0 0 
1 0.698925 0.34938 0.0962183 0.0108067 0.00044 1.16667e-05 0 0 0 0 0 0 0 0 0 0 0 0 0 
1 0.69953 0.350655 0.097905 0.0114417 0.000618333 1.5e-05 0 0 0 0 0 0 0 0 0 0 0 0 0 
1 0.700162 0.35104 0.0974117 0.011375 0.000576667 1.83333e-05 0 0 0 0 0 0 0 0 0 0 0 0 0 
1 0.700935 0.3524 0.0984 0.0116167 0.000541667 2.16667e-05 0 0 0 0 0 0 0 0 0 0 0 0 0 
1 0.701245 0.352088 0.0971067 0.01115 0.000493333 1e-05 0 0 0 0 0 0 0 0 0 0 0 0 0 
1 0.699927 0.350103 0.0975417 0.0112933 0.000555 2.16667e-05 0 0 0 0 0 0 0 0 0 0 0 0 0 
1 0.699492 0.349637 0.0959533 0.0107817 0.000495 1.66667e-05 0 0 0 0 0 0 0 0 0 0 0 0 0 
1 0.699893 0.349942 0.0973183 0.0113983 0.00056 1.16667e-05 0 0 0 0 0 0 0 0 0 0 0 0 0 
1 0.698337 0.348098 0.09568 0.0109933 0.0005 1.83333e-05 0 0 0 0 0 0 0 0 0 0 0 0 0 
1 0.699338 0.34962 0.0963067 0.0110617 0.000511667 8.33333e-06 0 0 0 0 0 0 0 0 0 0 0 0 0 
1 0.700648 0.350002 0.0971617 0.0114083 0.000501667 1.5e-05 0 0 0 0 0 0 0 0 0 0 0 0 0 
1 0.699223 0.349718 0.0968733 0.011065 0.000525 1e-05 0 0 0 0 0 0 0 0 0 0 0 0 0 
1 0.699695 0.350095 0.097765 0.0111417 0.00052 1.16667e-05 0 0 0 0 0 0 0 0 0 0 0 0 0 
1 0.699522 0.35028 0.0966533 0.010655 0.000418333 6.66667e-06 0 0 0 0 0 0 0 0 0 0 0 0 0 
1 0.701287 0.351007 0.0974033 0.0116167 0.000528333 2.16667e-05 0 0 0 0 0 0 0 0 0 0 0 0 0 
1 0.700853 0.351227 0.096895 0.0111817 0.00052 8.33333e-06 0 0 0 0 0 0 0 0 0 0 0 0 0 
1 0.69957 0.349775 0.0962767 0.010945 0.000511667 1.33333e-05 0 0 0 0 0 0 0 0 0 0 0 0 0 
1 0.699762 0.35129 0.0981583 0.011565 0.000571667 1.66667e-05 0 0 0 0 0 0 0 0 0 0 0 0 0 
1 0.699532 0.350473 0.0965517 0.01131 0.000586667 2e-05 0 0 0 0 0 0 0 0 0 0 0 0 0 
1 0.697675 0.348665 0.0961483 0.0106083 0.000446667 1e-05 0 0 0 0 0 0 0 0 0 0 0 0 0 
1 0.699788 0.349217 0.09656 0.01129 0.000575 1.66667e-05 0 0 0 0 0 0 0 0 0 0 0 0 0 
1 0.701202 0.350707 0.0983867 0.0116917 0.000576667 2.33333e-05 3.33333e-06 0 0 0 0 0 0 0 0 0 0 0 0 
1 0.698955 0.347887 0.0953183 0.0111167 0.000573333 1.5e-05 0 0 0 0 0 0 0 0 0 0 0 0 0 
1 0.701207 0.351132 0.097275 0.0113067 0.000553333 1.33333e-05 0 0 0 0 0 0 0 0 0 0 0 0 0 
1 0.700667 0.352182 0.0984183 0.011505 0.000571667 2.66667e-05 1.66667e-06 0 0 0 0 0 0 0 0 0 0 0 0 
1 0.698548 0.347698 0.0943883 0.0102667 0.00044 8.33333e-06 0 0 0 0 0 0 0 0 0 0 0 0 0 
1 0.696833 0.346538 0.0951233 0.0107517 0.000463333 2e-05 0 0 0 0 0 0 0 0 0 0 0 0 0 
1 0.699633 0.349495 0.0961317 0.0108883 0.000476667 1.33333e-05 0 0 0 0 0 0 0 0 0 0 0 0 0 
1 0.699832 0.350338 0.0979867 0.0114383 0.000556667 2.33333e-05 0 0 0 0 0 0 0 0 0 0 0 0 0 
1 0.699852 0.349723 0.0969217 0.0111933 0.000505 8.33333e-06 0 0 0 0 0 0 0 0 0 0 0 0 0 
1 0.700895 0.351863 0.0985783 0.0115433 0.000565 1.83333e-05 0 0 0 0 0 0 0 0 0 0 0 0 0 
1 0.70192 0.353925 0.0983067 0.0113133 0.000588333 1.5e-05 0 0 0 0 0 0 0 0 0 0 0 0 0 
1 0.699997 0.349513 0.0973733 0.011455 0.000601667 6.66667e-06 0 0 0 0 0 0 0 0 0 0 0 0 0 
1 0.70094 0.350762 0.0967733 0.011015 0.000525 2.5e-05 3.33333e-06 0 0 0 0 0 0 0 0 0 0 0 0 
1 0.698387 0.347148 0.09498 0.0106583 0.000545 3e-05 0 0 0 0 0 0 0 0 0 0 0 0 0 
1 0.698872 0.348435 0.0963817 0.0111617 0.000538333 5e-06 0 0 0 0 0 0 0 0 0 0 0 0 0 
1 0.699295 0.34919 0.0976883 0.0115017 0.000535 2e-05 0 0 0 0 0 0 0 0 0 0 0 0 0 
1 0.698763 0.348838 0.0960333 0.0111717 0.000466667 1.33333e-05 0 0 0 0 0 0 0 0 0 0 0 0 0 
1 0.699653 0.349707 0.097465 0.011665 0.00062 3.16667e-05 0 0 0 0 0 0 0 0 0 0 0 0 0 
1 0.698643 0.347867 0.09576 0.0111767 0.00058 2.33333e-05 0 0 0 0 0 0 0 0 0 0 0 0 0 
1 0.701517 0.352763 0.0992033 0.011795 0.000568333 8.33333e-06 0 0 0 0 0 0 0 0 0 0 0 0 0 
1 0.699648 0.3496 0.0957083 0.0109117 0.000506667 3.33333e-06 0 0 0 0 0 0 0 0 0 0 0 0 0 
1 0.70163 0.353213 0.099325 0.0118567 0.000603333 1.16667e-05 0 0 0 0 0 0 0 0 0 0 0 0 0 
1 0.701297 0.351907 0.0983333 0.011555 0.000513333 1.66667e-05 0 0 0 0 0 0 0 0 0 0 0 0 0 
1 0.701385 0.351103 0.0980483 0.0112633 0.000528333 1.5e-05 0 0 0 0 0 0 0 0 0 0 0 0 0 
1 0.699137 0.349523 0.09714 0.0111567 0.00054 8.33333e-06 0 0 0 0 0 0 0 0 0 0 0 0 0 
1 0.700848 0.352908 0.0981883 0.0115633 0.000578333 6.66667e-06 0 0 0 0 0 0 0 0 0 0 0 0 0 
1 0.698397 0.349013 0.0964217 0.0110983 0.00052 1e-05 0 0 0 0 0 0 0 0 0 0 0 0 0 
1 0.701227 0.350297 0.0968067 0.01108 0.0005 6.66667e-06 0 0 0 0 0 0 0 0 0 0 0 0 0 
1 0.699918 0.349438 0.0958117 0.0111233 0.000468333 5e-06 0 0 0 0 0 0 0 0 0 0 0 0 0 
1 0.702803 0.352753 0.098095 0.01148 0.000568333 1.33333e-05 0 0 0 0 0 0 0 0 0 0 0 0 0 
1 0.70203 0.352643 0.0980517 0.0114067 0.000541667 1.66667e-05 0 0 0 0 0 0 0 0 0 0 0 0 0 
1 0.699123 0.348488 0.09517 0.0108033 0.000483333 8.33333e-06 0 0 0 0 0 0 0 0 0 0 0 0 0 
1 0.703047 0.353978 0.0988367 0.0115033 0.000526667 8.33333e-06 0 0 0 0 0 0 0 0 0 0 0 0 0 
1 0.697662 0.347708 0.09584 0.010825 0.000465 1e-05 0 0 0 0 0 0 0 0 0 0 0 0 0 
1 0.7008 0.351485 0.097455 0.0116067 0.000538333 1.66667e-05 0 0 0 0 0 0 0 0 0 0 0 0 0 
1 0.701412 0.350517 0.0966233 0.0109 0.000525 1.83333e-05 3.33333e-06 0 0 0 0 0 0 0 0 0 0 0 0 
1 0.700408 0.349363 0.0966117 0.0111717 0.000495 1.83333e-05 0 0 0 0 0 0 0 0 0 0 0 0 0 
1 0.69928 0.348917 0.0963167 0.0108117 0.000505 1.5e-05 0 0 0 0 0 0 0 0 0 0 0 0 0 
1 0.699245 0.351038 0.0971333 0.0113133 0.000521667 5e-06 0 0 0 0 0 0 0 0 0 0 0 0 0 
1 0.70245 0.354343 0.0995067 0.0118917 0.000515 1e-05 0 0 0 0 0 0 0 0 0 0 0 0 0 
1 0.699712 0.350283 0.096595 0.0108867 0.000488333 1.16667e-05 0 0 0 0 0 0 0 0 0 0 0 0 0 
1 0.702937 0.355885 0.101067 0.012355 0.000646667 1.33333e-05 0 0 0 0 0 0 0 0 0 0 0 0 0 
1 0.70093 0.351233 0.0973967 0.0111833 0.000468333 1.16667e-05 0 0 0 0 0 0 0 0 0 0 0 0 0 
1 0.69937 0.350192 0.0969 0.0113683 0.000536667 1.83333e-05 0 0 0 0 0 0 0 0 0 0 0 0 0 
1 0.69985 0.351022 0.0986567 0.0118533 0.00059 1.66667e-05 1.66667e-06 0 0 0 0 0 0 0 0 0 0 0 0 
1 0.701653 0.352307 0.0979217 0.011185 0.00054 8.33333e-06 0 0 0 0 0 0 0 0 0 0 0 0 0 
1 0.699562 0.349408 0.0969733 0.0108417 0.000491667 1.16667e-05 0 0 0 0 0 0 0 0 0 0 0 0 0 
1 0.699453 0.34965 0.0965 0.0113467 0.000541667 2.66667e-05 0 0 0 0 0 0 0 0 0 0 0 0 0 
1 0.702013 0.353768 0.0986467 0.0112667 0.000546667 3e-05 0 0 0 0 0 0 0 0 0 0 0 0 0 
1 0.696612 0.34575 0.0941917 0.0103567 0.00049 5e-06 0 0 0 0 0 0 0 0 0 0 0 0 0 
1 0.701128 0.350895 0.096535 0.010915 0.000436667 5e-06 0 0 0 0 0 0 0 0 0 0 0 0 0 
1 0.702987 0.354663 0.09951 0.0119183 0.000575 8.33333e-06 0 0 0 0 0 0 0 0 0 0 0 0 0 
1 0.699798 0.350302 0.097345 0.0114233 0.000575 1.83333e-05 1.66667e-06 0 0 0 0 0 0 0 0 0 0 0 0 
1 0.6999 0.35028 0.0978067 0.011635 0.000598333 1.16667e-05 1.66667e-06 0 0 0 0 0 0 0 0 0 0 0 0 
1 0.700925 0.351215 0.0976117 0.0112733 0.00052 1.16667e-05 0 0 0 0 0 0 0 0 0 0 0 0 0 
1 0.698228 0.347723 0.09565 0.0110517 0.000533333 2.16667e-05 0 0 0 0 0 0 0 0 0 0 0 0 0 
1 0.699537 0.349628 0.09577 0.01092 0.00052 1e-05 0 0 0 0 0 0 0 0 0 0 0 0 0 
1 0.700655 0.350832 0.0971317 0.01085 0.000486667 1.66667e-05 0 0 0 0 0 0 0 0 0 0 0 0 0 
1 0.699682 0.350923 0.0980817 0.0117583 0.00058 2.16667e-05 1.66667e-06 0 0 0 0 0 0 0 0 0 0 0 0 
1 0.699295 0.348107 0.0947683 0.0108333 0.000525 2.33333e-05 0 0 0 0 0 0 0 0 0 0 0 0 0 
1 0.697283 0.345098 0.0937667 0.0106067 0.000448333 2e-05 0 0 0 0 0 0 0 0 0 0 0 0 0 
1 0.701858 0.353385 0.09875 0.0118617 0.000545 2e-05 0 0 0 0 0 0 0 0 0 0 0 0 0 
1 0.701585 0.35159 0.0980717 0.01166 0.0006 1e-05 0 0 0 0 0 0 0 0 0 0 0 0 0 
1 0.700903 0.351707 0.0981983 0.0114933 0.000536667 2.16667e-05 0 0 0 0 0 0 0 0 0 0 0 0 0 
1 0.699182 0.349328 0.0959733 0.01097 0.000493333 1.16667e-05 0 0 0 0 0 0 0 0 0 0 0 0 0 
1 0.700618 0.350853 0.09714 0.0112433 0.000508333 1.16667e-05 0 0 0 0 0 0 0 0 0 0 0 0 0 
1 0.699618 0.350827 0.0969117 0.0109867 0.000468333 1.5e-05 0 0 0 0 0 0 0 0 0 0 0 0 0 
1 0.700075 0.350035 0.096875 0.0113967 0.000503333 1.66667e-05 1.66667e-06 0 0 0 0 0 0 0 0 0 0 0 0 
1 0.698578 0.347998 0.0962467 0.010995 0.000583333 8.33333e-06 0 0 0 0 0 0 0 0 0 0 0 0 0 
1 0.701833 0.351407 0.098095 0.0112683 0.00052 1.66667e-05 3.33333e-06 1.66667e-06 0 0 0 0 0 0 0 0 0 0 0 
1 0.699707 0.350063 0.09703 0.0112933 0.00052 1.33333e-05 0 0 0 0 0 0 0 0 0 0 0 0 0 
1 0.700102 0.349292 0.096005 0.0110467 0.00055 1.83333e-05 0 0 0 0 0 0 0 0 0 0 0 0 0 
1 0.701125 0.351528 0.09764 0.0114483 0.000521667 1.5e-05 0 0 0 0 0 0 0 0 0 0 0 0 0 
1 0.700377 0.351145 0.0973733 0.01099 0.000513333 5e-06 0 0 0 0 0 0 0 0 0 0 0 0 0 
1 0.700858 0.350693 0.0968117 0.0111067 0.000508333 2e-05 0 0 0 0 0 0 0 0 0 0 0 0 0 
1 0.697698 0.347877 0.094975 0.010605 0.000486667 1.66667e-05 0 0 0 0 0 0 0 0 0 0 0 0 0 
1 0.700282 0.35063 0.0970733 0.0108833 0.000486667 2.33333e-05 3.33333e-06 0 0 0 0 0 0 0 0 0 0 0 0 
1 0.701497 0.352883 0.0972867 0.0113583 0.000463333 8.33333e-06 1.66667e-06 0 0 0 0 0 0 0 0 0 0 0 0 
1 0.701067 0.351683 0.09745 0.011395 0.000463333 1.16667e-05 0 0 0 0 0 0 0 0 0 0 0 0 0 
1 0.698775 0.348607 0.095505 0.0107217 0.000515 1.33333e-05 0 0 0 0 0 0 0 0 0 0 0 0 0 
1 0.699928 0.349678 0.0963167 0.0110117 0.000491667 1.66667e-05 0 0 0 0 0 0 0 0 0 0 0 0 0 
1 0.700343 0.350255 0.0965433 0.010915 0.000513333 1.83333e-05 0 0 0 0 0 0 0 0 0 0 0 0 0 
1 0.701068 0.352067 0.0976933 0.0112383 0.000515 1.5e-05 3.33333e-06 0 0 0 0 0 0 0 0 0 0 0 0 
1 0.699438 0.351388 0.0984483 0.0114633 0.000555 1.16667e-05 0 0 0 0 0 0 0 0 0 0 0 0 0 
1 0.697712 0.346968 0.09469 0.010565 0.000521667 2.66667e-05 1.66667e-06 0 0 0 0 0 0 0 0 0 0 0 0 
1 0.700777 0.351747 0.0979533 0.011295 0.000561667 1.5e-05 0 0 0 0 0 0 0 0 0 0 0 0 0 
1 0.70218 0.352752 0.098765 0.0113433 0.00049 1e-05 0 0 0 0 0 0 0 0 0 0 0 0 0 
1 0.701517 0.352398 0.09849 0.01163 0.000586667 2.66667e-05 0 0 0 0 0 0 0 0 0 0 0 0 0 
1 0.701468 0.35195 0.09759 0.0111483 0.000485 1.83333e-05 0 0 0 0 0 0 0 0 0 0 0 0 0 
1 0.700428 0.350473 0.097355 0.011285 0.000486667 1.66667e-05 0 0 0 0 0 0 0 0 0 0 0 0 0 
1 0.700983 0.350058 0.0964283 0.01124 0.000533333 1.5e-05 0 0 0 0 0 0 0 0 0 0 0 0 0 
1 0.700005 0.349587 0.0967167 0.0110517 0.000511667 6.66667e-06 0 0 0 0 0 0 0 0 0 0 0 0 0 
1 0.700605 0.351788 0.09717 0.0113467 0.000496667 1.83333e-05 0 0 0 0 0 0 0 0 0 0 0 0 0 
1 0.698332 0.348255 0.0951783 0.0108733 0.000548333 2.16667e-05 0 0 0 0 0 0 0 0 0 0 0 0 0 
1 0.699395 0.34945 0.096495 0.01088 0.000528333 2.16667e-05 0 0 0 0 0 0 0 0 0 0 0 0 0 
1 0.698233 0.348427 0.096885 0.0111283 0.00052 1.83333e-05 0 0 0 0 0 0 0 0 0 0 0 0 0 
1 0.700427 0.351153 0.09761 0.0113233 0.000541667 8.33333e-06 0 0 0 0 0 0 0 0 0 0 0 0 0 
1 0.697845 0.347967 0.09545 0.0106733 0.00047 1.16667e-05 1.66667e-06 0 0 0 0 0 0 0 0 0 0 0 0 
1 0.69935 0.349515 0.0965267 0.0113183 0.000581667 1.66667e-05 0 0 0 0 0 0 0 0 0 0 0 0 0 
1 0.698628 0.347115 0.0946433 0.0105583 0.000501667 1.16667e-05 0 0 0 0 0 0 0 0 0 0 0 0 0 
1 0.69841 0.348945 0.096115 0.0111617 0.000526667 1.66667e-05 1.66667e-06 0 0 0 0 0 0 0 0 0 0 0 0 
1 0.700898 0.352622 0.09886 0.0119283 0.00057 2.33333e-05 0 0 0 0 0 0 0 0 0 0 0 0 0 
1 0.702407 0.352147 0.0967367 0.0109 0.000496667 1.33333e-05 1.66667e-06 0 0 0 0 0 0 0 0 0 0 0 0 
1 0.698047 0.346107 0.09511 0.0108467 0.000615 8.33333e-06 0 0 0 0 0 0 0 0 0 0 0 0 0 
1 0.700938 0.350845 0.0975517 0.01122 0.000476667 6.66667e-06 0 0 0 0 0 0 0 0 0 0 0 0 0 
1 0.700252 0.352107 0.0985017 0.0111683 0.000478333 6.66667e-06 0 0 0 0 0 0 0 0 0 0 0 0 0 
1 0.700182 0.349943 0.0961883 0.0110033 0.00054 2e-05 0 0 0 0 0 0 0 0 0 0 0 0 0 
1 0.700435 0.350483 0.0971 0.011265 0.000503333 1.16667e-05 0 0 0 0 0 0 0 0 0 0 0 0 0 
1 0.697202 0.346497 0.09583 0.0109 0.000446667 1.16667e-05 0 0 0 0 0 0 0 0 0 0 0 0 0 
1 0.700222 0.350468 0.0966983 0.0110667 0.000475 1.83333e-05 0 0 0 0 0 0 0 0 0 0 0 0 0 
1 0.699435 0.349497 0.09706 0.0112217 0.000581667 2e-05 0 0 0 0 0 0 0 0 0 0 0 0 0 
1 0.699925 0.35022 0.0961583 0.0105967 0.000518333 1.16667e-05 0 0 0 0 0 0 0 0 0 0 0 0 0 
1 0.700397 0.35106 0.0967117 0.0110183 0.0005 1.33333e-05 0 0 0 0 0 0 0 0 0 0 0 0 0 
1 0.6991 0.34918 0.09625 0.0108867 0.000535 2.16667e-05 0 0 0 0 0 0 0 0 0 0 0 0 0 
1 0.699283 0.348237 0.095705 0.0108033 0.000553333 1.66667e-05 0 0 0 0 0 0 0 0 0 0 0 0 0 
1 0.701608 0.351797 0.0978667 0.0115467 0.000546667 1.16667e-05 0 0 0 0 0 0 0 0 0 0 0 0 0 
1 0.700645 0.350575 0.09737 0.0111317 0.000515 3e-05 0 0 0 0 0 0 0 0 0 0 0 0 0 
1 0.699257 0.349493 0.09688 0.0111183 0.000523333 6.66667e-06 1.66667e-06 0 0 0 0 0 0 0 0 0 0 0 0 
1 0.69963 0.349848 0.0970133 0.0109583 0.000508333 1e-05 0 0 0 0 0 0 0 0 0 0 0 0 0 
1 0.70041 0.35103 0.0964667 0.0108883 0.000453333 8.33333e-06 0 0 0 0 0 0 0 0 0 0 0 0 0 
1 0.700185 0.350145 0.0964817 0.0111567 0.000511667 1e-05 1.66667e-06 0 0 0 0 0 0 0 0 0 0 0 0 
1 0.70156 0.352523 0.0973317 0.0113733 0.000531667 1e-05 0 0 0 0 0 0 0 0 0 0 0 0 0 
1 0.698997 0.348823 0.0958383 0.0110383 0.000516667 2.66667e-05 0 0 0 0 0 0 0 0 0 0 0 0 0 
1 0.70028 0.350218 0.0969567 0.0115367 0.000556667 1.66667e-05 0 0 0 0 0 0 0 0 0 0 0 0 0 
1 0.701583 0.351927 0.0980967 0.01127 0.000536667 8.33333e-06 0 0 0 0 0 0 0 0 0 0 0 0 0 
1 0.699882 0.348642 0.0960617 0.0110267 0.000545 2e-05 0 0 0 0 0 0 0 0 0 0 0 0 0 
1 0.69898 0.34869 0.095925 0.0109017 0.000508333 1e-05 0 0 0 0 0 0 0 0 0 0 0 0 0 
1 0.697428 0.345083 0.09357 0.0106683 0.000555 1.16667e-05 0 0 0 0 0 0 0 0 0 0 0 0 0 
1 0.70069 0.351465 0.097835 0.0113767 0.000533333 1.66667e-05 0 0 0 0 0 0 0 0 0 0 0 0 0 
1 0.699403 0.349808 0.0970767 0.0115833 0.000638333 1.33333e-05 0 0 0 0 0 0 0 0 0 0 0 0 0 
1 0.702255 0.353655 0.0993483 0.0118633 0.000618333 1.5e-05 0 0 0 0 0 0 0 0 0 0 0 0 0 
1 0.700487 0.350283 0.09743 0.0112733 0.000518333 2e-05 0 0 0 0 0 0 0 0 0 0 0 0 0 
1 0.698243 0.347628 0.0958433 0.0107217 0.000518333 2e-05 0 0 0 0 0 0 0 0 0 0 0 0 0 
1 0.698907 0.347837 0.09494 0.010705 0.00047 1e-05 0 0 0 0 0 0 0 0 0 0 0 0 0 
1 0.698447 0.348082 0.0954433 0.0108517 0.000503333 1.5e-05 1.66667e-06 0 0 0 0 0 0 0 0 0 0 0 0 
1 0.700593 0.351902 0.0974317 0.0112233 0.000558333 1.16667e-05 0 0 0 0 0 0 0 0 0 0 0 0 0 
1 0.699362 0.34805 0.0951567 0.010505 0.000433333 5e-06 0 0 0 0 0 0 0 0 0 0 0 0 0 
1 0.699947 0.349632 0.09586 0.0112117 0.000551667 1.66667e-05 0 0 0 0 0 0 0 0 0 0 0 0 0 
1 0.700385 0.350743 0.0965533 0.0110483 0.000523333 1.5e-05 1.66667e-06 0 0 0 0 0 0 0 0 0 0 0 0 
1 0.69892 0.347647 0.09589 0.0110617 0.000541667 3.33333e-05 1.66667e-06 0 0 0 0 0 0 0 0 0 0 0 0 
1 0.700702 0.351602 0.0983233 0.011565 0.000578333 2e-05 1.66667e-06 0 0 0 0 0 0 0 0 0 0 0 0 
1 0.700763 0.351567 0.0978267 0.011405 0.000463333 1.66667e-05 0 0 0 0 0 0 0 0 0 0 0 0 0 
1 0.701852 0.352663 0.099215 0.011405 0.000586667 1.33333e-05 0 0 0 0 0 0 0 0 0 0 0 0 0 
1 0.699032 0.3498 0.0968467 0.0108717 0.00048 8.33333e-06 0 0 0 0 0 0 0 0 0 0 0 0 0 
1 0.699438 0.349087 0.0961433 0.011325 0.000583333 1.83333e-05 0 0 0 0 0 0 0 0 0 0 0 0 0 
1 0.699363 0.349578 0.095975 0.0110733 0.000486667 3.33333e-06 0 0 0 0 0 0 0 0 0 0 0 0 0 
1 0.700263 0.351008 0.097 0.0112717 0.00054 3.33333e-06 0 0 0 0 0 0 0 0 0 0 0 0 0 
1 0.6984 0.34801 0.0955317 0.0110433 0.000495 1.33333e-05 0 0 0 0 0 0 0 0 0 0 0 0 0 
1 0.698893 0.34753 0.0959317 0.0110117 0.000495 1.16667e-05 0 0 0 0 0 0 0 0 0 0 0 0 0 
1 0.698263 0.347102 0.09531 0.0110717 0.0005 1.66667e-06 0 0 0 0 0 0 0 0 0 0 0 0 0 
1 0.699437 0.351438 0.0985233 0.0114 0.000575 1.83333e-05 0 0 0 0 0 0 0 0 0 0 0 0 0 
1 0.699138 0.348048 0.09515 0.0110033 0.00053 1.33333e-05 0 0 0 0 0 0 0 0 0 0 0 0 0 
1 0.70064 0.351675 0.0988183 0.0114017 0.000545 1.66667e-05 0 0 0 0 0 0 0 0 0 0 0 0 0 
1 0.697575 0.347425 0.094745 0.01074 0.00051 2e-05 1.66667e-06 0 0 0 0 0 0 0 0 0 0 0 0 
1 0.70167 0.351563 0.098135 0.011125 0.000475 8.33333e-06 0 0 0 0 0 0 0 0 0 0 0 0 0 
1 0.700632 0.35113 0.0966067 0.0110283 0.000583333 1.66667e-05 3.33333e-06 0 0 0 0 0 0 0 0 0 0 0 0 
1 0.701868 0.352892 0.0994483 0.0116383 0.000516667 1e-05 0 0 0 0 0 0 0 0 0 0 0 0 0 
1 0.699635 0.349445 0.0965467 0.0108033 0.000495 2.5e-05 1.66667e-06 0 0 0 0 0 0 0 0 0 0 0 0 
1 0.699047 0.347297 0.0948683 0.0106083 0.000508333 1e-05 0 0 0 0 0 0 0 0 0 0 0 0 0 
1 0.701863 0.352108 0.0977783 0.0111333 0.000535 2.16667e-05 0 0 0 0 0 0 0 0 0 0 0 0 0 
1 0.700868 0.351793 0.0983133 0.0115267 0.000548333 1e-05 0 0 0 0 0 0 0 0 0 0 0 0 0 
1 0.699485 0.350928 0.0971633 0.01142 0.000518333 1.33333e-05 0 0 0 0 0 0 0 0 0 0 0 0 0 
1 0.700347 0.348707 0.0956417 0.011025 0.000566667 2.33333e-05 0 0 0 0 0 0 0 0 0 0 0 0 0 
1 0.698387 0.347502 0.0944367 0.0106633 0.000491667 2.33333e-05 1.66667e-06 0 0 0 0 0 0 0 0 0 0 0 0 
1 0.699238 0.34766 0.0955683 0.0110017 0.000468333 1e-05 0 0 0 0 0 0 0 0 0 0 0 0 0 
1 0.700007 0.351112 0.098315 0.0117017 0.000573333 1e-05 1.66667e-06 0 0 0 0 0 0 0 0 0 0 0 0 
1 0.700202 0.348888 0.0962983 0.0112583 0.000571667 2e-05 1.66667e-06 0 0 0 0 0 0 0 0 0 0 0 0 
1 0.700645 0.350367 0.0975017 0.01137 0.000538333 2.83333e-05 0 0 0 0 0 0 0 0 0 0 0 0 0 
1 0.698925 0.348653 0.095575 0.011035 0.000536667 1.33333e-05 0 0 0 0 0 0 0 0 0 0 0 0 0 
1 0.698008 0.346457 0.0951317 0.01112 0.000558333 1.33333e-05 0 0 0 0 0 0 0 0 0 0 0 0 0 
1 0.698913 0.349757 0.0972633 0.0115283 0.00056 2.5e-05 0 0 0 0 0 0 0 0 0 0 0 0 0 
1 0.69784 0.347478 0.0955717 0.0108733 0.000535 1.83333e-05 0 0 0 0 0 0 0 0 0 0 0 0 0 
1 0.70051 0.351335 0.0977833 0.011275 0.000533333 8.33333e-06 0 0 0 0 0 0 0 0 0 0 0 0 0 
1 0.699223 0.349592 0.0964383 0.0111733 0.000553333 1.83333e-05 1.66667e-06 0 0 0 0 0 0 0 0 0 0 0 0 
1 0.69889 0.3493 0.0967783 0.01125 0.000601667 1.5e-05 0 0 0 0 0 0 0 0 0 0 0 0 0 
1 0.699362 0.350332 0.097195 0.01138 0.000501667 1.33333e-05 0 0 0 0 0 0 0 0 0 0 0 0 0 
1 0.70006 0.34983 0.0966533 0.0107583 0.000465 1.16667e-05 0 0 0 0 0 0 0 0 0 0 0 0 0 
1 0.699355 0.348885 0.096715 0.0114633 0.00048 1.5e-05 0 0 0 0 0 0 0 0 0 0 0 0 0 
1 0.700608 0.352433 0.0985217 0.011755 0.000543333 1.83333e-05 0 0 0 0 0 0 0 0 0 0 0 0 0 
1 0.700993 0.351618 0.096995 0.0111383 0.000561667 1.5e-05 0 0 0 0 0 0 0 0 0 0 0 0 0 
1 0.700323 0.35012 0.0965233 0.0114017 0.00049 1.33333e-05 0 0 0 0 0 0 0 0 0 0 0 0 0 
1 0.699595 0.349877 0.09626 0.0108017 0.000508333 8.33333e-06 0 0 0 0 0 0 0 0 0 0 0 0 0 
1 0.700445 0.35014 0.096805 0.0108933 0.000493333 1.5e-05 1.66667e-06 0 0 0 0 0 0 0 0 0 0 0 0 
1 0.700005 0.350612 0.09727 0.0114 0.000508333 1.16667e-05 0 0 0 0 0 0 0 0 0 0 0 0 0 
1 0.698847 0.34937 0.0961 0.0109983 0.000525 1.66667e-05 0 0 0 0 0 0 0 0 0 0 0 0 0 
1 0.700785 0.351473 0.09784 0.0114067 0.000555 1.5e-05 0 0 0 0 0 0 0 0 0 0 0 0 0 
1 0.699518 0.350058 0.0962167 0.01094 0.000558333 1.33333e-05 0 0 0 0 0 0 0 0 0 0 0 0 0 
1 0.701785 0.353245 0.0988183 0.0115717 0.000566667 1e-05 0 0 0 0 0 0 0 0 0 0 0 0 0 
1 0.699592 0.350172 0.09716 0.0114617 0.000543333 2.16667e-05 0 0 0 0 0 0 0 0 0 0 0 0 0 
1 0.699187 0.34854 0.095755 0.0106483 0.000468333 1.83333e-05 0 0 0 0 0 0 0 0 0 0 0 0 0 
1 0.699798 0.350627 0.0966383 0.0107233 0.000481667 1.66667e-05 1.66667e-06 0 0 0 0 0 0 0 0 0 0 0 0 
1 0.699768 0.351133 0.0970217 0.01132 0.000541667 1.33333e-05 0 0 0 0 0 0 0 0 0 0 0 0 0 
1 0.69796 0.346582 0.0950317 0.0109567 0.000546667 1.66667e-05 0 0 0 0 0 0 0 0 0 0 0 0 0 
1 0.699092 0.34938 0.0965683 0.0110367 0.000498333 1.33333e-05 0 0 0 0 0 0 0 0 0 0 0 0 0 
1 0.701067 0.352518 0.09804 0.0113483 0.000595 2.5e-05 0 0 0 0 0 0 0 0 0 0 0 0 0 
1 0.702225 0.352907 0.0983317 0.0114967 0.000536667 1.16667e-05 0 0 0 0 0 0 0 0 0 0 0 0 0 
1 0.69903 0.34977 0.0966267 0.011175 0.000541667 2.16667e-05 0 0 0 0 0 0 0 0 0 0 0 0 0 
1 0.699775 0.350713 0.097815 0.01144 0.000535 1.83333e-05 1.66667e-06 0 0 0 0 0 0 0 0 0 0 0 0 
1 0.699257 0.349677 0.0969867 0.0111417 0.000533333 1.5e-05 0 0 0 0 0 0 0 0 0 0 0 0 0 
1 0.698415 0.347112 0.0947783 0.0104933 0.000468333 2e-05 0 0 0 0 0 0 0 0 0 0 0 0 0 
1 0.699697 0.348392 0.095695 0.0109617 0.000501667 1.33333e-05 0 0 0 0 0 0 0 0 0 0 0 0 0 
1 0.701973 0.353592 0.0994133 0.011975 0.000665 1.66667e-05 0 0 0 0 0 0 0 0 0 0 0 0 0 
1 0.699973 0.349928 0.096545 0.0109717 0.000533333 1.5e-05 0 0 0 0 0 0 0 0 0 0 0 0 0 
1 0.698037 0.347167 0.095175 0.0104233 0.000441667 1.16667e-05 0 0 0 0 0 0 0 0 0 0 0 0 0 
1 0.701807 0.352497 0.0983983 0.01144 0.000598333 1.5e-05 0 0 0 0 0 0 0 0 0 0 0 0 0 
1 0.698805 0.348353 0.0954417 0.0110667 0.000446667 1.33333e-05 0 0 0 0 0 0 0 0 0 0 0 0 0 
1 0.701132 0.353123 0.0986967 0.0113283 0.000521667 2e-05 1.66667e-06 0 0 0 0 0 0 0 0 0 0 0 0 
1 0.700537 0.350668 0.09833 0.0114917 0.00053 8.33333e-06 0 0 0 0 0 0 0 0 0 0 0 0 0 
1 0.700555 0.350048 0.0965767 0.0112317 0.00056 2.16667e-05 0 0 0 0 0 0 0 0 0 0 0 0 0 
1 0.70013 0.349853 0.0970083 0.011085 0.00056 1.33333e-05 0 0 0 0 0 0 0 0 0 0 0 0 0 
1 0.701077 0.352222 0.0973117 0.0110983 0.000511667 1.33333e-05 0 0 0 0 0 0 0 0 0 0 0 0 0 
1 0.69919 0.348735 0.09601 0.0108083 0.000458333 8.33333e-06 0 0 0 0 0 0 0 0 0 0 0 0 0 
1 0.699587 0.348228 0.095475 0.0109 0.000515 1.66667e-05 0 0 0 0 0 0 0 0 0 0 0 0 0 
1 0.69882 0.348895 0.09597 0.010975 0.000551667 1.33333e-05 0 0 0 0 0 0 0 0 0 0 0 0 0 
1 0.70047 0.350098 0.097075 0.0109883 0.00047 1.16667e-05 0 0 0 0 0 0 0 0 0 0 0 0 0 
1 0.699922 0.35104 0.09813 0.0118833 0.000605 2e-05 1.66667e-06 0 0 0 0 0 0 0 0 0 0 0 0 
1 0.70125 0.35163 0.09777 0.0112367 0.000483333 1.83333e-05 0 0 0 0 0 0 0 0 0 0 0 0 0 
1 0.69871 0.347807 0.09557 0.0111983 0.00055 1.16667e-05 0 0 0 0 0 0 0 0 0 0 0 0 0 
1 0.698013 0.34956 0.0960217 0.0106383 0.00046 8.33333e-06 0 0 0 0 0 0 0 0 0 0 0 0 0 
1 0.701195 0.353058 0.0987333 0.0117667 0.000601667 2.33333e-05 0 0 0 0 0 0 0 0 0 0 0 0 0 
1 0.700242 0.350527 0.096945 0.0114317 0.000508333 8.33333e-06 0 0 0 0 0 0 0 0 0 0 0 0 0 
1 0.70113 0.351097 0.0980933 0.01134 0.00056 1.66667e-05 0 0 0 0 0 0 0 0 0 0 0 0 0 
1 0.698768 0.348845 0.09627 0.01119 0.000473333 1.16667e-05 0 0 0 0 0 0 0 0 0 0 0 0 0 
1 0.701435 0.350857 0.097005 0.0111367 0.000465 1.33333e-05 0 0 0 0 0 0 0 0 0 0 0 0 0 
1 0.699855 0.349762 0.09766 0.0113633 0.000468333 1.5e-05 1.66667e-06 0 0 0 0 0 0 0 0 0 0 0 0 
1 0.70102 0.350352 0.0976567 0.011205 0.000525 2.16667e-05 3.33333e-06 0 0 0 0 0 0 0 0 0 0 0 0 
1 0.699578 0.34932 0.0964067 0.011655 0.000598333 1.83333e-05 0 0 0 0 0 0 0 0 0 0 0 0 0 
1 0.700828 0.35072 0.09704 0.01126 0.000573333 3.33333e-06 0 0 0 0 0 0 0 0 0 0 0 0 0 
1 0.69723 0.345533 0.0944517 0.0105667 0.000451667 1.5e-05 0 0 0 0 0 0 0 0 0 0 0 0 0 
1 0.702442 0.35262 0.0976617 0.011345 0.000511667 1.33333e-05 0 0 0 0 0 0 0 0 0 0 0 0 0 
1 0.70133 0.352128 0.0973217 0.01129 0.000513333 8.33333e-06 0 0 0 0 0 0 0 0 0 0 0 0 0 
1 0.701272 0.3517 0.0970083 0.01148 0.000553333 1.5e-05 0 0 0 0 0 0 0 0 0 0 0 0 0 
1 0.700857 0.35128 0.0981483 0.0114067 0.000555 3e-05 1.66667e-06 0 0 0 0 0 0 0 0 0 0 0 0 
1 0.701135 0.351585 0.0981567 0.0111533 0.000553333 1.83333e-05 0 0 0 0 0 0 0 0 0 0 0 0 0 
1 0.699427 0.3503 0.0972283 0.0111517 0.00051 1.5e-05 0 0 0 0 0 0 0 0 0 0 0 0 0 
1 0.700323 0.351148 0.0973483 0.011325 0.000493333 6.66667e-06 0 0 0 0 0 0 0 0 0 0 0 0 0 
1 0.699825 0.350095 0.0964167 0.01107 0.00054 1.16667e-05 0 0 0 0 0 0 0 0 0 0 0 0 0 
1 0.700383 0.350208 0.0974083 0.01137 0.000516667 6.66667e-06 0 0 0 0 0 0 0 0 0 0 0 0 0 
1 0.70252 0.35298 0.0984617 0.0113367 0.00059 1.66667e-05 0 0 0 0 0 0 0 0 0 0 0 0 0 
1 0.698353 0.349055 0.096445 0.0110183 0.000493333 6.66667e-06 0 0 0 0 0 0 0 0 0 0 0 0 0 
1 0.699233 0.349153 0.096435 0.0107967 0.00048 1e-05 0 0 0 0 0 0 0 0 0 0 0 0 0 
1 0.700347 0.350448 0.0970533 0.0107 0.000486667 1.33333e-05 0 0 0 0 0 0 0 0 0 0 0 0 0 
1 0.700428 0.351183 0.0969 0.01091 0.000476667 1.33333e-05 0 0 0 0 0 0 0 0 0 0 0 0 0 
1 0.698843 0.347817 0.0962917 0.01125 0.000538333 1e-05 0 0 0 0 0 0 0 0 0 0 0 0 0 
1 0.700383 0.351052 0.09688 0.0113017 0.000523333 1.83333e-05 0 0 0 0 0 0 0 0 0 0 0 0 0 
1 0.699065 0.349735 0.0967933 0.0112967 0.000606667 8.33333e-06 0 0 0 0 0 0 0 0 0 0 0 0 0 
1 0.698495 0.347738 0.0955417 0.0110367 0.000571667 2.5e-05 3.33333e-06 0 0 0 0 0 0 0 0 0 0 0 0 
1 0.699428 0.349098 0.0967617 0.0110433 0.000443333 8.33333e-06 0 0 0 0 0 0 0 0 0 0 0 0 0 
1 0.6983 0.347455 0.0953683 0.010715 0.000506667 5e-06 0 0 0 0 0 0 0 0 0 0 0 0 0 
1 0.70207 0.351967 0.097385 0.0114117 0.000548333 2.16667e-05 0 0 0 0 0 0 0 0 0 0 0 0 0 
1 0.698328 0.347335 0.0956767 0.0111983 0.000503333 6.66667e-06 0 0 0 0 0 0 0 0 0 0 0 0 0 
1 0.699738 0.348527 0.09605 0.011095 0.000525 1.33333e-05 0 0 0 0 0 0 0 0 0 0 0 0 0 
1 0.699652 0.34895 0.0964317 0.0112283 0.000485 1.83333e-05 0 0 0 0 0 0 0 0 0 0 0 0 0 
1 0.700207 0.351075 0.097575 0.011465 0.000483333 1.5e-05 0 0 0 0 0 0 0 0 0 0 0 0 0 
1 0.698932 0.347868 0.096065 0.0107467 0.000521667 1.83333e-05 0 0 0 0 0 0 0 0 0 0 0 0 0 
1 0.700513 0.350017 0.09697 0.0112883 0.000555 8.33333e-06 0 0 0 0 0 0 0 0 0 0 0 0 0 
1 0.696803 0.348192 0.0952067 0.0103767 0.000468333 1.33333e-05 0 0 0 0 0 0 0 0 0 0 0 0 0 
1 0.698803 0.348428 0.096095 0.0111533 0.000586667 6.66667e-06 0 0 0 0 0 0 0 0 0 0 0 0 0 
1 0.700098 0.350688 0.0971817 0.0112417 0.000515 1.33333e-05 0 0 0 0 0 0 0 0 0 0 0 0 0 
1 0.701942 0.352283 0.097385 0.0113617 0.00054 1.33333e-05 0 0 0 0 0 0 0 0 0 0 0 0 0 
1 0.698578 0.348478 0.0955567 0.011305 0.000511667 1e-05 0 0 0 0 0 0 0 0 0 0 0 0 0 
1 0.700292 0.350508 0.0971667 0.0114 0.000573333 1.16667e-05 0 0 0 0 0 0 0 0 0 0 0 0 0 
1 0.698493 0.348758 0.0959683 0.0109783 0.000525 6.66667e-06 0 0 0 0 0 0 0 0 0 0 0 0 0 
1 0.69806 0.347377 0.09536 0.010975 0.00047 2e-05 1.66667e-06 0 0 0 0 0 0 0 0 0 0 0 0 
1 0.699277 0.34824 0.09624 0.0110983 0.00056 2.66667e-05 0 0 0 0 0 0 0 0 0 0 0 0 0 
1 0.699443 0.349182 0.0963517 0.0111333 0.000511667 1.16667e-05 0 0 0 0 0 0 0 0 0 0 0 0 0 
1 0.701205 0.351127 0.0979333 0.011315 0.000543333 2e-05 1.66667e-06 0 0 0 0 0 0 0 0 0 0 0 0 
1 0.699085 0.349418 0.0958 0.0109 0.000525 1.66667e-05 3.33333e-06 0 0 0 0 0 0 0 0 0 0 0 0 
1 0.701113 0.349853 0.0968117 0.01114 0.000501667 2.33333e-05 0 0 0 0 0 0 0 0 0 0 0 0 0 
1 0.698952 0.348943 0.095815 0.0107617 0.000525 2.5e-05 0 0 0 0 0 0 0 0 0 0 0 0 0 
1 0.70016 0.349597 0.096505 0.0110517 0.000516667 1.16667e-05 0 0 0 0 0 0 0 0 0 0 0 0 0 
1 0.700177 0.34938 0.0964783 0.0111833 0.000513333 1.33333e-05 0 0 0 0 0 0 0 0 0 0 0 0 0 
1 0.700438 0.351835 0.0972967 0.0112233 0.000515 2.83333e-05 1.66667e-06 0 0 0 0 0 0 0 0 0 0 0 0 
1 0.700378 0.35128 0.097775 0.011545 0.000563333 3.16667e-05 1.66667e-06 0 0 0 0 0 0 0 0 0 0 0 0 
1 0.702373 0.35336 0.0991617 0.0116 0.00053 1e-05 0 0 0 0 0 0 0 0 0 0 0 0 0 
1 0.701647 0.35158 0.0976017 0.0110667 0.000501667 1.33333e-05 1.66667e-06 0 0 0 0 0 0 0 0 0 0 0 0 
1 0.697793 0.347008 0.0938017 0.01025 0.000428333 1.66667e-05 0 0 0 0 0 0 0 0 0 0 0 0 0 
1 0.70025 0.352262 0.0991283 0.0116033 0.000533333 8.33333e-06 0 0 0 0 0 0 0 0 0 0 0 0 0 
1 0.70117 0.35088 0.09747 0.01112 0.000521667 2.5e-05 0 0 0 0 0 0 0 0 0 0 0 0 0 
1 0.698378 0.347828 0.09594 0.0110433 0.000508333 1.66667e-05 0 0 0 0 0 0 0 0 0 0 0 0 0 
1 0.70009 0.350883 0.096325 0.0108433 0.000505 6.66667e-06 0 0 0 0 0 0 0 0 0 0 0 0 0 
1 0.700147 0.347618 0.0951017 0.0107417 0.00049 6.66667e-06 0 0 0 0 0 0 0 0 0 0 0 0 0 
1 0.701685 0.350345 0.09708 0.0111633 0.000541667 2.33333e-05 0 0 0 0 0 0 0 0 0 0 0 0 0 
1 0.700477 0.353337 0.0994917 0.0117567 0.000616667 2.33333e-05 0 0 0 0 0 0 0 0 0 0 0 0 0 
1 0.698943 0.347967 0.096085 0.0113033 0.000496667 1.5e-05 0 0 0 0 0 0 0 0 0 0 0 0 0 
1 0.698615 0.349033 0.0965717 0.0114317 0.000575 1.5e-05 0 0 0 0 0 0 0 0 0 0 0 0 0 
1 0.701245 0.352705 0.09844 0.0119967 0.00061 1.83333e-05 0 0 0 0 0 0 0 0 0 0 0 0 0 
1 0.701052 0.350952 0.0969033 0.0114083 0.000496667 8.33333e-06 0 0 0 0 0 0 0 0 0 0 0 0 0 
1 0.70223 0.3527 0.0978717 0.0114067 0.000541667 2e-05 0 0 0 0 0 0 0 0 0 0 0 0 0 
1 0.700957 0.350745 0.0979317 0.0116483 0.00056 1.66667e-05 0 0 0 0 0 0 0 0 0 0 0 0 0 
1 0.700502 0.352073 0.097945 0.0112917 0.000543333 1.5e-05 0 0 0 0 0 0 0 0 0 0 0 0 0 
1 0.701832 0.352178 0.0990533 0.011865 0.000581667 1.33333e-05 0 0 0 0 0 0 0 0 0 0 0 0 0 
1 0.699122 0.348297 0.0958017 0.01075 0.000491667 8.33333e-06 0 0 0 0 0 0 0 0 0 0 0 0 0 
1 0.700467 0.351083 0.0983433 0.0112333 0.000463333 1.5e-05 0 0 0 0 0 0 0 0 0 0 0 0 0 
1 0.700628 0.350038 0.0961317 0.010955 0.000476667 1.33333e-05 0 0 0 0 0 0 0 0 0 0 0 0 0 
1 0.698667 0.348012 0.0955467 0.0109017 0.000475 1.16667e-05 0 0 0 0 0 0 0 0 0 0 0 0 0 
1 0.699598 0.348617 0.0967217 0.01136 0.00052 1.5e-05 0 0 0 0 0 0 0 0 0 0 0 0 0 
1 0.69971 0.350418 0.096715 0.0108583 0.000495 1.66667e-05 0 0 0 0 0 0 0 0 0 0 0 0 0 
1 0.699792 0.349828 0.0965 0.0109017 0.000523333 2e-05 3.33333e-06 0 0 0 0 0 0 0 0 0 0 0 0 
1 0.700413 0.351575 0.09739 0.0112233 0.000463333 1.5e-05 0 0 0 0 0 0 0 0 0 0 0 0 0 
1 0.699225 0.348628 0.0965783 0.0109983 0.000476667 1.16667e-05 0 0 0 0 0 0 0 0 0 0 0 0 0 
1 0.699687 0.349237 0.096505 0.01068 0.000456667 1.33333e-05 0 0 0 0 0 0 0 0 0 0 0 0 0 
1 0.699627 0.349728 0.0971833 0.0111183 0.000531667 1.16667e-05 3.33333e-06 0 0 0 0 0 0 0 0 0 0 0 0 
1 0.699297 0.349443 0.0965667 0.01114 0.000515 1.16667e-05 1.66667e-06 0 0 0 0 0 0 0 0 0 0 0 0 
1 0.699478 0.349112 0.09653 0.011165 0.000493333 6.66667e-06 0 0 0 0 0 0 0 0 0 0 0 0 0 
1 0.698708 0.349915 0.0961083 0.0111367 0.000581667 1.83333e-05 0 0 0 0 0 0 0 0 0 0 0 0 0 
1 0.70118 0.351882 0.0983767 0.0116933 0.000593333 2.16667e-05 1.66667e-06 0 0 0 0 0 0 0 0 0 0 0 0 
1 0.699568 0.349448 0.0964883 0.01067 0.000505 1.33333e-05 0 0 0 0 0 0 0 0 0 0 0 0 0 
1 0.700068 0.351382 0.09648 0.011065 0.000523333 1.83333e-05 0 0 0 0 0 0 0 0 0 0 0 0 0 
1 0.701627 0.35319 0.0984767 0.0114033 0.00053 1e-05 0 0 0 0 0 0 0 0 0 0 0 0 0 
1 0.701583 0.351605 0.09798 0.01116 0.000546667 2e-05 0 0 0 0 0 0 0 0 0 0 0 0 0 
1 0.699883 0.350325 0.0970583 0.0114033 0.000571667 1.16667e-05 0 0 0 0 0 0 0 0 0 0 0 0 0 
1 0.699615 0.349922 0.0972867 0.01115 0.000545 1.83333e-05 0 0 0 0 0 0 0 0 0 0 0 0 0 
1 0.700222 0.350778 0.0968717 0.0112433 0.00052 1.66667e-05 0 0 0 0 0 0 0 0 0 0 0 0 0 
1 0.70093 0.351572 0.0973017 0.0115783 0.0006 2e-05 5e-06 0 0 0 0 0 0 0 0 0 0 0 0 
1 0.700868 0.352252 0.0979783 0.0115267 0.000605 1.16667e-05 0 0 0 0 0 0 0 0 0 0 0 0 0 
1 0.700037 0.351602 0.0975133 0.0114267 0.00057 1.66667e-05 1.66667e-06 0 0 0 0 0 0 0 0 0 0 0 0 
1 0.69963 0.350143 0.0969367 0.0111233 0.000506667 2.83333e-05 0 0 0 0 0 0 0 0 0 0 0 0 0 
1 0.6979 0.346535 0.09428 0.01033 0.000438333 2.33333e-05 0 0 0 0 0 0 0 0 0 0 0 0 0 
1 0.698163 0.347592 0.0950033 0.010695 0.000443333 1e-05 0 0 0 0 0 0 0 0 0 0 0 0 0 
1 0.700992 0.351023 0.0968033 0.0112983 0.000553333 1.5e-05 0 0 0 0 0 0 0 0 0 0 0 0 0 
1 0.698943 0.348333 0.09541 0.010755 0.000563333 2.33333e-05 0 0 0 0 0 0 0 0 0 0 0 0 0 
1 0.698863 0.349072 0.0960383 0.01093 0.000468333 6.66667e-06 0 0 0 0 0 0 0 0 0 0 0 0 0 
1 0.70028 0.350055 0.0967883 0.0111583 0.000521667 8.33333e-06 0 0 0 0 0 0 0 0 0 0 0 0 0 
1 0.702835 0.352732 0.0988067 0.0112567 0.000486667 1.5e-05 0 0 0 0 0 0 0 0 0 0 0 0 0 
1 0.698285 0.349175 0.0963633 0.0112683 0.000551667 1.5e-05 1.66667e-06 0 0 0 0 0 0 0 0 0 0 0 0 
1 0.702093 0.351782 0.0979083 0.0112467 0.00049 1.33333e-05 1.66667e-06 0 0 0 0 0 0 0 0 0 0 0 0 
1 0.69924 0.349507 0.0966117 0.010955 0.000505 1.16667e-05 0 0 0 0 0 0 0 0 0 0 0 0 0 
1 0.701225 0.353092 0.09794 0.0112333 0.00051 1.5e-05 0 0 0 0 0 0 0 0 0 0 0 0 0 
1 0.700317 0.350482 0.097215 0.0110233 0.000468333 5e-06 0 0 0 0 0 0 0 0 0 0 0 0 0 
1 0.700037 0.349857 0.096695 0.011225 0.000506667 3e-05 0 0 0 0 0 0 0 0 0 0 0 0 0 
1 0.70002 0.350482 0.0963483 0.0107067 0.000505 1.66667e-05 0 0 0 0 0 0 0 0 0 0 0 0 0 
1 0.699867 0.350683 0.097255 0.011395 0.000486667 6.66667e-06 1.66667e-06 0 0 0 0 0 0 0 0 0 0 0 0 
1 0.699032 0.350153 0.0962483 0.0109733 0.000546667 1e-05 1.66667e-06 0 0 0 0 0 0 0 0 0 0 0 0 
1 0.700172 0.349482 0.0965967 0.0107833 0.00048 1.66667e-05 0 0 0 0 0 0 0 0 0 0 0 0 0 
1 0.700872 0.351485 0.097565 0.01145 0.000553333 1.5e-05 0 0 0 0 0 0 0 0 0 0 0 0 0 
1 0.699708 0.350243 0.097695 0.0113717 0.000608333 1.16667e-05 0 0 0 0 0 0 0 0 0 0 0 0 0 
1 0.698158 0.345865 0.09391 0.0105233 0.000503333 1.33333e-05 0 0 0 0 0 0 0 0 0 0 0 0 0 
1 0.699917 0.350327 0.0968667 0.0111483 0.000468333 1.16667e-05 0 0 0 0 0 0 0 0 0 0 0 0 0 
1 0.700182 0.3511 0.09786 0.0113433 0.00054 2e-05 0 0 0 0 0 0 0 0 0 0 0 0 0 
1 0.698652 0.348213 0.0961383 0.01119 0.000498333 1.66667e-05 1.66667e-06 0 0 0 0 0 0 0 0 0 0 0 0 
1 0.700815 0.35152 0.09852 0.0114933 0.000606667 2e-05 0 0 0 0 0 0 0 0 0 0 0 0 0 
1 0.699718 0.34978 0.0966217 0.01093 0.000531667 2.33333e-05 0 0 0 0 0 0 0 0 0 0 0 0 0 
1 0.701293 0.353002 0.0989433 0.0115833 0.000493333 1.16667e-05 0 0 0 0 0 0 0 0 0 0 0 0 0 
1 0.699582 0.34972 0.096115 0.0109233 0.000458333 1.33333e-05 0 0 0 0 0 0 0 0 0 0 0 0 0 
1 0.698975 0.34741 0.09561 0.0107367 0.00047 1.16667e-05 0 0 0 0 0 0 0 0 0 0 0 0 0 
1 0.698102 0.34837 0.0960717 0.010975 0.000516667 1.5e-05 0 0 0 0 0 0 0 0 0 0 0 0 0 
1 0.698378 0.348607 0.0962567 0.01112 0.000568333 1.66667e-05 0 0 0 0 0 0 0 0 0 0 0 0 0 
1 0.699047 0.348152 0.0950967 0.0103983 0.000448333 6.66667e-06 0 0 0 0 0 0 0 0 0 0 0 0 0 
1 0.701938 0.353317 0.0991367 0.011865 0.000585 1.5e-05 0 0 0 0 0 0 0 0 0 0 0 0 0 
1 0.701028 0.35207 0.097075 0.0110133 0.0005 6.66667e-06 0 0 0 0 0 0 0 0 0 0 0 0 0 
1 0.698842 0.348233 0.096415 0.0111767 0.000523333 1.5e-05 0 0 0 0 0 0 0 0 0 0 0 0 0 
1 0.701458 0.352595 0.0982467 0.01176 0.00052 1e-05 0 0 0 0 0 0 0 0 0 0 0 0 0 
1 0.698913 0.34897 0.0954817 0.0107667 0.000468333 1.5e-05 0 0 0 0 0 0 0 0 0 0 0 0 0 
1 0.699955 0.349327 0.0954783 0.0110533 0.000513333 2.33333e-05 3.33333e-06 0 0 0 0 0 0 0 0 0 0 0 0 
1 0.697343 0.345553 0.0944783 0.0105233 0.000486667 1e-05 0 0 0 0 0 0 0 0 0 0 0 0 0 
1 0.698307 0.348392 0.0956417 0.0110683 0.000501667 6.66667e-06 0 0 0 0 0 0 0 0 0 0 0 0 0 
1 0.701083 0.351553 0.096925 0.011295 0.000565 2e-05 0 0 0 0 0 0 0 0 0 0 0 0 0 
1 0.700507 0.350808 0.09844 0.01126 0.000516667 1.33333e-05 0 0 0 0 0 0 0 0 0 0 0 0 0 
1 0.701615 0.352528 0.0979783 0.011755 0.000563333 1.83333e-05 0 0 0 0 0 0 0 0 0 0 0 0 0 
1 0.699208 0.34955 0.096965 0.0111183 0.000503333 1.83333e-05 0 0 0 0 0 0 0 0 0 0 0 0 0 
1 0.699485 0.350022 0.09616 0.0109733 0.000576667 1.33333e-05 0 0 0 0 0 0 0 0 0 0 0 0 0 
1 0.699385 0.348353 0.0950367 0.0109317 0.000471667 1.83333e-05 0 0 0 0 0 0 0 0 0 0 0 0 0 
1 0.702535 0.35339 0.099335 0.011485 0.000635 1.66667e-05 0 0 0 0 0 0 0 0 0 0 0 0 0 
1 0.697163 0.345172 0.0939183 0.0104133 0.000481667 1e-05 0 0 0 0 0 0 0 0 0 0 0 0 0 
1 0.698988 0.348865 0.0961483 0.0109367 0.000483333 1.83333e-05 0 0 0 0 0 0 0 0 0 0 0 0 0 
1 0.697898 0.348257 0.09601 0.0108917 0.000498333 1.66667e-05 0 0 0 0 0 0 0 0 0 0 0 0 0 
1 0.698723 0.348425 0.0963867 0.01118 0.000536667 1.33333e-05 0 0 0 0 0 0 0 0 0 0 0 0 0 
1 0.700432 0.350715 0.0982567 0.0114033 0.000501667 1.66667e-05 0 0 0 0 0 0 0 0 0 0 0 0 0 
1 0.69997 0.35057 0.097845 0.0112733 0.000636667 2e-05 0 0 0 0 0 0 0 0 0 0 0 0 0 
1 0.699348 0.349413 0.09608 0.010745 0.000501667 1.16667e-05 0 0 0 0 0 0 0 0 0 0 0 0 0 
1 0.698753 0.346757 0.0948417 0.010355 0.000426667 1e-05 0 0 0 0 0 0 0 0 0 0 0 0 0 
1 0.700905 0.349697 0.0973883 0.0111233 0.000446667 8.33333e-06 0 0 0 0 0 0 0 0 0 0 0 0 0 
1 0.70203 0.353495 0.0989033 0.01159 0.000593333 1.16667e-05 0 0 0 0 0 0 0 0 0 0 0 0 0 
1 0.700837 0.350233 0.096465 0.01089 0.000461667 2.16667e-05 1.66667e-06 0 0 0 0 0 0 0 0 0 0 0 0 
1 0.699348 0.350195 0.0965267 0.011305 0.000506667 1.5e-05 0 0 0 0 0 0 0 0 0 0 0 0 0 
1 0.699847 0.350973 0.097315 0.011205 0.000505 6.66667e-06 0 0 0 0 0 0 0 0 0 0 0 0 0 
1 0.699323 0.348993 0.0961067 0.0109583 0.000546667 1.83333e-05 0 0 0 0 0 0 0 0 0 0 0 0 0 
1 0.700002 0.349777 0.0964817 0.0111517 0.000563333 1.66667e-05 0 0 0 0 0 0 0 0 0 0 0 0 0 
1 0.700665 0.350957 0.0977133 0.0113633 0.000548333 2e-05 0 0 0 0 0 0 0 0 0 0 0 0 0 
1 0.700427 0.350682 0.0971317 0.0108867 0.000478333 1e-05 0 0 0 0 0 0 0 0 0 0 0 0 0 
1 0.702753 0.353053 0.0986317 0.0116783 0.000511667 2.5e-05 3.33333e-06 0 0 0 0 0 0 0 0 0 0 0 0 
1 0.696712 0.344568 0.0935433 0.0103767 0.00045 1.66667e-05 0 0 0 0 0 0 0 0 0 0 0 0 0 
1 0.701408 0.354177 0.0995133 0.0113883 0.00057 1e-05 0 0 0 0 0 0 0 0 0 0 0 0 0 
1 0.699073 0.34927 0.0961183 0.011025 0.00049 6.66667e-06 0 0 0 0 0 0 0 0 0 0 0 0 0 
1 0.69947 0.348265 0.0953633 0.0108717 0.000483333 1.33333e-05 0 0 0 0 0 0 0 0 0 0 0 0 0 
1 0.700948 0.349578 0.0964867 0.011085 0.000536667 1.5e-05 0 0 0 0 0 0 0 0 0 0 0 0 0 
1 0.69893 0.348065 0.0949617 0.0108917 0.00048 8.33333e-06 0 0 0 0 0 0 0 0 0 0 0 0 0 
1 0.699322 0.348825 0.0957 0.010595 0.000516667 1.16667e-05 0 0 0 0 0 0 0 0 0 0 0 0 0 
1 0.700815 0.351167 0.097445 0.0111317 0.000471667 1.66667e-05 0 0 0 0 0 0 0 0 0 0 0 0 0 
1 0.698302 0.347157 0.094735 0.01096 0.000405 8.33333e-06 0 0 0 0 0 0 0 0 0 0 0 0 0 
1 0.699938 0.350315 0.0960833 0.0109833 0.00048 5e-06 0 0 0 0 0 0 0 0 0 0 0 0 0 
1 0.700902 0.352082 0.09757 0.01148 0.000566667 2.83333e-05 0 0 0 0 0 0 0 0 0 0 0 0 0 
1 0.698972 0.349107 0.0959533 0.0109733 0.000535 1.66667e-05 0 0 0 0 0 0 0 0 0 0 0 0 0 
1 0.701218 0.352813 0.0988117 0.0119733 0.000618333 1.33333e-05 0 0 0 0 0 0 0 0 0 0 0 0 0 
1 0.700832 0.351107 0.097575 0.0115767 0.000528333 1.66667e-05 0 0 0 0 0 0 0 0 0 0 0 0 0 
1 0.699492 0.348938 0.0966483 0.0109417 0.000446667 1.5e-05 0 0 0 0 0 0 0 0 0 0 0 0 0 
1 0.698222 0.34907 0.0951617 0.0106483 0.000481667 6.66667e-06 0 0 0 0 0 0 0 0 0 0 0 0 0 
1 0.701323 0.3519 0.09804 0.0110167 0.00057 1.5e-05 0 0 0 0 0 0 0 0 0 0 0 0 0 
1 0.701635 0.351727 0.0976533 0.01121 0.000576667 1.33333e-05 0 0 0 0 0 0 0 0 0 0 0 0 0 
1 0.701013 0.352522 0.0982517 0.011405 0.000578333 8.33333e-06 0 0 0 0 0 0 0 0 0 0 0 0 0 
1 0.70167 0.352322 0.0991217 0.0115833 0.00054 1e-05 0 0 0 0 0 0 0 0 0 0 0 0 0 
1 0.702805 0.353652 0.098545 0.0111567 0.000476667 1.33333e-05 0 0 0 0 0 0 0 0 0 0 0 0 0 
1 0.702095 0.351842 0.0978517 0.0113483 0.000531667 1.66667e-05 0 0 0 0 0 0 0 0 0 0 0 0 0 
1 0.69895 0.348282 0.0963367 0.0112783 0.000551667 1.66667e-05 0 0 0 0 0 0 0 0 0 0 0 0 0 
1 0.699025 0.347527 0.0946317 0.01057 0.000475 1e-05 0 0 0 0 0 0 0 0 0 0 0 0 0 
1 0.699788 0.35077 0.097345 0.0113217 0.000513333 1.16667e-05 0 0 0 0 0 0 0 0 0 0 0 0 0 
1 0.701473 0.350655 0.0976117 0.0111267 0.000423333 8.33333e-06 0 0 0 0 0 0 0 0 0 0 0 0 0 
1 0.699497 0.348777 0.0963883 0.011115 0.000521667 2.66667e-05 1.66667e-06 0 0 0 0 0 0 0 0 0 0 0 0 
1 0.69865 0.34862 0.0964217 0.010895 0.000475 1.66667e-05 1.66667e-06 0 0 0 0 0 0 0 0 0 0 0 0 
1 0.703645 0.355577 0.100368 0.0118783 0.000613333 1.83333e-05 3.33333e-06 0 0 0 0 0 0 0 0 0 0 0 0 
1 0.697205 0.346852 0.0950067 0.010725 0.000513333 3.33333e-06 0 0 0 0 0 0 0 0 0 0 0 0 0 
1 0.69983 0.348352 0.09502 0.01095 0.000535 1e-05 0 0 0 0 0 0 0 0 0 0 0 0 0 
1 0.700743 0.351957 0.097715 0.0115833 0.000668333 1.5e-05 3.33333e-06 0 0 0 0 0 0 0 0 0 0 0 0 
1 0.697828 0.346883 0.0951767 0.01091 0.000488333 1e-05 0 0 0 0 0 0 0 0 0 0 0 0 0 
1 0.700657 0.350517 0.0980183 0.0112767 0.000568333 1.16667e-05 0 0 0 0 0 0 0 0 0 0 0 0 0 
1 0.701542 0.35256 0.09883 0.0114183 0.00052 2.16667e-05 1.66667e-06 0 0 0 0 0 0 0 0 0 0 0 0 
1 0.700643 0.351722 0.09771 0.0117017 0.000593333 1.16667e-05 0 0 0 0 0 0 0 0 0 0 0 0 0 
1 0.699747 0.350323 0.0965567 0.0108383 0.000546667 1.66667e-05 0 0 0 0 0 0 0 0 0 0 0 0 0 
1 0.700218 0.351087 0.097575 0.0112967 0.000598333 4e-05 1.66667e-06 0 0 0 0 0 0 0 0 0 0 0 0 
1 0.699603 0.350333 0.0965767 0.011225 0.00048 8.33333e-06 0 0 0 0 0 0 0 0 0 0 0 0 0 
1 0.700977 0.349862 0.0969633 0.0110267 0.000555 1e-05 0 0 0 0 0 0 0 0 0 0 0 0 0 
1 0.699283 0.348875 0.0962767 0.01102 0.000518333 2e-05 0 0 0 0 0 0 0 0 0 0 0 0 0 
1 0.702168 0.353985 0.0995133 0.0119317 0.000596667 1e-05 0 0 0 0 0 0 0 0 0 0 0 0 0 
1 0.700212 0.350982 0.0966683 0.0110517 0.000495 5e-06 0 0 0 0 0 0 0 0 0 0 0 0 0 
1 0.702208 0.35192 0.097765 0.011555 0.000556667 1.83333e-05 0 0 0 0 0 0 0 0 0 0 0 0 0 
1 0.698308 0.348165 0.0955117 0.0111383 0.000541667 1.16667e-05 0 0 0 0 0 0 0 0 0 0 0 0 0 
1 0.703567 0.35496 0.100123 0.0114683 0.000538333 1.66667e-05 0 0 0 0 0 0 0 0 0 0 0 0 0 
1 0.702127 0.35283 0.0982817 0.0114117 0.000545 1.83333e-05 0 0 0 0 0 0 0 0 0 0 0 0 0 
1 0.700893 0.35069 0.0973383 0.0114233 0.000535 2.16667e-05 0 0 0 0 0 0 0 0 0 0 0 0 0 
1 0.698417 0.349453 0.0970483 0.011385 0.000546667 1.5e-05 0 0 0 0 0 0 0 0 0 0 0 0 0 
1 0.700487 0.349903 0.0968167 0.0111017 0.00051 2e-05 1.66667e-06 0 0 0 0 0 0 0 0 0 0 0 0 
1 0.700778 0.351228 0.097765 0.0113483 0.00056 2.16667e-05 0 0 0 0 0 0 0 0 0 0 0 0 0 
1 0.699832 0.349828 0.09671 0.0109817 0.000528333 1.16667e-05 0 0 0 0 0 0 0 0 0 0 0 0 0 
1 0.70136 0.352125 0.09794 0.0113983 0.000526667 1.5e-05 0 0 0 0 0 0 0 0 0 0 0 0 0 
1 0.69927 0.348815 0.095375 0.010775 0.000595 1.33333e-05 0 0 0 0 0 0 0 0 0 0 0 0 0 
1 0.698512 0.347323 0.0957917 0.0110217 0.00049 1.16667e-05 0 0 0 0 0 0 0 0 0 0 0 0 0 
1 0.69786 0.347565 0.0950617 0.0105517 0.000518333 1e-05 0 0 0 0 0 0 0 0 0 0 0 0 0 
1 0.699957 0.350283 0.0972633 0.0111967 0.000588333 2.66667e-05 0 0 0 0 0 0 0 0 0 0 0 0 0 
1 0.70119 0.352403 0.097645 0.011395 0.000528333 1.66667e-05 0 0 0 0 0 0 0 0 0 0 0 0 0 
1 0.699378 0.349702 0.0970617 0.0109733 0.000538333 2e-05 1.66667e-06 0 0 0 0 0 0 0 0 0 0 0 0 
1 0.69994 0.349627 0.0962617 0.011205 0.000546667 2.33333e-05 5e-06 0 0 0 0 0 0 0 0 0 0 0 0 
1 0.701908 0.352645 0.097635 0.01139 0.000528333 2.33333e-05 0 0 0 0 0 0 0 0 0 0 0 0 0 
1 0.699933 0.349528 0.09639 0.0112683 0.000508333 8.33333e-06 1.66667e-06 0 0 0 0 0 0 0 0 0 0 0 0 
1 0.70211 0.351542 0.0982383 0.011365 0.000535 1.5e-05 0 0 0 0 0 0 0 0 0 0 0 0 0 
1 0.702572 0.354113 0.098575 0.0113383 0.00052 6.66667e-06 0 0 0 0 0 0 0 0 0 0 0 0 0 
1 0.70012 0.349452 0.0959517 0.0107683 0.000493333 1.33333e-05 0 0 0 0 0 0 0 0 0 0 0 0 0 
1 0.698292 0.348925 0.0962867 0.0110767 0.000586667 3e-05 1.66667e-06 0 0 0 0 0 0 0 0 0 0 0 0 
1 0.699693 0.349807 0.0970083 0.0114517 0.000526667 2e-05 0 0 0 0 0 0 0 0 0 0 0 0 0 
1 0.700298 0.35004 0.0961483 0.0110183 0.000523333 2.5e-05 0 0 0 0 0 0 0 0 0 0 0 0 0 
1 0.700043 0.350802 0.0973017 0.0111617 0.000531667 5e-06 0 0 0 0 0 0 0 0 0 0 0 0 0 
1 0.697632 0.34642 0.095255 0.0109467 0.000556667 2.16667e-05 0 0 0 0 0 0 0 0 0 0 0 0 0 
1 0.700232 0.350083 0.0963567 0.0111717 0.000546667 2.16667e-05 0 0 0 0 0 0 0 0 0 0 0 0 0 
1 0.70151 0.352463 0.0982233 0.01156 0.000563333 2e-05 0 0 0 0 0 0 0 0 0 0 0 0 0 
1 0.700163 0.350955 0.09752 0.0109917 0.000445 6.66667e-06 0 0 0 0 0 0 0 0 0 0 0 0 0 
1 0.700292 0.350838 0.097715 0.011105 0.00047 1e-05 0 0 0 0 0 0 0 0 0 0 0 0 0 
1 0.699792 0.35054 0.0969 0.0112967 0.000595 1.5e-05 3.33333e-06 0 0 0 0 0 0 0 0 0 0 0 0 
1 0.700967 0.351375 0.097275 0.0109917 0.000495 8.33333e-06 0 0 0 0 0 0 0 0 0 0 0 0 0 
1 0.70222 0.35225 0.098645 0.0113917 0.000565 2e-05 0 0 0 0 0 0 0 0 0 0 0 0 0 
1 0.701968 0.352092 0.0975467 0.0111867 0.000555 1.83333e-05 8.33333e-06 0 0 0 0 0 0 0 0 0 0 0 0 
1 0.697005 0.345325 0.094265 0.0103333 0.000425 5e-06 0 0 0 0 0 0 0 0 0 0 0 0 0 
1 0.703477 0.354715 0.0999433 0.01152 0.000503333 2.66667e-05 0 0 0 0 0 0 0 0 0 0 0 0 0 
1 0.701243 0.353412 0.0992083 0.0115 0.00057 1.83333e-05 0 0 0 0 0 0 0 0 0 0 0 0 0 
1 0.700905 0.349062 0.096395 0.0111367 0.000526667 1.33333e-05 1.66667e-06 0 0 0 0 0 0 0 0 0 0 0 0 
1 0.69805 0.347673 0.094935 0.0106683 0.000485 3.33333e-06 0 0 0 0 0 0 0 0 0 0 0 0 0 
1 0.699502 0.348812 0.0966333 0.0111617 0.000551667 2e-05 1.66667e-06 0 0 0 0 0 0 0 0 0 0 0 0 
1 0.699903 0.350502 0.0970183 0.0112083 0.000585 2e-05 0 0 0 0 0 0 0 0 0 0 0 0 0 
1 0.702457 0.353875 0.0990933 0.0115583 0.000566667 2.33333e-05 0 0 0 0 0 0 0 0 0 0 0 0 0 
1 0.701152 0.350772 0.09795 0.0114883 0.000513333 1e-05 0 0 0 0 0 0 0 0 0 0 0 0 0 
1 0.696968 0.34507 0.094475 0.0105283 0.0004 8.33333e-06 1.66667e-06 0 0 0 0 0 0 0 0 0 0 0 0 
1 0.699465 0.350035 0.096655 0.0111067 0.000553333 1.5e-05 0 0 0 0 0 0 0 0 0 0 0 0 0 
1 0.700713 0.349517 0.0972133 0.0114167 0.000491667 1.5e-05 0 0 0 0 0 0 0 0 0 0 0 0 0 
1 0.700188 0.34967 0.0970133 0.0112383 0.00054 2.16667e-05 1.66667e-06 0 0 0 0 0 0 0 0 0 0 0 0 
1 0.702228 0.354057 0.0988817 0.0118383 0.000571667 1e-05 0 0 0 0 0 0 0 0 0 0 0 0 0 
1 0.700645 0.3504 0.097475 0.010985 0.0005 1.16667e-05 0 0 0 0 0 0 0 0 0 0 0 0 0 
1 0.699835 0.350233 0.0975367 0.011375 0.00055 6.66667e-06 0 0 0 0 0 0 0 0 0 0 0 0 0 
1 0.699597 0.35017 0.0969867 0.0111233 0.000513333 1.33333e-05 0 0 0 0 0 0 0 0 0 0 0 0 0 
1 0.698837 0.349317 0.09662 0.0109383 0.000561667 1.5e-05 0 0 0 0 0 0 0 0 0 0 0 0 0 
1 0.699643 0.351078 0.0979767 0.0115983 0.000585 2.5e-05 0 0 0 0 0 0 0 0 0 0 0 0 0 
1 0.700098 0.350115 0.0973717 0.01111 0.000481667 1e-05 0 0 0 0 0 0 0 0 0 0 0 0 0 
1 0.698898 0.348505 0.0961733 0.0109867 0.00052 1e-05 0 0 0 0 0 0 0 0 0 0 0 0 0 
1 0.700518 0.349417 0.096845 0.0110667 0.00054 1e-05 0 0 0 0 0 0 0 0 0 0 0 0 0 
1 0.69999 0.349482 0.0976333 0.0115317 0.0005 2.16667e-05 0 0 0 0 0 0 0 0 0 0 0 0 0 
1 0.69855 0.350057 0.09696 0.0114967 0.00052 1.33333e-05 0 0 0 0 0 0 0 0 0 0 0 0 0 
1 0.700242 0.350153 0.0971783 0.0114267 0.000536667 1.83333e-05 1.66667e-06 0 0 0 0 0 0 0 0 0 0 0 0 
1 0.699202 0.349368 0.0975167 0.0114217 0.00056 3e-05 1.66667e-06 0 0 0 0 0 0 0 0 0 0 0 0 
1 0.699725 0.350077 0.0962233 0.0110533 0.000513333 2.16667e-05 0 0 0 0 0 0 0 0 0 0 0 0 0 
1 0.699767 0.350807 0.0966967 0.0110183 0.00055 1.5e-05 1.66667e-06 0 0 0 0 0 0 0 0 0 0 0 0 
1 0.69897 0.348245 0.095305 0.0109033 0.000505 2.16667e-05 0 0 0 0 0 0 0 0 0 0 0 0 0 
1 0.701128 0.351047 0.09796 0.011725 0.00057 6.66667e-06 0 0 0 0 0 0 0 0 0 0 0 0 0 
1 0.701443 0.35156 0.097945 0.011265 0.000501667 1.5e-05 0 0 0 0 0 0 0 0 0 0 0 0 0 
1 0.699583 0.349697 0.0964633 0.011155 0.000495 1.16667e-05 0 0 0 0 0 0 0 0 0 0 0 0 0 
1 0.700918 0.350422 0.0977567 0.0117367 0.000628333 2.33333e-05 0 0 0 0 0 0 0 0 0 0 0 0 0 
1 0.701587 0.351412 0.0982417 0.01167 0.000645 2.83333e-05 1.66667e-06 0 0 0 0 0 0 0 0 0 0 0 0 
1 0.70134 0.351427 0.0979067 0.0115217 0.000496667 2e-05 1.66667e-06 0 0 0 0 0 0 0 0 0 0 0 0 
1 0.699965 0.349137 0.0950917 0.01048 0.000491667 1.33333e-05 0 0 0 0 0 0 0 0 0 0 0 0 0 
1 0.697998 0.347887 0.095655 0.0108433 0.000483333 1e-05 0 0 0 0 0 0 0 0 0 0 0 0 0 
1 0.701235 0.352112 0.0977233 0.0111717 0.00056 1.16667e-05 0 0 0 0 0 0 0 0 0 0 0 0 0 
1 0.700393 0.349717 0.0969533 0.0112433 0.000536667 1.33333e-05 0 0 0 0 0 0 0 0 0 0 0 0 0 
1 0.699652 0.350427 0.0971633 0.01146 0.000545 1.83333e-05 0 0 0 0 0 0 0 0 0 0 0 0 0 
1 0.69846 0.349548 0.09679 0.0108233 0.000498333 1.66667e-05 0 0 0 0 0 0 0 0 0 0 0 0 0 
