1 0.699987 0.28862 0.0521705 0.004305 0.0002085 2.5e-06 0 0 0 0 0 0 0 0 0 0 0 0 0 
1 0.700371 0.289385 0.052276 0.0043355 0.000218 9.5e-06 5e-07 0 0 0 0 0 0 0 0 0 0 0 0 
1 0.700789 0.290095 0.052973 0.004401 0.0002415 1.2e-05 5e-07 0 0 0 0 0 0 0 0 0 0 0 0 
1 0.699871 0.289328 0.05245 0.0043415 0.000235 1.55e-05 2.5e-06 5e-07 0 0 0 0 0 0 0 0 0 0 0 
1 0.699489 0.287827 0.051691 0.0040375 0.0001755 4.5e-06 0 0 0 0 0 0 0 0 0 0 0 0 0 
1 0.699634 0.288204 0.0518145 0.0041985 0.000184 4.5e-06 0 0 0 0 0 0 0 0 0 0 0 0 0 
1 0.700234 0.288938 0.0523265 0.0041685 0.000203 4.5e-06 0 0 0 0 0 0 0 0 0 0 0 0 0 
1 0.700514 0.288928 0.0517855 0.0042195 0.0002085 7.5e-06 5e-07 0 0 0 0 0 0 0 0 0 0 0 0 
1 0.699303 0.288018 0.0516335 0.004087 0.0001785 1.5e-06 0 0 0 0 0 0 0 0 0 0 0 0 0 
1 0.699968 0.288873 0.051937 0.0042165 0.0002015 9.5e-06 2e-06 0 0 0 0 0 0 0 0 0 0 0 0 
1 0.699147 0.287536 0.051449 0.0041975 0.000208 5.5e-06 0 0 0 0 0 0 0 0 0 0 0 0 0 
1 0.699816 0.288501 0.052396 0.004316 0.0002225 1.1e-05 1e-06 0 0 0 0 0 0 0 0 0 0 0 0 
1 0.699667 0.288041 0.0516855 0.0040805 0.0002255 9e-06 0 0 0 0 0 0 0 0 0 0 0 0 0 
1 0.699972 0.289042 0.0517525 0.0041305 0.0001985 5.5e-06 0 0 0 0 0 0 0 0 0 0 0 0 0 
1 0.69964 0.28768 0.052112 0.004336 0.000207 6.5e-06 0 0 0 0 0 0 0 0 0 0 0 0 0 
1 0.699856 0.288515 0.0525135 0.0043405 0.000214 4e-06 0 0 0 0 0 0 0 0 0 0 0 0 0 
1 0.699638 0.289133 0.0520745 0.004258 0.000216 8.5e-06 0 0 0 0 0 0 0 0 0 0 0 0 0 
1 0.699953 0.289199 0.0522365 0.0043085 0.000225 9.5e-06 0 0 0 0 0 0 0 0 0 0 0 0 0 
1 0.699668 0.288159 0.051866 0.0042675 0.0002145 8e-06 0 0 0 0 0 0 0 0 0 0 0 0 0 
1 0.699714 0.289072 0.052246 0.00421 0.000238 1.2e-05 5e-07 0 0 0 0 0 0 0 0 0 0 0 0 
1 0.700238 0.289558 0.0524 0.0041895 0.0002035 7e-06 0 0 0 0 0 0 0 0 0 0 0 0 0 
1 0.699915 0.287914 0.0519005 0.0041975 0.000192 6.5e-06 0 0 0 0 0 0 0 0 0 0 0 0 0 
1 0.700252 0.288985 0.05203 0.004265 0.0002275 1e-05 0 0 0 0 0 0 0 0 0 0 0 0 0 
1 0.700362 0.289257 0.0525185 0.0042525 0.000193 6e-06 0 0 0 0 0 0 0 0 0 0 0 0 0 
1 0.699508 0.28901 0.052458 0.004266 0.0002045 5.5e-06 0 0 0 0 0 0 0 0 0 0 0 0 0 
1 0.700047 0.288702 0.052155 0.004255 0.0001855 4.5e-06 5e-07 0 0 0 0 0 0 0 0 0 0 0 0 
1 0.700148 0.28863 0.0520615 0.0041685 0.000193 6.5e-06 5e-07 0 0 0 0 0 0 0 0 0 0 0 0 
1 0.700349 0.288895 0.052395 0.0042245 0.000204 6.5e-06 0 0 0 0 0 0 0 0 0 0 0 0 0 
1 0.699207 0.288094 0.0520675 0.004229 0.0002045 7e-06 5e-07 0 0 0 0 0 0 0 0 0 0 0 0 
1 0.699221 0.287604 0.0515815 0.004238 0.000216 1e-05 5e-07 0 0 0 0 0 0 0 0 0 0 0 0 
1 0.699714 0.287992 0.0516215 0.004125 0.0002195 1.1e-05 0 0 0 0 0 0 0 0 0 0 0 0 0 
1 0.699821 0.288137 0.052157 0.0042745 0.0002275 1.3e-05 5e-07 0 0 0 0 0 0 0 0 0 0 0 0 
1 0.699428 0.287666 0.051664 0.004162 0.000195 8e-06 5e-07 0 0 0 0 0 0 0 0 0 0 0 0 
1 0.700637 0.289241 0.052076 0.004304 0.000194 9e-06 0 0 0 0 0 0 0 0 0 0 0 0 0 
1 0.700512 0.288546 0.052287 0.0043545 0.0002355 1.3e-05 0 0 0 0 0 0 0 0 0 0 0 0 0 
1 0.699577 0.288055 0.052058 0.0042645 0.0002245 7e-06 5e-07 0 0 0 0 0 0 0 0 0 0 0 0 
1 0.700739 0.289687 0.0525515 0.004278 0.000209 8.5e-06 5e-07 0 0 0 0 0 0 0 0 0 0 0 0 
1 0.69946 0.288461 0.0517925 0.0040535 0.000187 8.5e-06 5e-07 0 0 0 0 0 0 0 0 0 0 0 0 
1 0.700618 0.290241 0.052976 0.004335 0.000232 1.1e-05 1e-06 0 0 0 0 0 0 0 0 0 0 0 0 
1 0.700111 0.288554 0.0522605 0.0042585 0.0001905 6.5e-06 5e-07 0 0 0 0 0 0 0 0 0 0 0 0 
1 0.698459 0.286652 0.051163 0.004087 0.000193 8.5e-06 0 0 0 0 0 0 0 0 0 0 0 0 0 
1 0.70119 0.289361 0.052127 0.0041435 0.000191 3.5e-06 5e-07 0 0 0 0 0 0 0 0 0 0 0 0 
1 0.699653 0.288267 0.0517875 0.0042005 0.0002115 5.5e-06 0 0 0 0 0 0 0 0 0 0 0 0 0 
1 0.700156 0.288844 0.0522045 0.004173 0.0002115 9e-06 0 0 0 0 0 0 0 0 0 0 0 0 0 
1 0.699164 0.288189 0.05159 0.004145 0.000182 6e-06 0 0 0 0 0 0 0 0 0 0 0 0 0 
1 0.700554 0.289752 0.0523155 0.0043085 0.000206 6.5e-06 0 0 0 0 0 0 0 0 0 0 0 0 0 
1 0.700042 0.289516 0.0524475 0.0041945 0.0001845 5e-06 0 0 0 0 0 0 0 0 0 0 0 0 0 
1 0.70043 0.288986 0.052067 0.004237 0.000198 7.5e-06 0 0 0 0 0 0 0 0 0 0 0 0 0 
1 0.699795 0.287899 0.051319 0.0041615 0.0001855 6.5e-06 5e-07 0 0 0 0 0 0 0 0 0 0 0 0 
1 0.700465 0.289508 0.0520805 0.004195 0.00019 4.5e-06 0 0 0 0 0 0 0 0 0 0 0 0 0 
1 0.700129 0.28894 0.052311 0.0042695 0.0002095 9e-06 5e-07 0 0 0 0 0 0 0 0 0 0 0 0 
1 0.699631 0.288173 0.0518745 0.004098 0.000195 8e-06 0 0 0 0 0 0 0 0 0 0 0 0 0 
1 0.699271 0.288047 0.052132 0.0042795 0.000231 1.1e-05 0 0 0 0 0 0 0 0 0 0 0 0 0 
1 0.700441 0.288885 0.0522505 0.0042805 0.0002285 5.5e-06 0 0 0 0 0 0 0 0 0 0 0 0 0 
1 0.700296 0.289296 0.052328 0.004322 0.0002105 7e-06 0 0 0 0 0 0 0 0 0 0 0 0 0 
1 0.70003 0.288881 0.0524245 0.00431 0.0002125 5.5e-06 0 0 0 0 0 0 0 0 0 0 0 0 0 
1 0.700353 0.288751 0.0519725 0.00426 0.0001955 1.2e-05 5e-07 0 0 0 0 0 0 0 0 0 0 0 0 
1 0.700073 0.288501 0.0521775 0.0043135 0.000211 9.5e-06 0 0 0 0 0 0 0 0 0 0 0 0 0 
1 0.699817 0.288446 0.052076 0.004222 0.0002045 8e-06 5e-07 0 0 0 0 0 0 0 0 0 0 0 0 
1 0.70042 0.289698 0.053041 0.004412 0.0002065 8.5e-06 0 0 0 0 0 0 0 0 0 0 0 0 0 
1 0.69947 0.288427 0.052077 0.004209 0.0001835 4.5e-06 0 0 0 0 0 0 0 0 0 0 0 0 0 
1 0.699256 0.288129 0.051958 0.0041475 0.0001895 2e-06 0 0 0 0 0 0 0 0 0 0 0 0 0 
1 0.700168 0.288778 0.0520925 0.0041835 0.000192 6.5e-06 5e-07 0 0 0 0 0 0 0 0 0 0 0 0 
1 0.70097 0.289598 0.052744 0.004374 0.0002175 7.5e-06 0 0 0 0 0 0 0 0 0 0 0 0 0 
1 0.69963 0.288202 0.051848 0.0042415 0.000215 1.5e-05 2e-06 0 0 0 0 0 0 0 0 0 0 0 0 
1 0.700102 0.288872 0.05256 0.0043115 0.0002 6.5e-06 0 0 0 0 0 0 0 0 0 0 0 0 0 
1 0.700001 0.289063 0.0524475 0.0042475 0.0002075 1.6e-05 2.5e-06 0 0 0 0 0 0 0 0 0 0 0 0 
1 0.699453 0.287875 0.051819 0.004332 0.000228 5e-06 0 0 0 0 0 0 0 0 0 0 0 0 0 
1 0.699831 0.288726 0.052232 0.0042585 0.0001945 8e-06 0 0 0 0 0 0 0 0 0 0 0 0 0 
1 0.700805 0.289866 0.052772 0.0043955 0.0002265 9e-06 2.88283e-18 0 0 0 0 0 0 0 0 0 0 0 0 
1 0.699438 0.287882 0.0514695 0.004072 0.00017 4e-06 0 0 0 0 0 0 0 0 0 0 0 0 0 
1 0.699833 0.288273 0.0517665 0.0041975 0.000227 9e-06 0 0 0 0 0 0 0 0 0 0 0 0 0 
1 0.699577 0.287545 0.051616 0.004137 0.00019 8.5e-06 5e-07 5e-07 0 0 0 0 0 0 0 0 0 0 0 
1 0.700233 0.28876 0.051809 0.004263 0.0002165 5e-06 0 0 0 0 0 0 0 0 0 0 0 0 0 
1 0.699414 0.287348 0.0514775 0.0039985 0.000177 5.5e-06 0 0 0 0 0 0 0 0 0 0 0 0 0 
1 0.700572 0.288907 0.052002 0.004049 0.0002045 4e-06 1e-06 0 0 0 0 0 0 0 0 0 0 0 0 
1 0.700136 0.288982 0.052331 0.004192 0.0001935 5.5e-06 5e-07 0 0 0 0 0 0 0 0 0 0 0 0 
1 0.700932 0.289923 0.0527775 0.004318 0.000211 7.5e-06 0 0 0 0 0 0 0 0 0 0 0 0 0 
1 0.700075 0.287996 0.0515735 0.0041 0.000166 2.5e-06 0 0 0 0 0 0 0 0 0 0 0 0 0 
1 0.699513 0.287909 0.0518895 0.0041645 0.000211 1.3e-05 2.48289e-17 0 0 0 0 0 0 0 0 0 0 0 0 
1 0.700068 0.288968 0.0519285 0.0042155 0.0002115 6.5e-06 0 0 0 0 0 0 0 0 0 0 0 0 0 
1 0.699898 0.289361 0.0523665 0.0042535 0.0002155 5.5e-06 0 0 0 0 0 0 0 0 0 0 0 0 0 
1 0.699965 0.288555 0.0518255 0.0042305 0.0002065 9e-06 0 0 0 0 0 0 0 0 0 0 0 0 0 
1 0.700703 0.290151 0.0525195 0.004216 0.000174 6e-06 0 0 0 0 0 0 0 0 0 0 0 0 0 
1 0.699659 0.288568 0.0523695 0.004277 0.0001875 5e-06 0 0 0 0 0 0 0 0 0 0 0 0 0 
1 0.699914 0.288008 0.0519835 0.004237 0.0002195 6.5e-06 0 0 0 0 0 0 0 0 0 0 0 0 0 
1 0.69997 0.288603 0.05222 0.0043135 0.0002065 5.5e-06 0 0 0 0 0 0 0 0 0 0 0 0 0 
1 0.700163 0.288712 0.0518225 0.0041305 0.000201 9e-06 0 0 0 0 0 0 0 0 0 0 0 0 0 
1 0.699966 0.288886 0.0521705 0.004294 0.000218 9.5e-06 5e-07 0 0 0 0 0 0 0 0 0 0 0 0 
1 0.699665 0.288121 0.0519385 0.004258 0.0002165 7e-06 0 0 0 0 0 0 0 0 0 0 0 0 0 
1 0.700969 0.290335 0.0524985 0.0042495 0.000173 8.5e-06 0 0 0 0 0 0 0 0 0 0 0 0 0 
1 0.699875 0.288676 0.052247 0.0042195 0.000197 3.5e-06 0 0 0 0 0 0 0 0 0 0 0 0 0 
1 0.69978 0.288305 0.051919 0.0041965 0.0001855 1.25e-05 0 0 0 0 0 0 0 0 0 0 0 0 0 
1 0.700524 0.289245 0.052332 0.0043285 0.000207 6.5e-06 0 0 0 0 0 0 0 0 0 0 0 0 0 
1 0.699864 0.288352 0.0519185 0.00424 0.000202 7e-06 0 0 0 0 0 0 0 0 0 0 0 0 0 
1 0.69942 0.288407 0.05205 0.0041095 0.000179 2.5e-06 0 0 0 0 0 0 0 0 0 0 0 0 0 
1 0.700196 0.289188 0.0524425 0.0043 0.000219 6.5e-06 0 0 0 0 0 0 0 0 0 0 0 0 0 
1 0.699794 0.287837 0.051961 0.004207 0.000185 5.5e-06 0 0 0 0 0 0 0 0 0 0 0 0 0 
1 0.700154 0.290269 0.0528295 0.0044005 0.000231 1.65e-05 1.5e-06 5e-07 0 0 0 0 0 0 0 0 0 0 0 
1 0.700125 0.289113 0.052398 0.004315 0.000217 5.5e-06 0 0 0 0 0 0 0 0 0 0 0 0 0 
1 0.700912 0.290207 0.053269 0.0044205 0.0002395 1.05e-05 0 0 0 0 0 0 0 0 0 0 0 0 0 
1 0.700088 0.288645 0.051935 0.0040795 0.0001755 6e-06 5e-07 0 0 0 0 0 0 0 0 0 0 0 0 
1 0.699448 0.288026 0.051957 0.0041355 0.0001885 6e-06 0 0 0 0 0 0 0 0 0 0 0 0 0 
1 0.700427 0.288227 0.0516395 0.00404 0.000177 5.5e-06 0 0 0 0 0 0 0 0 0 0 0 0 0 
1 0.700052 0.289164 0.0523765 0.004217 0.0002195 7.5e-06 0 0 0 0 0 0 0 0 0 0 0 0 0 
1 0.700034 0.289641 0.0521535 0.0041535 0.000215 9e-06 2.28827e-17 0 0 0 0 0 0 0 0 0 0 0 0 
1 0.699954 0.288397 0.0519735 0.0042435 0.000185 5e-06 5e-07 0 0 0 0 0 0 0 0 0 0 0 0 
1 0.700439 0.289259 0.0519515 0.0041555 0.0002055 9e-06 0 0 0 0 0 0 0 0 0 0 0 0 0 
1 0.700451 0.288829 0.052345 0.004257 0.0002165 7.5e-06 0 0 0 0 0 0 0 0 0 0 0 0 0 
1 0.699553 0.288007 0.051874 0.004278 0.000217 8.5e-06 0 0 0 0 0 0 0 0 0 0 0 0 0 
1 0.700963 0.289109 0.0523005 0.004313 0.0002155 9e-06 5e-07 0 0 0 0 0 0 0 0 0 0 0 0 
1 0.699994 0.288497 0.0517845 0.0041265 0.000216 9e-06 1e-06 5e-07 0 0 0 0 0 0 0 0 0 0 0 
1 0.700003 0.289639 0.0525385 0.0042605 0.000197 3e-06 0 0 0 0 0 0 0 0 0 0 0 0 0 
1 0.700237 0.28917 0.052303 0.004139 0.0001715 2e-06 0 0 0 0 0 0 0 0 0 0 0 0 0 
1 0.699095 0.288074 0.05199 0.0043275 0.0001935 5e-06 0 0 0 0 0 0 0 0 0 0 0 0 0 
1 0.699956 0.288698 0.0519205 0.0043 0.0002115 9.5e-06 5e-07 0 0 0 0 0 0 0 0 0 0 0 0 
1 0.700573 0.289467 0.052527 0.004273 0.000178 8.5e-06 5e-07 0 0 0 0 0 0 0 0 0 0 0 0 
1 0.699345 0.287569 0.0514395 0.0040375 0.0001685 1.3e-05 5e-07 0 0 0 0 0 0 0 0 0 0 0 0 
1 0.699987 0.288558 0.051939 0.0041975 0.000213 8e-06 0 0 0 0 0 0 0 0 0 0 0 0 0 
1 0.699836 0.288575 0.052359 0.0042895 0.0001955 5.5e-06 0 0 0 0 0 0 0 0 0 0 0 0 0 
1 0.700504 0.289845 0.052432 0.0043125 0.000218 9e-06 0 0 0 0 0 0 0 0 0 0 0 0 0 
1 0.700047 0.288579 0.0522295 0.0042485 0.000214 7e-06 5e-07 0 0 0 0 0 0 0 0 0 0 0 0 
1 0.700406 0.289406 0.05225 0.004377 0.0002265 9e-06 0 0 0 0 0 0 0 0 0 0 0 0 0 
1 0.700067 0.288031 0.0516755 0.0041375 0.0002215 8.5e-06 5e-07 0 0 0 0 0 0 0 0 0 0 0 0 
1 0.69887 0.287459 0.051726 0.004215 0.000201 5.5e-06 2.67493e-17 0 0 0 0 0 0 0 0 0 0 0 0 
1 0.699667 0.288455 0.051929 0.004161 0.00021 9.5e-06 0 0 0 0 0 0 0 0 0 0 0 0 0 
1 0.701248 0.290343 0.052841 0.0043205 0.0001875 3e-06 0 0 0 0 0 0 0 0 0 0 0 0 0 
1 0.700002 0.288588 0.0516705 0.004247 0.000203 1.25e-05 1e-06 0 0 0 0 0 0 0 0 0 0 0 0 
1 0.70008 0.288916 0.0521385 0.004214 0.0001975 5.5e-06 0 0 0 0 0 0 0 0 0 0 0 0 0 
1 0.700417 0.288334 0.051674 0.0041095 0.0001785 3e-06 0 0 0 0 0 0 0 0 0 0 0 0 0 
1 0.70012 0.28883 0.0518155 0.004225 0.000183 8e-06 5e-07 0 0 0 0 0 0 0 0 0 0 0 0 
1 0.699573 0.288561 0.051748 0.004155 0.000229 1.25e-05 2e-06 0 0 0 0 0 0 0 0 0 0 0 0 
1 0.700445 0.288974 0.0525385 0.0042995 0.000224 5.5e-06 0 0 0 0 0 0 0 0 0 0 0 0 0 
1 0.699802 0.288354 0.0518005 0.004169 0.000191 4.5e-06 0 0 0 0 0 0 0 0 0 0 0 0 0 
1 0.700902 0.289927 0.052637 0.004316 0.000187 5e-06 0 0 0 0 0 0 0 0 0 0 0 0 0 
1 0.699505 0.288198 0.0520665 0.0042665 0.0002255 8.5e-06 0 0 0 0 0 0 0 0 0 0 0 0 0 
1 0.699987 0.288955 0.052631 0.0043735 0.0002265 9.5e-06 0 0 0 0 0 0 0 0 0 0 0 0 0 
1 0.700272 0.288391 0.051761 0.0042795 0.0002135 7.5e-06 0 0 0 0 0 0 0 0 0 0 0 0 0 
1 0.699684 0.288426 0.0519925 0.004266 0.0002235 1e-05 1e-06 0 0 0 0 0 0 0 0 0 0 0 0 
1 0.700152 0.288357 0.0516815 0.00419 0.0001795 4e-06 0 0 0 0 0 0 0 0 0 0 0 0 0 
1 0.699848 0.28826 0.0516955 0.0042175 0.0002135 6e-06 1e-06 0 0 0 0 0 0 0 0 0 0 0 0 
1 0.699936 0.289249 0.051987 0.004226 0.00019 3e-06 0 0 0 0 0 0 0 0 0 0 0 0 0 
1 0.699544 0.288238 0.05192 0.004133 0.000203 5e-06 0 0 0 0 0 0 0 0 0 0 0 0 0 
1 0.701185 0.28976 0.052814 0.0043 0.000214 3.5e-06 0 0 0 0 0 0 0 0 0 0 0 0 0 
1 0.700104 0.289561 0.052644 0.0044065 0.0002225 8e-06 0 0 0 0 0 0 0 0 0 0 0 0 0 
1 0.699861 0.28888 0.0521175 0.0042035 0.00019 7e-06 0 0 0 0 0 0 0 0 0 0 0 0 0 
1 0.70066 0.289796 0.05245 0.004285 0.000207 7.5e-06 0 0 0 0 0 0 0 0 0 0 0 0 0 
1 0.699711 0.289095 0.0521685 0.0041955 0.0001995 5.5e-06 0 0 0 0 0 0 0 0 0 0 0 0 0 
1 0.700116 0.288922 0.052115 0.004157 0.0001925 8.5e-06 0 0 0 0 0 0 0 0 0 0 0 0 0 
1 0.699376 0.288259 0.0517915 0.0041685 0.0001825 4e-06 0 0 0 0 0 0 0 0 0 0 0 0 0 
1 0.700471 0.288565 0.052241 0.004378 0.000204 4.5e-06 0 0 0 0 0 0 0 0 0 0 0 0 0 
1 0.699435 0.288434 0.052027 0.004261 0.000213 8e-06 5e-07 0 0 0 0 0 0 0 0 0 0 0 0 
1 0.700125 0.289152 0.052207 0.004206 0.0002055 6.5e-06 0 0 0 0 0 0 0 0 0 0 0 0 0 
1 0.699734 0.288056 0.051869 0.0042485 0.000211 8e-06 5e-07 0 0 0 0 0 0 0 0 0 0 0 0 
1 0.700569 0.289744 0.052655 0.004402 0.0002155 1.2e-05 1.5e-06 0 0 0 0 0 0 0 0 0 0 0 0 
1 0.699977 0.288453 0.0521445 0.0042075 0.000203 7.5e-06 5e-07 0 0 0 0 0 0 0 0 0 0 0 0 
1 0.6996 0.288198 0.05203 0.0042185 0.0002035 7e-06 5e-07 0 0 0 0 0 0 0 0 0 0 0 0 
1 0.70021 0.289103 0.052052 0.004155 0.0001885 6e-06 5e-07 0 0 0 0 0 0 0 0 0 0 0 0 
1 0.69946 0.288346 0.0517905 0.004222 0.0002005 5.5e-06 5e-07 0 0 0 0 0 0 0 0 0 0 0 0 
1 0.699645 0.28832 0.0524615 0.004335 0.0002285 7.5e-06 0 0 0 0 0 0 0 0 0 0 0 0 0 
1 0.699702 0.288395 0.051845 0.0041705 0.0001935 5e-06 0 0 0 0 0 0 0 0 0 0 0 0 0 
1 0.700271 0.28852 0.052004 0.0042085 0.0002125 7e-06 0 0 0 0 0 0 0 0 0 0 0 0 0 
1 0.699657 0.288217 0.052 0.004192 0.0002 7e-06 5e-07 0 0 0 0 0 0 0 0 0 0 0 0 
1 0.700139 0.289352 0.0523765 0.004379 0.0002235 1.35e-05 5e-07 0 0 0 0 0 0 0 0 0 0 0 0 
1 0.701026 0.289879 0.052351 0.0043105 0.000203 9e-06 1e-06 0 0 0 0 0 0 0 0 0 0 0 0 
1 0.701145 0.28972 0.052595 0.0043815 0.0001915 5.5e-06 5e-07 0 0 0 0 0 0 0 0 0 0 0 0 
1 0.700133 0.289213 0.0522345 0.0043065 0.000205 7.5e-06 0 0 0 0 0 0 0 0 0 0 0 0 0 
1 0.700671 0.289244 0.051976 0.0041985 0.000182 6.5e-06 5e-07 0 0 0 0 0 0 0 0 0 0 0 0 
1 0.700755 0.289987 0.0527325 0.0043445 0.0001925 7e-06 1e-06 0 0 0 0 0 0 0 0 0 0 0 0 
1 0.700185 0.289504 0.052558 0.0043495 0.0002 7.5e-06 0 0 0 0 0 0 0 0 0 0 0 0 0 
1 0.700111 0.288424 0.051962 0.0042105 0.000207 5e-06 0 0 0 0 0 0 0 0 0 0 0 0 0 
1 0.700063 0.289244 0.0523525 0.00424 0.000219 9e-06 5e-07 0 0 0 0 0 0 0 0 0 0 0 0 
1 0.699593 0.288923 0.051915 0.0041755 0.000224 5.5e-06 0 0 0 0 0 0 0 0 0 0 0 0 0 
1 0.700352 0.289212 0.052214 0.004284 0.0002375 7e-06 0 0 0 0 0 0 0 0 0 0 0 0 0 
1 0.699231 0.288717 0.05199 0.0041675 0.000209 4.5e-06 0 0 0 0 0 0 0 0 0 0 0 0 0 
1 0.699297 0.287601 0.051747 0.004176 0.0001675 3e-06 0 0 0 0 0 0 0 0 0 0 0 0 0 
1 0.700074 0.289261 0.0519625 0.0042085 0.0001975 3.5e-06 0 0 0 0 0 0 0 0 0 0 0 0 0 
1 0.700807 0.288845 0.0522505 0.0041915 0.000231 1.05e-05 5e-07 0 0 0 0 0 0 0 0 0 0 0 0 
1 0.700874 0.289387 0.052251 0.00423 0.0001825 6e-06 5e-07 0 0 0 0 0 0 0 0 0 0 0 0 
1 0.700116 0.288942 0.052247 0.0042125 0.000213 6.5e-06 5e-07 0 0 0 0 0 0 0 0 0 0 0 0 
1 0.700089 0.288787 0.052033 0.004194 0.0001865 4.5e-06 5e-07 0 0 0 0 0 0 0 0 0 0 0 0 
1 0.700533 0.289998 0.0521865 0.0042595 0.000196 8.5e-06 5e-07 0 0 0 0 0 0 0 0 0 0 0 0 
1 0.700177 0.28865 0.052163 0.0042825 0.000191 5.5e-06 0 0 0 0 0 0 0 0 0 0 0 0 0 
1 0.7006 0.28923 0.0522315 0.0043385 0.000228 1.35e-05 2.5e-06 5e-07 0 0 0 0 0 0 0 0 0 0 0 
1 0.700418 0.288925 0.0522625 0.0042355 0.0001985 8.5e-06 0 0 0 0 0 0 0 0 0 0 0 0 0 
1 0.699959 0.289811 0.052185 0.00424 0.0002045 4e-06 0 0 0 0 0 0 0 0 0 0 0 0 0 
1 0.699851 0.289182 0.052349 0.004345 0.0002055 7.5e-06 0 0 0 0 0 0 0 0 0 0 0 0 0 
1 0.699277 0.288517 0.052157 0.004205 0.000184 4e-06 0 0 0 0 0 0 0 0 0 0 0 0 0 
1 0.700086 0.289285 0.0520015 0.0041555 0.000182 6.5e-06 5e-07 0 0 0 0 0 0 0 0 0 0 0 0 
1 0.700504 0.289848 0.0529 0.004393 0.000203 5e-06 0 0 0 0 0 0 0 0 0 0 0 0 0 
1 0.699845 0.289139 0.0524785 0.0043335 0.0002325 7e-06 0 0 0 0 0 0 0 0 0 0 0 0 0 
1 0.699549 0.288088 0.051909 0.0042355 0.0001975 7e-06 0 0 0 0 0 0 0 0 0 0 0 0 0 
1 0.700582 0.28936 0.0520615 0.0042405 0.0001905 5.5e-06 0 0 0 0 0 0 0 0 0 0 0 0 0 
1 0.700826 0.289949 0.0521315 0.0042665 0.00021 4.5e-06 0 0 0 0 0 0 0 0 0 0 0 0 0 
1 0.699616 0.288986 0.0521585 0.004221 0.0002125 2e-06 0 0 0 0 0 0 0 0 0 0 0 0 0 
1 0.700062 0.28993 0.0527965 0.004411 0.0002245 7.5e-06 0 0 0 0 0 0 0 0 0 0 0 0 0 
1 0.700843 0.289722 0.0525255 0.00426 0.000187 4e-06 0 0 0 0 0 0 0 0 0 0 0 0 0 
1 0.700566 0.288986 0.0521415 0.0042145 0.000187 4e-06 0 0 0 0 0 0 0 0 0 0 0 0 0 
1 0.699393 0.288358 0.0519875 0.004216 0.000211 8e-06 0 0 0 0 0 0 0 0 0 0 0 0 0 
1 0.69949 0.287827 0.05196 0.00431 0.0001995 8.5e-06 5e-07 0 0 0 0 0 0 0 0 0 0 0 0 
1 0.700335 0.289343 0.05197 0.0042595 0.000215 1.2e-05 1e-06 0 0 0 0 0 0 0 0 0 0 0 0 
1 0.70025 0.288576 0.0519335 0.004191 0.000197 5e-06 0 0 0 0 0 0 0 0 0 0 0 0 0 
1 0.700267 0.288647 0.0522795 0.0042285 0.0001855 8e-06 5e-07 0 0 0 0 0 0 0 0 0 0 0 0 
1 0.698727 0.288011 0.0518075 0.004139 0.000197 9.5e-06 5e-07 0 0 0 0 0 0 0 0 0 0 0 0 
1 0.700315 0.289096 0.052251 0.0043025 0.0002215 9e-06 5.38666e-18 0 0 0 0 0 0 0 0 0 0 0 0 
1 0.700132 0.289339 0.052539 0.0043055 0.000217 1.3e-05 2e-06 5e-07 0 0 0 0 0 0 0 0 0 0 0 
1 0.699421 0.288329 0.051415 0.0040535 0.0002005 7e-06 0 0 0 0 0 0 0 0 0 0 0 0 0 
1 0.699645 0.288694 0.0518645 0.004099 0.000166 5e-06 5e-07 0 0 0 0 0 0 0 0 0 0 0 0 
1 0.69999 0.288599 0.052284 0.0042105 0.0002095 4.5e-06 5e-07 0 0 0 0 0 0 0 0 0 0 0 0 
1 0.699672 0.288818 0.0526395 0.004345 0.000216 7e-06 0 0 0 0 0 0 0 0 0 0 0 0 0 
1 0.69989 0.288547 0.052218 0.00426 0.000197 6e-06 0 0 0 0 0 0 0 0 0 0 0 0 0 
1 0.700245 0.289721 0.0524465 0.0043395 0.0002195 5.5e-06 0 0 0 0 0 0 0 0 0 0 0 0 0 
1 0.700614 0.288882 0.052414 0.0043605 0.000223 6e-06 0 0 0 0 0 0 0 0 0 0 0 0 0 
1 0.700008 0.288161 0.0516625 0.0041905 0.0002 7e-06 0 0 0 0 0 0 0 0 0 0 0 0 0 
1 0.699431 0.287836 0.0518935 0.0041035 0.0001785 1.5e-06 0 0 0 0 0 0 0 0 0 0 0 0 0 
1 0.700365 0.289439 0.052653 0.004415 0.0002 7e-06 5e-07 0 0 0 0 0 0 0 0 0 0 0 0 
1 0.699683 0.287501 0.0511415 0.004011 0.000196 6.5e-06 5e-07 0 0 0 0 0 0 0 0 0 0 0 0 
1 0.699834 0.288805 0.052308 0.004306 0.0002255 6.5e-06 5.06567e-18 0 0 0 0 0 0 0 0 0 0 0 0 
1 0.700414 0.288633 0.05204 0.0041775 0.0002055 5e-06 0 0 0 0 0 0 0 0 0 0 0 0 0 
1 0.700065 0.288459 0.052374 0.004269 0.000202 6e-06 0 0 0 0 0 0 0 0 0 0 0 0 0 
1 0.699243 0.287681 0.0517165 0.0041745 0.000183 7.5e-06 1e-06 0 0 0 0 0 0 0 0 0 0 0 0 
1 0.700388 0.289112 0.0519055 0.0041395 0.0001755 4e-06 0 0 0 0 0 0 0 0 0 0 0 0 0 
1 0.699521 0.287949 0.0518595 0.0042605 0.000207 1e-05 0 0 0 0 0 0 0 0 0 0 0 0 0 
1 0.700076 0.28853 0.052127 0.0042535 0.000206 6.5e-06 0 0 0 0 0 0 0 0 0 0 0 0 0 
1 0.699887 0.288409 0.051607 0.0040915 0.000188 7.5e-06 0 0 0 0 0 0 0 0 0 0 0 0 0 
1 0.70001 0.288764 0.052026 0.004274 0.0002055 6e-06 0 0 0 0 0 0 0 0 0 0 0 0 0 
1 0.699594 0.288844 0.0522555 0.0042555 0.000215 8.5e-06 5e-07 0 0 0 0 0 0 0 0 0 0 0 0 
1 0.699499 0.288741 0.0525085 0.0041815 0.0001805 3e-06 0 0 0 0 0 0 0 0 0 0 0 0 0 
1 0.700605 0.289249 0.0522455 0.00422 0.0001945 9e-06 5e-07 0 0 0 0 0 0 0 0 0 0 0 0 
1 0.699952 0.288127 0.0521375 0.0043595 0.0001845 5.5e-06 0 0 0 0 0 0 0 0 0 0 0 0 0 
