1 0.899435 0.668542 0.318984 0.0733898 0.00815917 0.000586333 2.23333e-05 0 0 0 0 0 0 0 0 0 0 0 0 
1 0.899942 0.669104 0.319896 0.0735167 0.00804283 0.000563 2.16667e-05 3.33333e-07 0 0 0 0 0 0 0 0 0 0 0 
1 0.900146 0.67067 0.322045 0.0744393 0.00795567 0.000574167 3.78333e-05 1e-06 0 0 0 0 0 0 0 0 0 0 0 
1 0.900077 0.669851 0.320467 0.0730962 0.00741217 0.000408667 1.86667e-05 0 0 0 0 0 0 0 0 0 0 0 0 
1 0.899816 0.669074 0.319475 0.0730525 0.00800983 0.000587667 3.2e-05 3.33333e-07 0 0 0 0 0 0 0 0 0 0 0 
1 0.900267 0.670873 0.322009 0.0743445 0.00806717 0.000567667 3.95e-05 3.33333e-07 0 0 0 0 0 0 0 0 0 0 0 
1 0.899796 0.669178 0.319107 0.0729302 0.007998 0.000574667 3.31667e-05 6.66667e-07 0 0 0 0 0 0 0 0 0 0 0 
1 0.899676 0.668449 0.318369 0.0722163 0.00756217 0.0005435 2.33333e-05 1.66667e-07 0 0 0 0 0 0 0 0 0 0 0 
1 0.899885 0.669323 0.31986 0.073006 0.00772633 0.000526333 2.41667e-05 1.66667e-07 0 0 0 0 0 0 0 0 0 0 0 
1 0.899891 0.669577 0.320216 0.0736272 0.00814133 0.000531833 1.83333e-05 0 0 0 0 0 0 0 0 0 0 0 0 
1 0.89988 0.668898 0.319181 0.072421 0.007656 0.000550833 3.7e-05 2.33333e-06 0 0 0 0 0 0 0 0 0 0 0 
1 0.900179 0.670378 0.321196 0.0733972 0.00748217 0.000402833 1.73333e-05 1.83333e-06 0 0 0 0 0 0 0 0 0 0 0 
1 0.900257 0.670083 0.320643 0.0733017 0.00780083 0.000509167 2.36667e-05 1.66667e-07 0 0 0 0 0 0 0 0 0 0 0 
1 0.899951 0.669426 0.319935 0.0727287 0.00747717 0.000508833 4.16667e-05 1e-06 0 0 0 0 0 0 0 0 0 0 0 
1 0.900414 0.670667 0.32068 0.0724715 0.007298 0.000387667 1.36667e-05 0 0 0 0 0 0 0 0 0 0 0 0 
1 0.900516 0.671014 0.321856 0.0744892 0.00786667 0.000448 1.25e-05 1.38778e-17 0 0 0 0 0 0 0 0 0 0 0 
1 0.899483 0.667736 0.317513 0.0717663 0.00747583 0.0005215 4.23333e-05 2.83333e-06 0 0 0 0 0 0 0 0 0 0 0 
1 0.899772 0.668834 0.319193 0.073068 0.007976 0.000539667 1.55e-05 0 0 0 0 0 0 0 0 0 0 0 0 
1 0.899831 0.669104 0.31926 0.0723175 0.007483 0.000446167 3.85e-05 3e-06 0 0 0 0 0 0 0 0 0 0 0 
1 0.899366 0.667601 0.317526 0.072039 0.00761317 0.000490667 2.33333e-05 0 0 0 0 0 0 0 0 0 0 0 0 
1 0.899791 0.668776 0.319357 0.0726592 0.0075425 0.000394 8.5e-06 0 0 0 0 0 0 0 0 0 0 0 0 
1 0.899236 0.667508 0.317908 0.0722068 0.00771367 0.000588667 3.85e-05 0 0 0 0 0 0 0 0 0 0 0 0 
1 0.900261 0.66994 0.320971 0.0731818 0.00752483 0.000441667 1.33333e-05 0 0 0 0 0 0 0 0 0 0 0 0 
1 0.899859 0.66954 0.319919 0.0725763 0.00713417 0.000323 5e-06 0 0 0 0 0 0 0 0 0 0 0 0 
1 0.900156 0.670512 0.322023 0.074681 0.00797733 0.000472 2.26667e-05 6.66667e-07 0 0 0 0 0 0 0 0 0 0 0 
1 0.900324 0.670038 0.320041 0.0730332 0.00773017 0.000472333 1.66667e-05 1.66667e-07 0 0 0 0 0 0 0 0 0 0 0 
1 0.900023 0.669801 0.319856 0.0727977 0.00750233 0.000398 9.33333e-06 0 0 0 0 0 0 0 0 0 0 0 0 
1 0.900361 0.670934 0.322392 0.0747633 0.00816367 0.000526667 2.03333e-05 3.33333e-07 0 0 0 0 0 0 0 0 0 0 0 
1 0.899915 0.669612 0.320397 0.0732108 0.007783 0.000608667 5.88333e-05 1.66667e-06 0 0 0 0 0 0 0 0 0 0 0 
1 0.899584 0.668896 0.31946 0.0729507 0.007562 0.000548833 6.96667e-05 1.41667e-05 1.33333e-06 0 0 0 0 0 0 0 0 0 0 
1 0.899567 0.669129 0.319651 0.0734418 0.00768183 0.0004365 8.66667e-06 1.66667e-07 0 0 0 0 0 0 0 0 0 0 0 
1 0.900472 0.671537 0.322687 0.0744065 0.00806967 0.0005835 2.55e-05 5e-07 0 0 0 0 0 0 0 0 0 0 0 
1 0.900039 0.669762 0.320419 0.0735012 0.00785083 0.000577833 3.3e-05 1.66667e-07 0 0 0 0 0 0 0 0 0 0 0 
1 0.900203 0.670242 0.321209 0.0736622 0.007658 0.000453333 2.18333e-05 5e-07 0 0 0 0 0 0 0 0 0 0 0 
1 0.899598 0.668906 0.3193 0.0721357 0.00716 0.000320833 5.66667e-06 0 0 0 0 0 0 0 0 0 0 0 0 
1 0.900845 0.671991 0.323608 0.0753065 0.00812717 0.0005055 2.11667e-05 3.33333e-07 0 0 0 0 0 0 0 0 0 0 0 
1 0.899927 0.669474 0.31968 0.0731657 0.00778283 0.000491 2.21667e-05 5e-07 0 0 0 0 0 0 0 0 0 0 0 
1 0.900257 0.670809 0.321963 0.0743017 0.00785217 0.000533167 3.23333e-05 1.66667e-06 0 0 0 0 0 0 0 0 0 0 0 
1 0.89961 0.668902 0.31909 0.0727653 0.00764083 0.000476 1.68333e-05 1.66667e-07 0 0 0 0 0 0 0 0 0 0 0 
1 0.900399 0.670602 0.321721 0.0740647 0.00783017 0.0005155 3.93333e-05 1.66667e-06 0 0 0 0 0 0 0 0 0 0 0 
1 0.900497 0.671047 0.321752 0.0733168 0.0074735 0.000387833 5.16667e-06 0 0 0 0 0 0 0 0 0 0 0 0 
1 0.899447 0.668791 0.319195 0.0730947 0.007915 0.000500833 1.38333e-05 0 0 0 0 0 0 0 0 0 0 0 0 
1 0.89997 0.669694 0.320839 0.073947 0.00799583 0.000478 1.3e-05 0 0 0 0 0 0 0 0 0 0 0 0 
1 0.900793 0.671129 0.321863 0.0741318 0.00791533 0.000482833 2.1e-05 3.33333e-07 0 0 0 0 0 0 0 0 0 0 0 
1 0.899741 0.668104 0.317665 0.0708222 0.006984 0.0004115 1.68333e-05 0 0 0 0 0 0 0 0 0 0 0 0 
1 0.899271 0.667509 0.316428 0.0708862 0.0073635 0.000480833 1.61667e-05 3.33333e-07 0 0 0 0 0 0 0 0 0 0 0 
1 0.899477 0.668168 0.318047 0.0720522 0.00737833 0.000456167 1.51667e-05 0 0 0 0 0 0 0 0 0 0 0 0 
1 0.899438 0.667719 0.317971 0.0724433 0.0075185 0.000435 1.55e-05 0 0 0 0 0 0 0 0 0 0 0 0 
1 0.899508 0.667932 0.317495 0.0722795 0.007802 0.000553333 2.25e-05 3.33333e-07 0 0 0 0 0 0 0 0 0 0 0 
1 0.900048 0.669455 0.319739 0.073297 0.00776733 0.000482833 1.85e-05 1.66667e-07 0 0 0 0 0 0 0 0 0 0 0 
1 0.900573 0.671615 0.323064 0.0751043 0.008319 0.0005495 1.85e-05 0 0 0 0 0 0 0 0 0 0 0 0 
1 0.899536 0.667996 0.317955 0.0725598 0.00760467 0.000410333 9.33333e-06 0 0 0 0 0 0 0 0 0 0 0 0 
1 0.900524 0.671407 0.322305 0.074646 0.007862 0.000454667 1.8e-05 6.66667e-07 0 0 0 0 0 0 0 0 0 0 0 
1 0.899939 0.669217 0.320107 0.0736725 0.008086 0.0005495 1.55e-05 0 0 0 0 0 0 0 0 0 0 0 0 
1 0.899792 0.669491 0.320644 0.0739027 0.008058 0.0005885 4.03333e-05 5e-07 0 0 0 0 0 0 0 0 0 0 0 
1 0.899929 0.669605 0.320567 0.0735923 0.00775917 0.0004515 9.5e-06 0 0 0 0 0 0 0 0 0 0 0 0 
1 0.900202 0.670879 0.32176 0.0739378 0.00768483 0.000441833 1.15e-05 5e-07 0 0 0 0 0 0 0 0 0 0 0 
1 0.899831 0.669684 0.320708 0.0736593 0.00800883 0.000594333 4.11667e-05 1e-06 0 0 0 0 0 0 0 0 0 0 0 
1 0.899724 0.669563 0.319575 0.0726268 0.00754417 0.000482 2.46667e-05 6.66667e-07 0 0 0 0 0 0 0 0 0 0 0 
1 0.900077 0.669736 0.320451 0.0734473 0.00769783 0.000440667 2.61667e-05 1.83333e-06 0 0 0 0 0 0 0 0 0 0 0 
1 0.899707 0.668946 0.319047 0.0729698 0.00779183 0.000484833 2.25e-05 6.66667e-07 4.16334e-17 0 0 0 0 0 0 0 0 0 0 
1 0.899678 0.66886 0.319393 0.0731172 0.00773767 0.000409667 9.5e-06 0 0 0 0 0 0 0 0 0 0 0 0 
1 0.900039 0.669577 0.320696 0.0735435 0.00798017 0.000492667 1.28333e-05 0 0 0 0 0 0 0 0 0 0 0 0 
1 0.899962 0.669541 0.319989 0.0732578 0.00781367 0.000533833 5.75e-05 4.66667e-06 0 0 0 0 0 0 0 0 0 0 0 
1 0.900541 0.671079 0.322221 0.0740283 0.00793917 0.000490167 1.58333e-05 6.66667e-07 0 0 0 0 0 0 0 0 0 0 0 
1 0.900431 0.671744 0.322832 0.0740518 0.007734 0.0004685 1.06667e-05 0 0 0 0 0 0 0 0 0 0 0 0 
1 0.899946 0.669774 0.320796 0.0741018 0.008152 0.000571667 1.7e-05 0 0 0 0 0 0 0 0 0 0 0 0 
1 0.90029 0.670479 0.321953 0.0747228 0.00827767 0.000540333 2.08333e-05 1.66667e-07 0 0 0 0 0 0 0 0 0 0 0 
1 0.899789 0.668262 0.318339 0.0717133 0.007233 0.0003925 1.41667e-05 0 0 0 0 0 0 0 0 0 0 0 0 
1 0.90009 0.669922 0.320829 0.073836 0.0080805 0.000534167 2.11667e-05 0 0 0 0 0 0 0 0 0 0 0 0 
1 0.899841 0.669113 0.319435 0.0732335 0.0082005 0.0005905 2.6e-05 3.33333e-07 0 0 0 0 0 0 0 0 0 0 0 
1 0.899734 0.669289 0.319776 0.0728788 0.007703 0.000504667 1.5e-05 1.66667e-07 0 0 0 0 0 0 0 0 0 0 0 
1 0.899988 0.670527 0.321717 0.0743858 0.00803917 0.000574833 3.58333e-05 2e-06 0 0 0 0 0 0 0 0 0 0 0 
1 0.900058 0.670247 0.321627 0.0741592 0.0078845 0.000501833 1.91667e-05 0 0 0 0 0 0 0 0 0 0 0 0 
1 0.899653 0.669136 0.320321 0.0736775 0.0079805 0.0005415 2.28333e-05 6.66667e-07 0 0 0 0 0 0 0 0 0 0 0 
1 0.900349 0.670537 0.321594 0.074252 0.00808683 0.000583 4.5e-05 1.83333e-06 0 0 0 0 0 0 0 0 0 0 0 
1 0.90023 0.671008 0.32185 0.0735733 0.00754167 0.000442167 1.75e-05 1.66667e-07 0 0 0 0 0 0 0 0 0 0 0 
1 0.900177 0.670063 0.322015 0.0746307 0.00809717 0.000544667 3.15e-05 8.33333e-07 0 0 0 0 0 0 0 0 0 0 0 
1 0.899742 0.668325 0.317796 0.0713625 0.007259 0.000473167 2.65e-05 1.66667e-07 0 0 0 0 0 0 0 0 0 0 0 
1 0.899936 0.669824 0.320511 0.0741555 0.0081585 0.000537667 1.78333e-05 6.66667e-07 0 0 0 0 0 0 0 0 0 0 0 
1 0.899946 0.669958 0.320805 0.0735568 0.00788767 0.000518 1.55e-05 5e-07 0 0 0 0 0 0 0 0 0 0 0 
1 0.899617 0.668438 0.318772 0.0730932 0.007767 0.000452667 1.48333e-05 0 0 0 0 0 0 0 0 0 0 0 0 
1 0.899596 0.668175 0.317787 0.0714968 0.0074385 0.000485 2.23333e-05 0 0 0 0 0 0 0 0 0 0 0 0 
1 0.899332 0.667848 0.317702 0.0718232 0.00734917 0.000430167 1.1e-05 0 0 0 0 0 0 0 0 0 0 0 0 
1 0.89916 0.667521 0.317447 0.071713 0.00725483 0.0004135 2.66667e-05 6.66667e-07 0 0 0 0 0 0 0 0 0 0 0 
1 0.89955 0.66894 0.319438 0.0727818 0.00746933 0.00038 8e-06 1.66667e-07 0 0 0 0 0 0 0 0 0 0 0 
1 0.900174 0.670283 0.320548 0.072988 0.00747667 0.000448167 2.18333e-05 6.66667e-07 0 0 0 0 0 0 0 0 0 0 0 
1 0.89988 0.669562 0.320209 0.0733072 0.00801533 0.0005765 3.03333e-05 5e-07 0 0 0 0 0 0 0 0 0 0 0 
1 0.899916 0.669002 0.319642 0.0724962 0.00727117 0.000354 1.3e-05 0 0 0 0 0 0 0 0 0 0 0 0 
1 0.900376 0.670962 0.322801 0.0753663 0.00828267 0.0005265 2.71667e-05 8.33333e-07 0 0 0 0 0 0 0 0 0 0 0 
1 0.900124 0.669652 0.320185 0.0726193 0.00732883 0.000424333 1.41667e-05 5e-07 0 0 0 0 0 0 0 0 0 0 0 
1 0.90056 0.671314 0.323128 0.0749755 0.00805717 0.000489833 2.23333e-05 8.33333e-07 0 0 0 0 0 0 0 0 0 0 0 
1 0.90007 0.670045 0.320732 0.0734258 0.00779067 0.0005085 3.18333e-05 1.33333e-06 0 0 0 0 0 0 0 0 0 0 0 
1 0.899739 0.669434 0.320271 0.0732128 0.0075035 0.000403833 1.18333e-05 0 0 0 0 0 0 0 0 0 0 0 0 
1 0.900756 0.671677 0.323267 0.0748963 0.00810783 0.000491667 1.73333e-05 1.38778e-17 0 0 0 0 0 0 0 0 0 0 0 
1 0.900531 0.671644 0.323452 0.0753908 0.0078965 0.000417333 2.58333e-05 3.16667e-06 0 0 0 0 0 0 0 0 0 0 0 
1 0.900667 0.671671 0.323041 0.0749058 0.00824667 0.000612333 4.43333e-05 5e-07 0 0 0 0 0 0 0 0 0 0 0 
1 0.900074 0.669382 0.319956 0.0726067 0.0074275 0.000402833 1.01667e-05 0 0 0 0 0 0 0 0 0 0 0 0 
1 0.900441 0.670481 0.321049 0.072878 0.00727483 0.000373167 9e-06 1.66667e-07 0 0 0 0 0 0 0 0 0 0 0 
1 0.900179 0.670134 0.320033 0.072686 0.00763233 0.0004735 1.91667e-05 0 0 0 0 0 0 0 0 0 0 0 0 
1 0.900095 0.670333 0.3211 0.0738245 0.007919 0.000659833 0.0001055 1.36667e-05 1.16667e-06 0 0 0 0 0 0 0 0 0 0 
1 0.900349 0.670215 0.32082 0.0737398 0.007783 0.000514 3.35e-05 8.33333e-07 0 0 0 0 0 0 0 0 0 0 0 
1 0.900039 0.669996 0.320137 0.0723853 0.00746283 0.000468167 1.96667e-05 1.66667e-07 0 0 0 0 0 0 0 0 0 0 0 
1 0.899957 0.669635 0.319434 0.0720973 0.00733833 0.000419167 1.23333e-05 0 0 0 0 0 0 0 0 0 0 0 0 
1 0.900309 0.669941 0.32003 0.0731063 0.00754167 0.000434833 1.01667e-05 0 0 0 0 0 0 0 0 0 0 0 0 
1 0.899572 0.667891 0.318291 0.072757 0.00770383 0.000516833 6.2e-05 1.26667e-05 1e-06 0 0 0 0 0 0 0 0 0 0 
1 0.900956 0.672462 0.324511 0.0763233 0.00869717 0.000646667 3.75e-05 1.66667e-06 0 0 0 0 0 0 0 0 0 0 0 
1 0.899848 0.669187 0.320224 0.0736763 0.00787583 0.000537 2.76667e-05 1.66667e-07 0 0 0 0 0 0 0 0 0 0 0 
1 0.899238 0.668012 0.318185 0.0718775 0.00730267 0.000373333 9.33333e-06 0 0 0 0 0 0 0 0 0 0 0 0 
1 0.899412 0.667768 0.317317 0.0719608 0.00733767 0.000393 9.66667e-06 0 0 0 0 0 0 0 0 0 0 0 0 
1 0.899143 0.667954 0.317835 0.0719642 0.00760283 0.000501667 3.53333e-05 3.5e-06 0 0 0 0 0 0 0 0 0 0 0 
1 0.89962 0.667993 0.317285 0.071103 0.00733783 0.000447667 1.51667e-05 0 0 0 0 0 0 0 0 0 0 0 0 
1 0.900135 0.669367 0.319796 0.0729848 0.00751533 0.000420833 1.25e-05 0 0 0 0 0 0 0 0 0 0 0 0 
1 0.900155 0.670294 0.320983 0.0736107 0.00775717 0.000485833 1.68333e-05 5e-07 0 0 0 0 0 0 0 0 0 0 0 
1 0.899811 0.668437 0.318325 0.0719785 0.00752967 0.000445167 1.85e-05 0 0 0 0 0 0 0 0 0 0 0 0 
1 0.900048 0.670037 0.320524 0.0734932 0.00805633 0.000572833 3.28333e-05 8.33333e-07 0 0 0 0 0 0 0 0 0 0 0 
1 0.901162 0.67307 0.325097 0.0759055 0.00824833 0.000547167 2.51667e-05 3.33333e-07 0 0 0 0 0 0 0 0 0 0 0 
1 0.899405 0.668248 0.318556 0.0732023 0.00804 0.0006195 3.5e-05 8.33333e-07 0 0 0 0 0 0 0 0 0 0 0 
1 0.899953 0.66929 0.320127 0.0737238 0.00808583 0.000529833 2.1e-05 1.66667e-07 0 0 0 0 0 0 0 0 0 0 0 
1 0.899015 0.666648 0.316513 0.0708202 0.00719717 0.000451833 2.11667e-05 3.33333e-07 0 0 0 0 0 0 0 0 0 0 0 
1 0.899855 0.669272 0.320299 0.0735637 0.00772233 0.000486167 2.28333e-05 3.33333e-07 0 0 0 0 0 0 0 0 0 0 0 
1 0.90002 0.669074 0.319041 0.0728975 0.007734 0.000514 2.88333e-05 2.33333e-06 0 0 0 0 0 0 0 0 0 0 0 
1 0.900444 0.670678 0.321891 0.0740862 0.0078155 0.0004585 1e-05 0 0 0 0 0 0 0 0 0 0 0 0 
1 0.900803 0.672402 0.324001 0.075846 0.00860533 0.000645667 2.18333e-05 1.66667e-07 0 0 0 0 0 0 0 0 0 0 0 
1 0.900891 0.671481 0.323326 0.0746357 0.00778183 0.000434833 1.4e-05 5e-07 0 0 0 0 0 0 0 0 0 0 0 
1 0.899903 0.669569 0.319624 0.0727817 0.00757967 0.000469 2.05e-05 5e-07 0 0 0 0 0 0 0 0 0 0 0 
1 0.900216 0.670235 0.320203 0.0726915 0.0076265 0.000527667 4.45e-05 1.66667e-06 0 0 0 0 0 0 0 0 0 0 0 
1 0.899541 0.668661 0.319033 0.0724897 0.00753983 0.000489667 1.8e-05 0 0 0 0 0 0 0 0 0 0 0 0 
1 0.900284 0.670327 0.320929 0.0733347 0.00793183 0.000516333 1.88333e-05 1.66667e-07 0 0 0 0 0 0 0 0 0 0 0 
1 0.899872 0.669145 0.319936 0.0731892 0.00768017 0.000403333 9e-06 1.66667e-07 0 0 0 0 0 0 0 0 0 0 0 
1 0.899608 0.668285 0.318629 0.0732112 0.00797117 0.000502167 1.48333e-05 1.66667e-07 0 0 0 0 0 0 0 0 0 0 0 
1 0.899981 0.669259 0.320123 0.07352 0.0080725 0.000516 1.61667e-05 0 0 0 0 0 0 0 0 0 0 0 0 
1 0.900438 0.671045 0.32261 0.0745603 0.00789633 0.000461667 1.33333e-05 0 0 0 0 0 0 0 0 0 0 0 0 
1 0.900187 0.669779 0.320425 0.0732888 0.0077325 0.000477167 9.66667e-06 0 0 0 0 0 0 0 0 0 0 0 0 
1 0.899758 0.669408 0.320549 0.0741223 0.00806017 0.000537 1.91667e-05 0 0 0 0 0 0 0 0 0 0 0 0 
1 0.900071 0.66953 0.31996 0.072953 0.007731 0.000549833 2.83333e-05 0 0 0 0 0 0 0 0 0 0 0 0 
1 0.900463 0.67094 0.321693 0.0741357 0.00815917 0.000557667 3.81667e-05 4.16667e-06 0 0 0 0 0 0 0 0 0 0 0 
1 0.900059 0.669861 0.321204 0.0735913 0.00784 0.000519667 3.65e-05 1.66667e-06 0 0 0 0 0 0 0 0 0 0 0 
1 0.89973 0.669649 0.320816 0.0738575 0.007841 0.000472667 2.35e-05 5e-07 0 0 0 0 0 0 0 0 0 0 0 
1 0.900594 0.670743 0.321425 0.0738357 0.00797833 0.0004945 1.4e-05 0 0 0 0 0 0 0 0 0 0 0 0 
1 0.89948 0.668509 0.31846 0.0721392 0.00719783 0.000379833 1.61667e-05 0 0 0 0 0 0 0 0 0 0 0 0 
1 0.900643 0.671167 0.322708 0.0752178 0.00842383 0.000538667 2.06667e-05 1.16667e-06 0 0 0 0 0 0 0 0 0 0 0 
1 0.900312 0.670615 0.322171 0.0746938 0.00810367 0.000507 2.05e-05 0 0 0 0 0 0 0 0 0 0 0 0 
1 0.90055 0.671549 0.323591 0.0753845 0.00805617 0.000526 3.18333e-05 1.83333e-06 1.66667e-07 0 0 0 0 0 0 0 0 0 0 
1 0.899989 0.66968 0.320372 0.0732167 0.007598 0.000446333 2.61667e-05 2e-06 0 0 0 0 0 0 0 0 0 0 0 
1 0.899635 0.668449 0.3182 0.0714913 0.007008 0.0003095 4.83333e-06 0 0 0 0 0 0 0 0 0 0 0 0 
1 0.899788 0.669306 0.319532 0.0729235 0.00768067 0.000445167 1.5e-05 1.66667e-07 0 0 0 0 0 0 0 0 0 0 0 
1 0.900056 0.669039 0.320156 0.0736633 0.00804867 0.000601167 4.15e-05 2.33333e-06 0 0 0 0 0 0 0 0 0 0 0 
1 0.899959 0.669617 0.32075 0.0740963 0.008215 0.000625167 6.13333e-05 6e-06 0 0 0 0 0 0 0 0 0 0 0 
1 0.900426 0.670961 0.321617 0.0740022 0.00770817 0.000480833 1.95e-05 3.33333e-07 0 0 0 0 0 0 0 0 0 0 0 
1 0.900538 0.671065 0.321935 0.0738395 0.00800133 0.0005215 1.81667e-05 0 0 0 0 0 0 0 0 0 0 0 0 
1 0.899269 0.668483 0.319084 0.0724778 0.0073805 0.000416333 1.26667e-05 1.66667e-07 0 0 0 0 0 0 0 0 0 0 0 
1 0.900006 0.669933 0.320786 0.0735498 0.00798067 0.000543833 2.23333e-05 3.33333e-07 0 0 0 0 0 0 0 0 0 0 0 
1 0.900011 0.669221 0.31953 0.072915 0.00767 0.000479 2.01667e-05 6.66667e-07 0 0 0 0 0 0 0 0 0 0 0 
1 0.899859 0.669609 0.320053 0.0735683 0.007995 0.000572333 4.63333e-05 1.66667e-06 0 0 0 0 0 0 0 0 0 0 0 
1 0.90017 0.669886 0.319823 0.0726567 0.007752 0.000520667 2.16667e-05 0 0 0 0 0 0 0 0 0 0 0 0 
1 0.89977 0.669196 0.319606 0.0730372 0.00809367 0.0006035 2.9e-05 5e-07 0 0 0 0 0 0 0 0 0 0 0 
1 0.899706 0.668796 0.319919 0.0734307 0.0077655 0.000427833 1.26667e-05 0 0 0 0 0 0 0 0 0 0 0 0 
1 0.899606 0.66901 0.319257 0.072671 0.007515 0.000429667 1.53333e-05 3.33333e-07 0 0 0 0 0 0 0 0 0 0 0 
1 0.899072 0.667364 0.317119 0.0717932 0.00739883 0.000430333 1.05e-05 0 0 0 0 0 0 0 0 0 0 0 0 
1 0.900022 0.669187 0.318629 0.0721742 0.00775917 0.000623667 5.21667e-05 1.66667e-06 0 0 0 0 0 0 0 0 0 0 0 
1 0.900203 0.670062 0.320356 0.0727768 0.00761833 0.000522667 4.88333e-05 4.33333e-06 0 0 0 0 0 0 0 0 0 0 0 
1 0.899461 0.667454 0.317414 0.0719418 0.007531 0.000458167 1.85e-05 0 0 0 0 0 0 0 0 0 0 0 0 
1 0.900074 0.66976 0.320315 0.0735525 0.00781017 0.000514 2.53333e-05 1.66667e-07 0 0 0 0 0 0 0 0 0 0 0 
1 0.899803 0.668791 0.319023 0.072492 0.00730167 0.0003795 1.8e-05 5e-07 0 0 0 0 0 0 0 0 0 0 0 
1 0.900872 0.672208 0.324836 0.0764475 0.00846633 0.000629167 7.53333e-05 9.33333e-06 1.66667e-07 0 0 0 0 0 0 0 0 0 0 
1 0.900235 0.669932 0.320902 0.0732248 0.00775683 0.0005285 2.25e-05 1.66667e-07 0 0 0 0 0 0 0 0 0 0 0 
1 0.901277 0.673113 0.324493 0.0751737 0.008059 0.000539333 1.9e-05 0 0 0 0 0 0 0 0 0 0 0 0 
1 0.900164 0.670258 0.321374 0.07404 0.007853 0.0004605 9.83333e-06 0 0 0 0 0 0 0 0 0 0 0 0 
1 0.900201 0.669859 0.321204 0.0744185 0.00806567 0.000438167 7.33333e-06 0 0 0 0 0 0 0 0 0 0 0 0 
1 0.899992 0.670002 0.320018 0.0723157 0.00731117 0.000424833 2.48333e-05 2e-06 0 0 0 0 0 0 0 0 0 0 0 
1 0.900046 0.670089 0.321034 0.0738985 0.007911 0.0005165 4.56667e-05 5.5e-06 5e-07 0 0 0 0 0 0 0 0 0 0 
1 0.899967 0.66964 0.320357 0.0737267 0.00808417 0.000616333 4.61667e-05 2.5e-06 0 0 0 0 0 0 0 0 0 0 0 
1 0.899049 0.667424 0.317626 0.0727152 0.00805383 0.000640667 4.5e-05 1.33333e-06 0 0 0 0 0 0 0 0 0 0 0 
1 0.900529 0.671147 0.322861 0.0746553 0.00787667 0.000439167 1.05e-05 0 0 0 0 0 0 0 0 0 0 0 0 
1 0.89945 0.66833 0.318323 0.0723938 0.00762367 0.0004855 1.83333e-05 0 0 0 0 0 0 0 0 0 0 0 0 
1 0.900053 0.669607 0.321003 0.0738937 0.0078365 0.000564667 5.53333e-05 3e-06 0 0 0 0 0 0 0 0 0 0 0 
1 0.899913 0.668702 0.318638 0.0723873 0.007453 0.0004255 1.78333e-05 1.66667e-07 0 0 0 0 0 0 0 0 0 0 0 
1 0.899198 0.667713 0.318105 0.0726193 0.0076555 0.000504667 2.61667e-05 0 0 0 0 0 0 0 0 0 0 0 0 
1 0.899873 0.669727 0.320412 0.0729808 0.00753883 0.0003965 8.16667e-06 1.66667e-07 0 0 0 0 0 0 0 0 0 0 0 
1 0.899462 0.668183 0.31869 0.0729192 0.0077775 0.000493667 1.9e-05 3.33333e-07 0 0 0 0 0 0 0 0 0 0 0 
1 0.900599 0.67121 0.323277 0.0750232 0.0082955 0.0006455 7.05e-05 1.38333e-05 6.66667e-07 0 0 0 0 0 0 0 0 0 0 
1 0.89935 0.667978 0.318187 0.0716997 0.007266 0.000451667 3.2e-05 1.16667e-06 0 0 0 0 0 0 0 0 0 0 0 
1 0.899947 0.669707 0.319794 0.0727428 0.00765033 0.000467333 2.33333e-05 3.33333e-07 0 0 0 0 0 0 0 0 0 0 0 
1 0.900104 0.669754 0.320121 0.0722922 0.00735567 0.000493333 3.91667e-05 1.66667e-06 0 0 0 0 0 0 0 0 0 0 0 
1 0.900187 0.669924 0.320348 0.0730237 0.00762067 0.000459 1.41667e-05 0 0 0 0 0 0 0 0 0 0 0 0 
1 0.900052 0.669884 0.32082 0.0738827 0.008141 0.000596167 5.95e-05 3.66667e-06 0 0 0 0 0 0 0 0 0 0 0 
1 0.900076 0.669704 0.320494 0.0738908 0.00795733 0.000587833 5.05e-05 1.66667e-06 1.66667e-07 0 0 0 0 0 0 0 0 0 0 
1 0.899578 0.668722 0.319475 0.0733055 0.0079495 0.000518 2.21667e-05 0 0 0 0 0 0 0 0 0 0 0 0 
1 0.900471 0.670674 0.321497 0.0738902 0.00760917 0.000473167 5.13333e-05 7.33333e-06 5e-07 0 0 0 0 0 0 0 0 0 0 
1 0.899925 0.669768 0.320621 0.0740928 0.0080405 0.000534167 3.33333e-05 2.66667e-06 0 0 0 0 0 0 0 0 0 0 0 
1 0.899582 0.668193 0.317784 0.0718137 0.0075265 0.000480667 1.71667e-05 0 0 0 0 0 0 0 0 0 0 0 0 
1 0.899698 0.668278 0.318287 0.0722687 0.00792383 0.000655 4.85e-05 5e-07 0 0 0 0 0 0 0 0 0 0 0 
1 0.900624 0.671093 0.322014 0.0741682 0.0077805 0.000553833 5.46667e-05 2.33333e-06 0 0 0 0 0 0 0 0 0 0 0 
1 0.899545 0.668652 0.319385 0.073305 0.0080795 0.0006335 5.7e-05 2.16667e-06 0 0 0 0 0 0 0 0 0 0 0 
1 0.900074 0.669078 0.319827 0.0732203 0.00795317 0.000625 4.2e-05 3.33333e-07 0 0 0 0 0 0 0 0 0 0 0 
1 0.900016 0.669604 0.320308 0.0737828 0.00786983 0.000494167 3.35e-05 1.33333e-06 0 0 0 0 0 0 0 0 0 0 0 
1 0.900035 0.669108 0.319806 0.0732677 0.00768783 0.000489667 1.93333e-05 1.66667e-07 0 0 0 0 0 0 0 0 0 0 0 
1 0.89986 0.669443 0.320426 0.0736013 0.00769067 0.000441833 1.25e-05 1.38778e-17 0 0 0 0 0 0 0 0 0 0 0 
1 0.9001 0.669911 0.320379 0.0730248 0.00753383 0.0004405 8.16667e-06 0 0 0 0 0 0 0 0 0 0 0 0 
1 0.899607 0.668719 0.319531 0.0732552 0.00774067 0.000467333 3.21667e-05 2.83333e-06 0 0 0 0 0 0 0 0 0 0 0 
1 0.899883 0.669192 0.319233 0.072313 0.00732467 0.0003745 7.5e-06 0 0 0 0 0 0 0 0 0 0 0 0 
1 0.900532 0.670674 0.321274 0.073424 0.00774017 0.0005 2.78333e-05 6.66667e-07 0 0 0 0 0 0 0 0 0 0 0 
1 0.90002 0.669618 0.320686 0.0738207 0.00780867 0.000454167 1.2e-05 0 0 0 0 0 0 0 0 0 0 0 0 
1 0.899553 0.668576 0.318845 0.0722992 0.00732083 0.000404333 9.83333e-06 1.66667e-07 0 0 0 0 0 0 0 0 0 0 0 
1 0.900085 0.670166 0.320621 0.0734512 0.0078035 0.000518 3.11667e-05 3.33333e-07 0 0 0 0 0 0 0 0 0 0 0 
1 0.900194 0.670559 0.321906 0.0745457 0.00816283 0.000532 2e-05 6.66667e-07 0 0 0 0 0 0 0 0 0 0 0 
1 0.899771 0.668836 0.319204 0.0731853 0.00765083 0.000452667 1.8e-05 1.66667e-07 0 0 0 0 0 0 0 0 0 0 0 
1 0.899761 0.668532 0.318597 0.0720812 0.00737483 0.000425667 2.26667e-05 1.66667e-07 0 0 0 0 0 0 0 0 0 0 0 
1 0.899974 0.669602 0.320735 0.0740223 0.00789983 0.000507 3.21667e-05 8.33333e-07 0 0 0 0 0 0 0 0 0 0 0 
1 0.899648 0.668752 0.319103 0.0726883 0.0079545 0.000585167 2.58333e-05 3.33333e-07 0 0 0 0 0 0 0 0 0 0 0 
1 0.900464 0.670913 0.32223 0.0746673 0.0082945 0.000578667 2.35e-05 3.33333e-07 0 0 0 0 0 0 0 0 0 0 0 
1 0.899735 0.668862 0.319798 0.0735867 0.00789717 0.000500833 1.98333e-05 5e-07 0 0 0 0 0 0 0 0 0 0 0 
1 0.900285 0.670665 0.321049 0.073252 0.00747517 0.0003925 8.5e-06 0 0 0 0 0 0 0 0 0 0 0 0 
1 0.900073 0.669419 0.319905 0.072834 0.00745533 0.000425667 1.41667e-05 3.33333e-07 0 0 0 0 0 0 0 0 0 0 0 
1 0.900236 0.670519 0.321567 0.073897 0.0078925 0.000508667 4.25e-05 2.66667e-06 0 0 0 0 0 0 0 0 0 0 0 
1 0.900101 0.670016 0.32116 0.0738558 0.007727 0.0004385 1.2e-05 0 0 0 0 0 0 0 0 0 0 0 0 
1 0.899797 0.668498 0.318642 0.0724188 0.007609 0.000422833 1.3e-05 1.66667e-07 0 0 0 0 0 0 0 0 0 0 0 
1 0.899806 0.668279 0.317462 0.0710222 0.00721417 0.000491833 6.3e-05 9.5e-06 3.33333e-07 0 0 0 0 0 0 0 0 0 0 
1 0.899204 0.667179 0.317849 0.0728102 0.00771367 0.000469 2.05e-05 1e-06 0 0 0 0 0 0 0 0 0 0 0 
1 0.899947 0.669337 0.320271 0.0732682 0.00764683 0.000441833 9.5e-06 1.66667e-07 0 0 0 0 0 0 0 0 0 0 0 
1 0.900435 0.671401 0.324097 0.0756283 0.00837433 0.000553833 3.33333e-05 5.66667e-06 3.33333e-07 0 0 0 0 0 0 0 0 0 0 
1 0.899953 0.669673 0.320356 0.0734613 0.00774167 0.000484167 2.93333e-05 1e-06 0 0 0 0 0 0 0 0 0 0 0 
1 0.899905 0.669006 0.319353 0.0730418 0.00780867 0.000498833 1.53333e-05 1.66667e-07 0 0 0 0 0 0 0 0 0 0 0 
1 0.900006 0.669801 0.320706 0.0747625 0.00851983 0.000645 3.56667e-05 6.66667e-07 0 0 0 0 0 0 0 0 0 0 0 
1 0.899707 0.668499 0.318716 0.0725725 0.00758233 0.000488667 3e-05 0 0 0 0 0 0 0 0 0 0 0 0 
1 0.900304 0.670743 0.322006 0.0743895 0.007957 0.00053 4.16667e-05 3.33333e-06 0 0 0 0 0 0 0 0 0 0 0 
1 0.900127 0.67033 0.321373 0.0739273 0.0078515 0.000495 2.31667e-05 3.33333e-07 0 0 0 0 0 0 0 0 0 0 0 
1 0.899804 0.669629 0.320386 0.0730868 0.007484 0.000417 2.06667e-05 1e-06 0 0 0 0 0 0 0 0 0 0 0 
1 0.899809 0.668952 0.319174 0.0723522 0.00747867 0.000412167 9.66667e-06 1.66667e-07 0 0 0 0 0 0 0 0 0 0 0 
