1 0.900148 0.71967 0.503242 0.321284 0.196289 0.117815 0.070174 0.042175 0.02525 0.01504 0.008844 0.005181 0.003022 0.001757 0.000945 0.000502 0.000286 0.000145 6.4e-05 
1 0.899188 0.717584 0.500601 0.318341 0.193197 0.115202 0.068017 0.040443 0.024084 0.014471 0.008698 0.005323 0.003336 0.002097 0.00133 0.000804 0.000462 0.000254 0.000147 
1 0.90044 0.718982 0.501569 0.320148 0.195587 0.117766 0.070284 0.041541 0.024399 0.014443 0.008495 0.0051 0.003047 0.001833 0.00113 0.000623 0.000367 0.000216 0.000115 
1 0.900923 0.720154 0.504268 0.321657 0.196256 0.117147 0.069714 0.041461 0.02494 0.014829 0.00879 0.005243 0.003248 0.002016 0.001279 0.000841 0.000538 0.000322 0.000195 
1 0.900058 0.718765 0.502571 0.319501 0.193968 0.11587 0.068997 0.041102 0.024423 0.014554 0.008741 0.005304 0.003278 0.001986 0.001206 0.0007 0.000385 0.000171 9.6e-05 
1 0.899504 0.71691 0.500012 0.316828 0.191697 0.114479 0.06763 0.03993 0.023672 0.014151 0.008354 0.00507 0.003069 0.001864 0.001171 0.000756 0.000439 0.000239 0.000125 
1 0.899808 0.718118 0.500515 0.317817 0.192815 0.114607 0.067601 0.039688 0.023701 0.014182 0.008488 0.005168 0.00316 0.001917 0.001153 0.000703 0.000426 0.000252 0.000142 
1 0.899886 0.718008 0.500277 0.318398 0.194266 0.115404 0.068418 0.040184 0.02359 0.013722 0.007987 0.004616 0.00268 0.001556 0.000878 0.000505 0.000262 0.000135 6e-05 
1 0.900223 0.71869 0.502525 0.320706 0.195651 0.117287 0.069847 0.041491 0.024951 0.014703 0.008688 0.005126 0.003044 0.001858 0.001139 0.000687 0.000388 0.000218 0.000125 
1 0.900037 0.718303 0.50071 0.319248 0.194398 0.116109 0.069012 0.040951 0.023956 0.013971 0.008133 0.00481 0.002917 0.001745 0.00112 0.000735 0.000499 0.000331 0.000225 
1 0.899826 0.717706 0.50161 0.31907 0.193774 0.115722 0.068318 0.040551 0.0238 0.01414 0.008389 0.004944 0.002875 0.001663 0.000972 0.000542 0.000277 0.000129 6.6e-05 
1 0.900083 0.720515 0.505237 0.32377 0.198003 0.119099 0.071025 0.042337 0.025365 0.015012 0.009018 0.005459 0.003383 0.002112 0.001344 0.000847 0.000544 0.000355 0.000211 
1 0.900694 0.719929 0.503021 0.321249 0.195051 0.116695 0.069416 0.041107 0.024132 0.014363 0.008589 0.005127 0.003057 0.001845 0.00112 0.000697 0.000489 0.000363 0.000273 
1 0.900288 0.71861 0.501811 0.31965 0.193955 0.115572 0.068207 0.040281 0.023912 0.01407 0.008329 0.004988 0.003004 0.001821 0.001079 0.000596 0.000296 0.000164 8.5e-05 
1 0.899673 0.718523 0.501735 0.31921 0.193619 0.115635 0.068678 0.040688 0.0241 0.014267 0.008565 0.005022 0.002954 0.001743 0.001016 0.000646 0.000406 0.000237 0.000136 
1 0.900236 0.718902 0.502712 0.32076 0.195355 0.117292 0.069809 0.041394 0.024261 0.014081 0.008177 0.004673 0.002754 0.001543 0.000884 0.000519 0.0003 0.000175 9.8e-05 
1 0.900579 0.720972 0.504332 0.321835 0.195896 0.11668 0.069196 0.040717 0.023865 0.013933 0.008068 0.004725 0.002753 0.001622 0.000962 0.00056 0.000352 0.000204 0.000124 
1 0.899633 0.717704 0.50022 0.316897 0.192326 0.114533 0.067866 0.040591 0.024654 0.015032 0.009294 0.005652 0.0034 0.002014 0.001154 0.000655 0.00034 0.000173 7.3e-05 
1 0.900454 0.719141 0.502893 0.320699 0.194346 0.115282 0.067698 0.03966 0.023173 0.013613 0.008101 0.004828 0.002917 0.001774 0.001081 0.000655 0.000435 0.000277 0.000174 
1 0.899997 0.71948 0.503695 0.322463 0.197291 0.118475 0.070964 0.042575 0.025477 0.015251 0.009178 0.005571 0.00326 0.001985 0.00123 0.000787 0.000489 0.000304 0.000204 
1 0.900015 0.718736 0.502656 0.320698 0.195589 0.117009 0.069474 0.041429 0.024503 0.014609 0.00865 0.005092 0.003013 0.001807 0.001109 0.000628 0.000333 0.000177 9.3e-05 
1 0.900292 0.718805 0.503111 0.321335 0.196554 0.118217 0.070484 0.042214 0.025176 0.015307 0.009317 0.005759 0.003518 0.002092 0.00125 0.000754 0.000438 0.000258 0.000138 
1 0.900773 0.720445 0.50439 0.321446 0.195732 0.116182 0.068101 0.040162 0.023299 0.013352 0.007627 0.004269 0.002413 0.00144 0.000852 0.000492 0.000269 0.00016 8.9e-05 
1 0.900701 0.719424 0.502816 0.320718 0.195212 0.116197 0.068697 0.04073 0.023968 0.014462 0.008677 0.005154 0.003073 0.001848 0.00111 0.000723 0.000488 0.000309 0.00016 
1 0.899707 0.718844 0.502225 0.31934 0.193507 0.114922 0.067648 0.039797 0.023314 0.013674 0.007863 0.004559 0.002653 0.001531 0.000919 0.000562 0.000328 0.000208 0.00013 
1 0.900136 0.718766 0.501514 0.319194 0.193701 0.115235 0.068247 0.0403 0.023988 0.014417 0.00866 0.00528 0.003267 0.002005 0.001175 0.000597 0.000274 0.000116 3.7e-05 
1 0.899619 0.718209 0.500856 0.317559 0.192139 0.113517 0.066673 0.039207 0.022985 0.013452 0.008024 0.004747 0.002838 0.001729 0.001024 0.000675 0.000475 0.00034 0.000253 
1 0.899905 0.718027 0.500552 0.316899 0.191557 0.11293 0.066311 0.038494 0.022383 0.013027 0.00756 0.00434 0.00246 0.001384 0.000755 0.000427 0.000246 0.00014 8.4e-05 
1 0.899661 0.718237 0.501691 0.319275 0.193988 0.115018 0.067583 0.039544 0.023189 0.013519 0.007972 0.004641 0.002769 0.001658 0.000997 0.000654 0.000429 0.000251 0.000155 
1 0.901456 0.722604 0.507949 0.326407 0.201007 0.121454 0.072673 0.043395 0.02582 0.015538 0.009306 0.005632 0.003506 0.002208 0.001403 0.000884 0.000542 0.000275 0.000126 
1 0.899856 0.719305 0.503854 0.321897 0.196593 0.117806 0.070106 0.041422 0.02431 0.014198 0.008295 0.004936 0.002958 0.001796 0.001116 0.000713 0.000434 0.000288 0.000185 
1 0.900037 0.718878 0.50191 0.319617 0.194414 0.11557 0.067906 0.040197 0.023679 0.013939 0.008286 0.004953 0.003051 0.001872 0.001171 0.000756 0.000461 0.000314 0.000192 
1 0.901034 0.721121 0.506444 0.324602 0.198582 0.118983 0.071065 0.042424 0.025233 0.014982 0.008877 0.005292 0.003132 0.001901 0.001085 0.000605 0.000321 0.000151 6.5e-05 
1 0.899851 0.718443 0.501098 0.31912 0.193695 0.115608 0.06857 0.040597 0.023822 0.013956 0.008087 0.004681 0.002684 0.001493 0.000812 0.000451 0.000247 0.000141 7.2e-05 
1 0.900429 0.719817 0.503823 0.3218 0.196317 0.117483 0.069848 0.041451 0.024827 0.014623 0.008508 0.00491 0.002777 0.001597 0.000938 0.000521 0.000333 0.000201 0.000107 
1 0.900754 0.719369 0.503347 0.321171 0.196515 0.118131 0.070035 0.041607 0.024556 0.014444 0.008256 0.004676 0.002524 0.00129 0.000642 0.000351 0.000199 0.00012 9.2e-05 
1 0.900243 0.718827 0.502939 0.320943 0.195197 0.116208 0.068235 0.040295 0.024003 0.014496 0.008775 0.005365 0.003224 0.001955 0.001267 0.000805 0.00053 0.000338 0.000192 
1 0.900663 0.719923 0.503168 0.319766 0.194266 0.115256 0.067969 0.040254 0.023906 0.014069 0.008342 0.004855 0.00279 0.001667 0.001012 0.000615 0.000364 0.000205 0.000107 
1 0.899296 0.717248 0.499674 0.317183 0.191334 0.113072 0.066269 0.038523 0.022756 0.013374 0.007901 0.004718 0.002854 0.0017 0.001086 0.00067 0.000394 0.00024 0.000136 
1 0.900976 0.720417 0.504108 0.320772 0.194914 0.116132 0.068593 0.040721 0.023997 0.014183 0.008367 0.005 0.003059 0.001881 0.001131 0.000718 0.000459 0.000297 0.000181 
1 0.899891 0.718827 0.501342 0.318693 0.193374 0.115163 0.068228 0.04016 0.02351 0.013685 0.007956 0.004673 0.002733 0.001551 0.000848 0.000462 0.000253 0.000104 3.3e-05 
1 0.90034 0.719524 0.502576 0.320198 0.195054 0.116389 0.068675 0.040218 0.023345 0.013616 0.008086 0.004787 0.002891 0.001772 0.001077 0.000708 0.000487 0.00035 0.000282 
1 0.900031 0.71778 0.500798 0.318711 0.194368 0.117134 0.070407 0.042402 0.025253 0.014954 0.008906 0.005269 0.003079 0.00178 0.001057 0.000637 0.000391 0.000257 0.000152 
1 0.899993 0.717571 0.501601 0.319185 0.194344 0.116345 0.069231 0.041193 0.024544 0.014717 0.008814 0.005305 0.003099 0.001803 0.001043 0.000586 0.000334 0.000197 0.000105 
1 0.899407 0.717076 0.499839 0.317689 0.192608 0.114589 0.067566 0.039861 0.023199 0.01343 0.007866 0.004609 0.002678 0.001658 0.001039 0.00067 0.000441 0.000298 0.000227 
1 0.901139 0.721285 0.50569 0.322091 0.196509 0.117339 0.069505 0.040897 0.024118 0.014232 0.008548 0.005031 0.002908 0.0017 0.000967 0.000571 0.000333 0.000213 0.000128 
1 0.900695 0.720052 0.503945 0.321819 0.19727 0.119314 0.072082 0.043101 0.025983 0.015722 0.00963 0.00607 0.003693 0.002319 0.001443 0.000859 0.000526 0.000309 0.000174 
1 0.900004 0.719843 0.505146 0.325192 0.199718 0.120313 0.072544 0.043555 0.026233 0.015968 0.009618 0.005806 0.003458 0.00213 0.001333 0.000829 0.000528 0.000306 0.000195 
1 0.900287 0.718416 0.501137 0.319598 0.195194 0.117229 0.069726 0.041635 0.024632 0.014547 0.008606 0.005015 0.002991 0.001752 0.00104 0.000628 0.000395 0.000236 0.000136 
1 0.900042 0.719422 0.503284 0.321631 0.195965 0.117148 0.069396 0.040703 0.023688 0.013497 0.007656 0.00429 0.002526 0.001405 0.000838 0.000504 0.000292 0.000169 0.000105 
1 0.900589 0.719335 0.502232 0.319567 0.194301 0.116218 0.068843 0.040871 0.024393 0.014655 0.008859 0.005392 0.003239 0.002025 0.001325 0.000816 0.000475 0.000235 0.000108 
1 0.899635 0.717987 0.501549 0.317871 0.192176 0.114087 0.067444 0.040051 0.02392 0.014237 0.00863 0.005284 0.003279 0.001994 0.001173 0.000683 0.000407 0.000235 0.000126 
1 0.900675 0.71968 0.503045 0.320649 0.195415 0.116501 0.068929 0.040575 0.023844 0.01381 0.008037 0.004667 0.002691 0.001574 0.000913 0.000529 0.000316 0.000193 0.000119 
1 0.900032 0.71778 0.500197 0.317625 0.192625 0.114754 0.06784 0.039837 0.023273 0.013703 0.008215 0.004949 0.003057 0.001929 0.001192 0.00072 0.000454 0.000292 0.000183 
1 0.900275 0.719534 0.502089 0.318185 0.192418 0.114515 0.067533 0.039809 0.023658 0.013937 0.008169 0.004827 0.002839 0.001703 0.00099 0.000535 0.000283 0.000154 6.7e-05 
1 0.900186 0.718725 0.502036 0.318553 0.192444 0.1137 0.067183 0.039699 0.023623 0.014201 0.00847 0.005136 0.003165 0.001989 0.001302 0.000846 0.000547 0.000327 0.000211 
1 0.899934 0.718508 0.502477 0.319963 0.195456 0.117883 0.070567 0.04221 0.025096 0.015047 0.009001 0.005305 0.003098 0.001807 0.001062 0.000607 0.000371 0.000232 0.000143 
1 0.899814 0.718131 0.502192 0.320058 0.194656 0.116579 0.069186 0.040966 0.024105 0.014304 0.008635 0.005167 0.003016 0.001719 0.000978 0.00056 0.000313 0.000177 7.6e-05 
1 0.900682 0.718358 0.499913 0.3167 0.191395 0.113688 0.066961 0.039246 0.023129 0.013683 0.008082 0.004806 0.003007 0.001911 0.001206 0.000757 0.000493 0.000326 0.000228 
1 0.900531 0.719607 0.502536 0.319952 0.19477 0.116102 0.068722 0.040531 0.024185 0.014342 0.008816 0.0054 0.003351 0.002121 0.001364 0.000888 0.000553 0.000332 0.000177 
1 0.900613 0.719978 0.504549 0.322424 0.196993 0.118203 0.070251 0.041667 0.024851 0.014649 0.008775 0.005233 0.003152 0.001858 0.001047 0.000599 0.000354 0.000199 0.000108 
1 0.89952 0.717584 0.499931 0.317996 0.193135 0.11525 0.068519 0.040722 0.023991 0.014075 0.008403 0.004998 0.002969 0.001763 0.001073 0.000651 0.000426 0.000252 0.000151 
1 0.900727 0.720564 0.505533 0.322677 0.197534 0.118404 0.070686 0.042336 0.025244 0.014885 0.008671 0.005036 0.002923 0.001669 0.000897 0.000489 0.000316 0.000185 9.7e-05 
1 0.899717 0.718274 0.500927 0.317744 0.193073 0.11481 0.067697 0.039958 0.02371 0.013993 0.008383 0.005097 0.003023 0.001793 0.001086 0.000692 0.000432 0.000292 0.000171 
1 0.89964 0.718263 0.501305 0.31862 0.193421 0.115586 0.068894 0.040782 0.024099 0.014283 0.008421 0.005125 0.003105 0.001771 0.001024 0.000617 0.000353 0.00021 0.000122 
1 0.900116 0.71837 0.500688 0.318747 0.193682 0.115319 0.068071 0.039801 0.023272 0.013427 0.007738 0.004314 0.002393 0.001323 0.000738 0.00042 0.000197 8e-05 2.5e-05 
1 0.900036 0.719565 0.504147 0.321361 0.195835 0.11732 0.069629 0.041037 0.024337 0.014353 0.008367 0.004814 0.002648 0.001524 0.000852 0.000509 0.000303 0.000192 0.000104 
1 0.900077 0.718874 0.502223 0.319669 0.194177 0.115673 0.068299 0.040362 0.023829 0.01417 0.008419 0.005071 0.003085 0.001941 0.001179 0.000745 0.000469 0.000295 0.000184 
1 0.899132 0.716919 0.499785 0.318228 0.193512 0.115308 0.068374 0.040607 0.023966 0.014231 0.008441 0.004918 0.002838 0.001603 0.000887 0.000482 0.000294 0.000205 0.000122 
1 0.89938 0.717162 0.499803 0.317501 0.192427 0.114768 0.067922 0.040114 0.02374 0.01415 0.008317 0.004998 0.003 0.001796 0.001036 0.000563 0.000303 0.000125 5e-05 
1 0.899946 0.718288 0.501849 0.319623 0.194779 0.116917 0.069792 0.041946 0.025105 0.014841 0.008739 0.005186 0.003069 0.001884 0.00117 0.000754 0.00051 0.000346 0.000219 
1 0.901084 0.72092 0.504956 0.323691 0.19832 0.119767 0.071867 0.04322 0.025669 0.015194 0.009017 0.005377 0.003186 0.001827 0.001067 0.000639 0.000418 0.000261 0.000171 
1 0.900113 0.718866 0.502464 0.32092 0.194997 0.115862 0.067743 0.039072 0.022481 0.012824 0.007285 0.004179 0.00244 0.001471 0.00085 0.000469 0.000298 0.000162 8.4e-05 
1 0.899331 0.717273 0.500601 0.318072 0.194054 0.115691 0.068158 0.040199 0.023753 0.014113 0.008264 0.004915 0.002884 0.00168 0.00097 0.000544 0.000301 0.000162 7.5e-05 
1 0.900106 0.718759 0.50196 0.319294 0.193462 0.114836 0.067779 0.039852 0.023211 0.013575 0.007939 0.004686 0.002764 0.00162 0.000937 0.000543 0.000346 0.000218 0.000137 
1 0.900724 0.719869 0.503867 0.321673 0.195689 0.116697 0.069288 0.040978 0.024413 0.014602 0.008762 0.005296 0.003177 0.001943 0.001103 0.000606 0.0003 0.000154 8.1e-05 
1 0.900416 0.719834 0.502491 0.319513 0.194119 0.116001 0.068538 0.04065 0.023883 0.014113 0.008232 0.004859 0.002881 0.001633 0.000921 0.000511 0.00027 0.000147 7.4e-05 
1 0.900487 0.719175 0.502756 0.320313 0.194764 0.116741 0.069248 0.040827 0.024189 0.014227 0.008492 0.005229 0.003201 0.001977 0.001207 0.000728 0.000407 0.0002 9.2e-05 
1 0.899937 0.718914 0.503124 0.3208 0.195742 0.116995 0.070048 0.041588 0.024701 0.014502 0.008508 0.004959 0.002856 0.001648 0.000946 0.000522 0.000274 0.000123 5.6e-05 
1 0.900236 0.719038 0.502637 0.320585 0.195254 0.116545 0.069457 0.04111 0.024411 0.014434 0.008602 0.005088 0.002942 0.001711 0.000975 0.00053 0.000303 0.000174 0.0001 
1 0.90051 0.718122 0.501078 0.318891 0.193415 0.114505 0.06731 0.039633 0.023481 0.013823 0.008094 0.004717 0.002719 0.001608 0.000955 0.000574 0.000366 0.00025 0.000162 
1 0.899482 0.717858 0.500831 0.318467 0.192437 0.114352 0.066916 0.039325 0.023357 0.014079 0.008576 0.005365 0.00337 0.002172 0.00137 0.000896 0.000619 0.00045 0.000292 
1 0.90042 0.718046 0.502317 0.319175 0.193021 0.115008 0.068393 0.040686 0.024084 0.014328 0.00867 0.005178 0.003137 0.001881 0.001156 0.000717 0.000431 0.000242 0.000141 
1 0.900691 0.719626 0.503393 0.321945 0.1974 0.118965 0.070776 0.041764 0.024501 0.014251 0.008391 0.004923 0.00288 0.001684 0.000927 0.000475 0.000224 9.6e-05 4.9e-05 
1 0.900956 0.7205 0.504172 0.322964 0.196711 0.117179 0.069337 0.041031 0.024225 0.014365 0.008681 0.005282 0.003183 0.001902 0.001165 0.000749 0.000476 0.000292 0.000188 
1 0.900368 0.719592 0.503344 0.320489 0.195345 0.116706 0.069156 0.04057 0.023965 0.01404 0.008159 0.004761 0.002887 0.001791 0.001067 0.000649 0.000429 0.000266 0.000177 
1 0.89912 0.716151 0.498803 0.316813 0.192063 0.11386 0.067133 0.039366 0.023076 0.013313 0.007754 0.004574 0.002677 0.001566 0.000873 0.000462 0.000248 0.000118 5.2e-05 
1 0.899776 0.718426 0.502287 0.319036 0.194432 0.115769 0.068413 0.040221 0.023411 0.01361 0.007941 0.004718 0.002762 0.001596 0.000959 0.000621 0.0004 0.000229 0.000125 
1 0.900201 0.720185 0.50447 0.322156 0.196456 0.117616 0.069761 0.04151 0.024836 0.014639 0.008627 0.004976 0.002861 0.001667 0.000997 0.000626 0.000406 0.000257 0.000152 
1 0.899864 0.717922 0.502127 0.320355 0.195738 0.117557 0.069832 0.041499 0.024501 0.014419 0.008409 0.004841 0.002775 0.001568 0.000944 0.000581 0.000378 0.000252 0.000153 
1 0.899261 0.717658 0.500944 0.318252 0.193163 0.115726 0.068402 0.040602 0.023881 0.013879 0.00797 0.004575 0.002541 0.001365 0.000632 0.000278 0.000117 5.2e-05 1.9e-05 
1 0.900534 0.720023 0.503146 0.320595 0.194898 0.116906 0.06979 0.041763 0.025223 0.01514 0.009039 0.005333 0.003245 0.001929 0.001129 0.000646 0.00035 0.000223 0.000135 
1 0.899836 0.719903 0.50359 0.320911 0.195644 0.117661 0.070224 0.041893 0.025017 0.014919 0.008725 0.005178 0.003103 0.001916 0.001185 0.000738 0.000455 0.000266 0.000152 
1 0.899407 0.717748 0.500708 0.31892 0.195079 0.117733 0.070363 0.042031 0.024962 0.014686 0.008545 0.004965 0.002929 0.001699 0.00098 0.000598 0.000365 0.000209 0.000132 
1 0.89971 0.718338 0.502059 0.319932 0.195038 0.117162 0.069669 0.041382 0.024323 0.014217 0.008315 0.005033 0.003112 0.001946 0.00121 0.000775 0.000509 0.00033 0.000198 
1 0.9003 0.71907 0.501783 0.318998 0.194046 0.115674 0.068622 0.040096 0.023452 0.013709 0.007938 0.004548 0.002536 0.001377 0.000696 0.000318 0.000143 5.6e-05 2.1e-05 
1 0.900854 0.720426 0.504686 0.323306 0.19779 0.118912 0.071125 0.04251 0.025295 0.015185 0.009192 0.00563 0.003389 0.002064 0.001258 0.000776 0.00049 0.000349 0.000286 
1 0.900272 0.719219 0.503602 0.321769 0.196489 0.118 0.070246 0.041822 0.02481 0.014856 0.008754 0.005119 0.003018 0.001811 0.001051 0.000574 0.000295 0.000146 7e-05 
1 0.899313 0.717468 0.500208 0.317828 0.193252 0.115205 0.067692 0.039392 0.022757 0.013039 0.007287 0.004214 0.002448 0.001411 0.000806 0.000476 0.000284 0.000156 8.8e-05 
1 0.899934 0.71773 0.498618 0.315672 0.191116 0.113691 0.066689 0.038715 0.022503 0.012969 0.007439 0.004305 0.00246 0.001369 0.000747 0.000383 0.000201 9.8e-05 5.5e-05 
1 0.900811 0.719537 0.502409 0.320138 0.195183 0.116403 0.068532 0.039927 0.0234 0.013666 0.007922 0.004504 0.002526 0.001423 0.000749 0.000382 0.000179 0.0001 6.7e-05 
1 0.900199 0.718581 0.501912 0.319834 0.195175 0.117026 0.069711 0.041101 0.024325 0.014308 0.008289 0.004865 0.002876 0.001745 0.001101 0.000738 0.000501 0.000361 0.000262 
1 0.89923 0.717647 0.501444 0.319457 0.194084 0.115378 0.067919 0.039534 0.022955 0.013348 0.007594 0.004299 0.002353 0.001267 0.000619 0.000311 0.000148 8.5e-05 4.9e-05 
1 0.900358 0.718832 0.501688 0.318647 0.193032 0.114738 0.06785 0.039996 0.023734 0.013658 0.007892 0.004472 0.002452 0.001335 0.00071 0.000388 0.00022 0.000122 6.1e-05 
1 0.901032 0.720707 0.505823 0.324637 0.199681 0.121274 0.072791 0.043619 0.025908 0.015469 0.009196 0.005441 0.003216 0.001902 0.001048 0.000551 0.000288 0.000159 9.5e-05 
1 0.899667 0.718001 0.500065 0.316854 0.191682 0.114084 0.066981 0.039101 0.022922 0.013438 0.007887 0.004628 0.002682 0.00157 0.000952 0.000559 0.000312 0.000191 0.00011 
1 0.899723 0.717782 0.501604 0.318728 0.193334 0.115129 0.068016 0.040319 0.023796 0.01418 0.008606 0.005272 0.003301 0.002091 0.001291 0.000795 0.000463 0.000235 0.000125 
1 0.89897 0.717171 0.50031 0.317801 0.19333 0.115433 0.068468 0.040288 0.023621 0.013889 0.008122 0.004828 0.002903 0.001759 0.001044 0.000595 0.00031 0.000152 8.4e-05 
1 0.900133 0.719881 0.503243 0.320259 0.194192 0.115373 0.068224 0.040411 0.024046 0.014481 0.008769 0.005346 0.003319 0.002123 0.001387 0.000917 0.000628 0.000441 0.000332 
1 0.899824 0.718541 0.501949 0.318424 0.193003 0.11451 0.06722 0.039398 0.023235 0.013501 0.007993 0.004639 0.002557 0.001344 0.000786 0.000462 0.000242 0.000141 7.7e-05 
1 0.900709 0.720122 0.503512 0.322065 0.197115 0.119104 0.071614 0.043065 0.02589 0.015573 0.009286 0.005454 0.003238 0.001944 0.001144 0.000669 0.000387 0.000211 0.00012 
1 0.900048 0.718925 0.503025 0.320715 0.195065 0.1162 0.06886 0.040472 0.023752 0.01411 0.008389 0.004984 0.003037 0.001909 0.001217 0.000841 0.000607 0.000456 0.000337 
1 0.899456 0.718312 0.501243 0.318838 0.195569 0.117881 0.071174 0.042924 0.025803 0.015478 0.009175 0.00538 0.003108 0.001696 0.000891 0.000466 0.000268 0.000144 6.7e-05 
1 0.899733 0.718725 0.502705 0.320972 0.195774 0.11757 0.07031 0.04226 0.025079 0.014696 0.008544 0.004912 0.002829 0.001578 0.000904 0.0005 0.000251 0.000123 5.4e-05 
1 0.901219 0.720849 0.506218 0.324302 0.198623 0.119548 0.071398 0.042306 0.025325 0.015034 0.008822 0.005172 0.003083 0.001845 0.001078 0.00066 0.000408 0.000248 0.000144 
1 0.900306 0.719443 0.502029 0.319784 0.19435 0.115469 0.067636 0.039199 0.022567 0.01275 0.007256 0.004194 0.002376 0.001353 0.000749 0.000444 0.000289 0.000206 0.000152 
1 0.899878 0.718452 0.501881 0.319195 0.193842 0.115695 0.068994 0.041071 0.024474 0.01484 0.008944 0.005342 0.003123 0.001788 0.001054 0.000619 0.000355 0.000212 0.000111 
1 0.900192 0.718809 0.502599 0.32011 0.194585 0.115338 0.068062 0.040143 0.023689 0.014024 0.008644 0.00528 0.003173 0.001952 0.00121 0.000724 0.000431 0.000261 0.000167 
1 0.899461 0.7177 0.50063 0.31885 0.193778 0.116284 0.069011 0.040812 0.024143 0.014312 0.008502 0.005013 0.002978 0.001832 0.001051 0.000582 0.000321 0.000149 5.8e-05 
1 0.900217 0.719888 0.504251 0.321719 0.19646 0.117383 0.069732 0.04154 0.024915 0.015177 0.009169 0.005449 0.003222 0.00194 0.001198 0.000728 0.00043 0.000237 0.000136 
1 0.900856 0.719907 0.503824 0.321574 0.19563 0.116827 0.069417 0.041068 0.024439 0.014681 0.008784 0.00542 0.003408 0.002118 0.001264 0.000739 0.000431 0.000262 0.000132 
1 0.901003 0.720294 0.503188 0.32112 0.195844 0.117429 0.069783 0.041197 0.024216 0.014212 0.008369 0.004982 0.00303 0.001876 0.001142 0.000751 0.00053 0.000393 0.000282 
1 0.900407 0.718927 0.502036 0.319032 0.191739 0.113282 0.066328 0.038875 0.022676 0.013138 0.007658 0.004452 0.002487 0.001325 0.000685 0.000367 0.000174 9.3e-05 6.1e-05 
1 0.900472 0.719307 0.503268 0.320721 0.195003 0.116223 0.068763 0.040414 0.024074 0.014195 0.008337 0.004831 0.002799 0.001576 0.000879 0.000503 0.000292 0.000171 9.5e-05 
1 0.900043 0.718868 0.503786 0.322158 0.196633 0.11838 0.070701 0.042116 0.025195 0.015157 0.009172 0.005456 0.003178 0.001932 0.001146 0.00068 0.000366 0.000205 0.000123 
1 0.899884 0.718642 0.502158 0.319531 0.194161 0.116242 0.069368 0.041233 0.024374 0.01427 0.008315 0.004859 0.002836 0.00165 0.000938 0.000475 0.000248 0.000128 5.9e-05 
1 0.900454 0.719646 0.5026 0.321165 0.196279 0.118075 0.070427 0.041628 0.024757 0.01458 0.008606 0.005133 0.00303 0.001818 0.001147 0.000704 0.000398 0.000214 9.9e-05 
1 0.899268 0.71819 0.501476 0.319297 0.193903 0.115693 0.068456 0.040678 0.02419 0.01446 0.008701 0.005319 0.003227 0.001919 0.00112 0.000657 0.000393 0.000249 0.000156 
1 0.899517 0.717114 0.499766 0.316649 0.191128 0.112809 0.066307 0.03895 0.022667 0.013061 0.007582 0.004326 0.002461 0.001451 0.000828 0.000478 0.000276 0.000166 8.8e-05 
1 0.900589 0.720787 0.504655 0.321759 0.196076 0.117451 0.069881 0.041455 0.02451 0.014639 0.008679 0.005227 0.00315 0.001903 0.001142 0.000609 0.00033 0.000189 8e-05 
1 0.900554 0.718898 0.50259 0.319897 0.19402 0.115034 0.067626 0.03935 0.022838 0.013129 0.007576 0.004385 0.002418 0.001279 0.000668 0.000344 0.00017 9.7e-05 6.6e-05 
1 0.900144 0.719013 0.503085 0.321475 0.196225 0.11797 0.070586 0.042446 0.02565 0.015444 0.009354 0.005743 0.003529 0.002227 0.001413 0.000857 0.000502 0.000307 0.000182 
1 0.899454 0.716659 0.499316 0.316505 0.191683 0.114165 0.067285 0.039828 0.023539 0.013962 0.008173 0.004825 0.002861 0.001655 0.000964 0.00058 0.000307 0.000191 0.000117 
1 0.899631 0.718446 0.501383 0.319147 0.193826 0.116003 0.068965 0.040958 0.024592 0.014929 0.00912 0.00539 0.003126 0.001797 0.001025 0.000575 0.000332 0.000181 0.00011 
1 0.899904 0.717718 0.500656 0.318305 0.193019 0.114949 0.067722 0.040012 0.02349 0.013797 0.008048 0.004723 0.002809 0.001669 0.000967 0.00054 0.000307 0.000179 0.000105 
1 0.899908 0.717582 0.50025 0.317872 0.193378 0.115369 0.068389 0.040287 0.024004 0.014537 0.009059 0.005648 0.003568 0.002186 0.001353 0.000868 0.000565 0.000392 0.000265 
1 0.899456 0.718574 0.502829 0.320673 0.196032 0.116888 0.069423 0.041255 0.0243 0.014412 0.008716 0.005388 0.003296 0.00198 0.001151 0.00071 0.000423 0.000254 0.000133 
1 0.900094 0.718845 0.502056 0.319331 0.193668 0.115247 0.068036 0.040097 0.023633 0.013843 0.008113 0.00488 0.002898 0.001698 0.000989 0.000558 0.000299 0.000183 0.000111 
1 0.899766 0.717979 0.500297 0.31708 0.191033 0.112909 0.066111 0.038628 0.022467 0.013161 0.007684 0.004484 0.002602 0.001458 0.000756 0.000395 0.000192 9e-05 3.9e-05 
1 0.899316 0.717711 0.49987 0.318398 0.193066 0.11501 0.068388 0.040251 0.023473 0.013704 0.007943 0.004457 0.002547 0.001386 0.000755 0.000399 0.000217 0.000124 8.7e-05 
1 0.899959 0.718655 0.502042 0.319602 0.194604 0.116123 0.068468 0.040285 0.02398 0.014248 0.008561 0.005111 0.003067 0.001873 0.00121 0.00079 0.0005 0.000325 0.000195 
1 0.900128 0.718591 0.501379 0.319408 0.19388 0.115084 0.068178 0.039956 0.023398 0.01378 0.008042 0.004725 0.002853 0.001717 0.001067 0.000668 0.00044 0.000258 0.000166 
1 0.900016 0.719349 0.502648 0.320481 0.195068 0.116947 0.069324 0.041208 0.02453 0.014677 0.00873 0.005374 0.003438 0.002187 0.001426 0.000972 0.000685 0.000497 0.00036 
1 0.900264 0.720053 0.503838 0.322008 0.196436 0.117938 0.069974 0.041527 0.024576 0.014706 0.008819 0.005372 0.003222 0.001986 0.001168 0.000634 0.000345 0.000196 0.000115 
1 0.899378 0.717141 0.499686 0.317011 0.191729 0.11278 0.066052 0.038567 0.022569 0.013147 0.007622 0.004474 0.002594 0.001438 0.000773 0.000417 0.000235 0.000124 7.5e-05 
1 0.899275 0.717111 0.50033 0.318819 0.19387 0.115526 0.068007 0.039833 0.02299 0.013274 0.0077 0.004506 0.002583 0.001513 0.000855 0.000534 0.00032 0.00018 0.000101 
1 0.900125 0.718338 0.501869 0.318789 0.193734 0.115119 0.068201 0.040474 0.024052 0.014341 0.008441 0.004988 0.002943 0.001667 0.000924 0.000512 0.00026 0.000136 6.8e-05 
1 0.900098 0.718844 0.502222 0.320016 0.194465 0.116156 0.069087 0.040899 0.024378 0.014667 0.008859 0.005341 0.00322 0.001949 0.001209 0.000665 0.000332 0.000176 7.6e-05 
1 0.900246 0.719138 0.502528 0.319427 0.194229 0.115555 0.06833 0.040045 0.02348 0.013793 0.008048 0.004776 0.002854 0.001638 0.000976 0.000626 0.000406 0.00025 0.000156 
1 0.900103 0.718158 0.501183 0.318327 0.19286 0.114535 0.067429 0.039659 0.023206 0.01348 0.007809 0.004424 0.002437 0.00144 0.000771 0.000434 0.000241 0.000136 6.9e-05 
1 0.899521 0.717075 0.499435 0.316211 0.191096 0.113606 0.066954 0.039491 0.023311 0.013774 0.007964 0.004511 0.002644 0.001482 0.000833 0.000462 0.000237 0.000115 5e-05 
1 0.899848 0.718151 0.500736 0.318228 0.193165 0.114531 0.067897 0.040237 0.023915 0.01445 0.008638 0.005141 0.003083 0.001869 0.001125 0.000685 0.000406 0.000237 0.000148 
1 0.899721 0.71931 0.502601 0.319951 0.194881 0.116841 0.06912 0.040737 0.023912 0.013809 0.008023 0.004648 0.002759 0.001668 0.00099 0.000576 0.000326 0.000178 8.3e-05 
1 0.899479 0.717867 0.501819 0.320146 0.195515 0.116665 0.0694 0.041097 0.024502 0.014572 0.008665 0.00509 0.002891 0.001678 0.000963 0.000546 0.000284 0.000159 9.6e-05 
1 0.90032 0.719157 0.502465 0.319916 0.194195 0.116287 0.069266 0.041169 0.024601 0.01476 0.008756 0.005135 0.002992 0.001706 0.000882 0.000452 0.000206 9.6e-05 4.9e-05 
1 0.899972 0.718294 0.501028 0.318346 0.192886 0.113836 0.066671 0.038767 0.022646 0.013418 0.007947 0.004706 0.002727 0.001608 0.000933 0.000554 0.000296 0.000155 7.4e-05 
1 0.900313 0.719004 0.502547 0.321031 0.195366 0.117157 0.069624 0.041357 0.024482 0.014447 0.008463 0.004909 0.002953 0.00175 0.001049 0.000665 0.000402 0.000251 0.000154 
1 0.900073 0.720243 0.505562 0.323751 0.197402 0.118119 0.070375 0.042026 0.025167 0.015074 0.009127 0.005521 0.003293 0.002004 0.001218 0.000707 0.000383 0.000213 0.000107 
1 0.899818 0.718361 0.502603 0.320492 0.196135 0.117546 0.070489 0.042256 0.025738 0.015533 0.009344 0.005696 0.003515 0.002212 0.001369 0.000786 0.000444 0.000257 0.000139 
1 0.900362 0.719251 0.502799 0.320872 0.195146 0.116856 0.069249 0.041162 0.024572 0.014767 0.009015 0.00541 0.003271 0.001938 0.001164 0.000721 0.000469 0.000305 0.000195 
1 0.900003 0.718458 0.501159 0.319411 0.195007 0.116644 0.069432 0.041614 0.024756 0.014913 0.009068 0.005351 0.002986 0.001707 0.000944 0.00052 0.000284 0.00016 8e-05 
1 0.89908 0.716681 0.499477 0.317479 0.192395 0.114062 0.067203 0.039597 0.02345 0.013845 0.008284 0.004918 0.003008 0.001856 0.001068 0.000628 0.000394 0.000248 0.000158 
1 0.900288 0.719665 0.503567 0.321995 0.196696 0.117892 0.070227 0.041683 0.024895 0.014748 0.00885 0.005212 0.003161 0.001807 0.001073 0.000615 0.000321 0.000152 8.1e-05 
1 0.900459 0.719087 0.501961 0.320027 0.193865 0.114944 0.067748 0.040066 0.023582 0.013811 0.008038 0.004738 0.002697 0.0015 0.000856 0.000499 0.000282 0.000164 0.000107 
1 0.899301 0.716872 0.498771 0.316363 0.190911 0.113464 0.067392 0.039842 0.0235 0.014063 0.008523 0.004993 0.00285 0.00159 0.000916 0.000532 0.0003 0.000156 6.3e-05 
1 0.899691 0.718679 0.502591 0.320574 0.195345 0.116735 0.069328 0.041122 0.024494 0.014655 0.008639 0.005046 0.002943 0.001695 0.001018 0.000634 0.000413 0.000261 0.000157 
1 0.900624 0.72017 0.504868 0.324148 0.199696 0.120534 0.072389 0.043285 0.025898 0.015675 0.009496 0.005828 0.003628 0.002268 0.001424 0.000953 0.000621 0.000397 0.000239 
1 0.899852 0.717912 0.501528 0.31926 0.194081 0.116214 0.06909 0.041239 0.02464 0.014604 0.008704 0.005066 0.002944 0.001681 0.000937 0.000531 0.000307 0.000181 0.000108 
1 0.899404 0.717881 0.501318 0.318582 0.193384 0.115575 0.068594 0.040212 0.023245 0.01351 0.007857 0.00455 0.002586 0.00146 0.000832 0.00047 0.000271 0.000142 7e-05 
1 0.899758 0.718485 0.502472 0.320172 0.195549 0.117405 0.06944 0.040791 0.023908 0.013836 0.00797 0.004585 0.002676 0.00151 0.000853 0.000511 0.000288 0.000171 8.2e-05 
1 0.901231 0.720244 0.503729 0.32144 0.195512 0.116516 0.068728 0.040892 0.024463 0.014779 0.009069 0.005558 0.003484 0.002165 0.001305 0.00077 0.000479 0.000272 0.000152 
1 0.899964 0.718748 0.501688 0.319292 0.194764 0.116474 0.06979 0.042197 0.025441 0.015449 0.009426 0.005734 0.003426 0.00211 0.0013 0.00077 0.000467 0.000278 0.000153 
1 0.899873 0.71768 0.50049 0.317957 0.192699 0.114229 0.067231 0.039715 0.023472 0.014008 0.008351 0.004992 0.003066 0.001902 0.001199 0.000755 0.000492 0.00034 0.000248 
1 0.899511 0.717983 0.500285 0.318249 0.193066 0.114233 0.066608 0.038975 0.022748 0.013361 0.007921 0.004728 0.002739 0.001527 0.000816 0.00046 0.000261 0.000151 9.9e-05 
1 0.899469 0.717433 0.499995 0.317649 0.192655 0.114682 0.067061 0.039165 0.022943 0.01325 0.007655 0.004385 0.00243 0.001329 0.000707 0.000359 0.000179 8.7e-05 4.4e-05 
1 0.900195 0.719439 0.502991 0.319403 0.193005 0.114271 0.067473 0.039533 0.023022 0.013281 0.007606 0.004374 0.002574 0.001473 0.000843 0.000489 0.000272 0.000146 7.7e-05 
1 0.899118 0.716469 0.498669 0.31518 0.189457 0.111858 0.0659 0.038584 0.022591 0.013203 0.00792 0.004551 0.002603 0.001514 0.000876 0.000469 0.000248 0.000109 5.1e-05 
1 0.899986 0.718379 0.501037 0.319426 0.194024 0.115499 0.068109 0.03992 0.023374 0.013652 0.007988 0.004568 0.002573 0.001499 0.000821 0.00043 0.000213 8.7e-05 3.9e-05 
1 0.899878 0.718469 0.503007 0.321453 0.196175 0.117773 0.069981 0.041717 0.02473 0.014584 0.008308 0.004802 0.002763 0.001519 0.000817 0.000387 0.000183 9.7e-05 4.4e-05 
1 0.899788 0.718343 0.502004 0.31869 0.194122 0.115758 0.067895 0.039755 0.023432 0.013854 0.008081 0.00483 0.002883 0.001744 0.001063 0.000683 0.000445 0.000276 0.000175 
1 0.900762 0.719794 0.503686 0.322018 0.196592 0.117945 0.070703 0.042316 0.025368 0.015152 0.00903 0.005345 0.003151 0.001839 0.001113 0.000685 0.000442 0.000285 0.00019 
1 0.899959 0.717906 0.50025 0.317204 0.191611 0.113519 0.066831 0.039093 0.02311 0.013459 0.007875 0.004605 0.002705 0.001589 0.000883 0.000488 0.000253 0.000128 5.9e-05 
1 0.900515 0.71987 0.503882 0.321804 0.197025 0.117985 0.070412 0.042366 0.025232 0.014982 0.008785 0.005121 0.00292 0.001575 0.000838 0.000468 0.000256 0.000141 8.4e-05 
1 0.900304 0.718977 0.503327 0.321026 0.195769 0.117246 0.069791 0.041538 0.024956 0.014888 0.008993 0.005286 0.003089 0.001765 0.001055 0.000656 0.000436 0.00029 0.000198 
1 0.899411 0.718331 0.503261 0.321574 0.196368 0.117851 0.069915 0.041485 0.024498 0.01458 0.008508 0.005009 0.002927 0.001715 0.000945 0.000493 0.000253 0.000125 5.7e-05 
1 0.900172 0.718818 0.502236 0.319274 0.194071 0.115471 0.068404 0.040474 0.024023 0.014378 0.008633 0.005274 0.00317 0.001905 0.001219 0.000767 0.000469 0.000292 0.000187 
1 0.899753 0.718263 0.501243 0.319863 0.195353 0.117492 0.070134 0.041727 0.024909 0.014738 0.008807 0.005424 0.003375 0.002173 0.001458 0.000995 0.000697 0.000504 0.000334 
1 0.899147 0.717206 0.499797 0.317616 0.193135 0.11537 0.068579 0.040759 0.024361 0.014383 0.008559 0.005 0.002904 0.001709 0.001035 0.000638 0.000401 0.000242 0.000164 
1 0.900132 0.719177 0.502923 0.319984 0.194711 0.116599 0.069216 0.041124 0.024369 0.014665 0.008794 0.005259 0.003262 0.002017 0.001254 0.000787 0.000515 0.000337 0.000219 
1 0.899523 0.718393 0.500693 0.317805 0.1924 0.113921 0.067211 0.039612 0.023289 0.013877 0.008259 0.004951 0.002986 0.001825 0.001141 0.000683 0.000383 0.00021 0.000124 
1 0.900644 0.719222 0.503116 0.320908 0.195878 0.11801 0.070227 0.041938 0.025146 0.01528 0.00923 0.005661 0.003437 0.002075 0.001251 0.000796 0.000497 0.000284 0.000167 
1 0.899887 0.718826 0.502723 0.320557 0.195141 0.116323 0.069476 0.041568 0.025242 0.015368 0.009155 0.005614 0.003388 0.001967 0.001193 0.000697 0.000384 0.000228 0.000119 
1 0.899998 0.718284 0.501936 0.320322 0.194332 0.115422 0.067978 0.040001 0.023667 0.013936 0.008192 0.004858 0.002808 0.001563 0.000794 0.000434 0.000218 0.000111 4.8e-05 
1 0.899614 0.718412 0.502083 0.320582 0.19594 0.117176 0.070076 0.041634 0.024854 0.014904 0.008911 0.005315 0.0031 0.00186 0.001113 0.000664 0.000414 0.000233 0.00012 
1 0.899144 0.71804 0.502038 0.320134 0.194845 0.116425 0.068744 0.040695 0.024064 0.014244 0.008477 0.004906 0.0028 0.001619 0.000948 0.00056 0.000325 0.000178 0.000101 
1 0.90013 0.71889 0.501441 0.319129 0.192947 0.115082 0.067948 0.040174 0.02365 0.013904 0.008101 0.004613 0.002526 0.001405 0.000742 0.000336 0.00016 7.6e-05 3.9e-05 
1 0.900508 0.720246 0.504473 0.321812 0.1967 0.117915 0.069723 0.041457 0.024584 0.014616 0.008514 0.00517 0.003171 0.001937 0.00121 0.000715 0.000413 0.000241 0.000122 
1 0.900095 0.719527 0.502952 0.321497 0.196463 0.117983 0.070565 0.042098 0.02496 0.014688 0.008608 0.004985 0.002868 0.001622 0.000929 0.000551 0.000304 0.000163 8.1e-05 
1 0.899547 0.717426 0.499793 0.317505 0.192413 0.114898 0.068104 0.040418 0.024052 0.014275 0.008539 0.00502 0.002995 0.001718 0.000969 0.00055 0.000319 0.000201 0.00012 
1 0.899795 0.718388 0.501921 0.319976 0.194955 0.116985 0.069113 0.040694 0.02406 0.014254 0.008424 0.004978 0.003052 0.001958 0.001315 0.000914 0.000619 0.000465 0.000343 
1 0.899669 0.717968 0.501414 0.319486 0.19376 0.115023 0.068269 0.040291 0.023729 0.013813 0.008116 0.004671 0.002718 0.001562 0.000838 0.00045 0.000234 0.000119 7.5e-05 
1 0.90159 0.721092 0.504758 0.322972 0.197979 0.118265 0.070311 0.041436 0.024376 0.014387 0.008437 0.004887 0.002826 0.001651 0.000948 0.000521 0.000285 0.00015 7.9e-05 
1 0.899619 0.716679 0.499464 0.317039 0.192292 0.114468 0.068076 0.040246 0.023819 0.014217 0.008502 0.005115 0.00309 0.001856 0.001092 0.000633 0.000382 0.000213 0.000117 
1 0.899803 0.718408 0.501885 0.319229 0.193029 0.115021 0.067986 0.039917 0.023468 0.013871 0.008399 0.005057 0.003073 0.001894 0.001169 0.000752 0.000475 0.00031 0.000199 
1 0.900765 0.720674 0.504798 0.323213 0.19804 0.119485 0.071718 0.042791 0.025209 0.014703 0.008629 0.004939 0.002755 0.001476 0.000811 0.000458 0.000287 0.0002 0.00013 
1 0.899561 0.717249 0.499656 0.31765 0.191896 0.113767 0.067171 0.039278 0.022755 0.013054 0.007433 0.004203 0.002353 0.001309 0.00073 0.000393 0.000215 0.000124 7.8e-05 
1 0.900305 0.71963 0.502759 0.321069 0.195806 0.117752 0.070042 0.04156 0.024531 0.014648 0.008861 0.005289 0.003177 0.001839 0.001048 0.000648 0.00042 0.000262 0.000165 
1 0.900311 0.719805 0.503708 0.321364 0.194901 0.116215 0.068727 0.040798 0.023981 0.013991 0.008158 0.004768 0.00283 0.001621 0.000911 0.000501 0.000274 0.00014 6.1e-05 
1 0.899755 0.719402 0.503735 0.321665 0.196659 0.117809 0.069657 0.041279 0.02438 0.014475 0.008606 0.005192 0.003079 0.001845 0.001099 0.000663 0.000369 0.000214 0.000116 
1 0.900046 0.718628 0.502753 0.320872 0.195895 0.117332 0.069374 0.041077 0.024242 0.014315 0.008492 0.005033 0.002954 0.001747 0.001037 0.000657 0.000431 0.000266 0.000176 
1 0.90026 0.719143 0.501477 0.319264 0.194084 0.115353 0.068049 0.040087 0.023413 0.013733 0.007883 0.004523 0.002641 0.001471 0.000831 0.000455 0.000228 0.000116 6.7e-05 
1 0.899999 0.718876 0.501487 0.319118 0.194494 0.116172 0.068787 0.040589 0.023953 0.014186 0.008385 0.00507 0.003185 0.00207 0.001373 0.000906 0.000596 0.00043 0.000284 
1 0.900013 0.719051 0.502254 0.320517 0.195402 0.116806 0.069016 0.04081 0.024189 0.01437 0.008678 0.00517 0.003208 0.001984 0.0012 0.000737 0.000482 0.00029 0.000169 
1 0.899963 0.719245 0.502471 0.31953 0.194616 0.116174 0.068897 0.040718 0.023998 0.014181 0.008269 0.004684 0.002624 0.001436 0.000721 0.000379 0.000226 0.000129 6.9e-05 
1 0.900003 0.718326 0.501368 0.318966 0.19412 0.116385 0.069284 0.041063 0.024337 0.014282 0.008388 0.004877 0.002737 0.001568 0.000835 0.000446 0.000231 0.000109 5.4e-05 
1 0.89996 0.717949 0.500404 0.317263 0.191655 0.113921 0.067426 0.040062 0.023701 0.014077 0.008424 0.005051 0.003065 0.001864 0.001152 0.000684 0.00045 0.000334 0.000253 
1 0.899865 0.718725 0.501384 0.31953 0.194595 0.115527 0.06857 0.040528 0.02396 0.013979 0.008109 0.004751 0.002715 0.001533 0.000819 0.00045 0.000245 0.000139 8.1e-05 
1 0.900408 0.719111 0.50191 0.319556 0.194677 0.116242 0.068972 0.041015 0.024171 0.014162 0.008117 0.004681 0.002795 0.001669 0.001016 0.000589 0.000331 0.000188 0.000122 
1 0.899742 0.717713 0.500345 0.317314 0.192824 0.115439 0.068525 0.040366 0.023816 0.013923 0.008105 0.004828 0.002811 0.001645 0.000986 0.00058 0.000336 0.000202 0.000131 
1 0.900112 0.719181 0.503224 0.321686 0.196976 0.118299 0.070374 0.041704 0.024715 0.014676 0.008663 0.004921 0.00269 0.001436 0.000768 0.000409 0.000225 0.000112 4.9e-05 
1 0.899572 0.716499 0.49866 0.316823 0.192344 0.113903 0.066586 0.038826 0.022811 0.013388 0.007779 0.004396 0.002526 0.001402 0.000782 0.000427 0.000256 0.000145 9e-05 
1 0.899878 0.718612 0.5015 0.319993 0.19515 0.117113 0.069549 0.041004 0.02415 0.014174 0.008207 0.004665 0.002495 0.001416 0.000799 0.000468 0.00029 0.00017 0.000112 
1 0.899592 0.719015 0.50293 0.320044 0.19495 0.116806 0.06952 0.04113 0.024409 0.014648 0.008939 0.005539 0.003412 0.002161 0.001368 0.000911 0.000568 0.000385 0.00024 
1 0.899513 0.717939 0.500193 0.317841 0.192151 0.113809 0.067282 0.039837 0.023474 0.013893 0.00812 0.004818 0.002816 0.001768 0.001099 0.000691 0.000427 0.000274 0.000173 
1 0.900325 0.719259 0.502905 0.320884 0.196828 0.118844 0.070826 0.042384 0.025435 0.01538 0.009283 0.005512 0.003319 0.002077 0.001309 0.000857 0.000577 0.000404 0.000275 
1 0.899433 0.716924 0.499319 0.317204 0.191256 0.113207 0.066608 0.039003 0.022852 0.013609 0.008017 0.004773 0.00287 0.001719 0.001043 0.000609 0.000377 0.000232 0.000152 
1 0.900142 0.718552 0.500389 0.318052 0.193802 0.115787 0.068587 0.040313 0.023861 0.01382 0.007998 0.004608 0.002662 0.001524 0.000798 0.000418 0.00025 0.000156 0.000118 
1 0.899542 0.71779 0.500951 0.318886 0.193585 0.115318 0.067911 0.040006 0.023452 0.01379 0.00809 0.00467 0.002763 0.001654 0.00094 0.000545 0.000284 0.000128 5.9e-05 
1 0.899342 0.71686 0.499252 0.316663 0.191209 0.113058 0.065836 0.03832 0.022155 0.012826 0.007223 0.004189 0.002421 0.001439 0.000785 0.00042 0.000212 9.4e-05 5.6e-05 
1 0.898998 0.716556 0.499163 0.316847 0.192458 0.114658 0.067931 0.040125 0.02382 0.014111 0.00856 0.00514 0.00309 0.001866 0.001137 0.00074 0.000482 0.000304 0.000186 
