1 0.700504 0.240128 0.027114 0.0013085 5.85e-05 2.5e-06 0 0 0 0 0 0 0 0 0 0 0 0 0 
1 0.70049 0.241938 0.027494 0.001323 3.75e-05 2e-06 0 0 0 0 0 0 0 0 0 0 0 0 0 
1 0.699697 0.240715 0.027351 0.0013025 4.65e-05 4e-06 0 0 0 0 0 0 0 0 0 0 0 0 0 
1 0.70005 0.241062 0.0270705 0.001292 3.45e-05 2.5e-06 0 0 0 0 0 0 0 0 0 0 0 0 0 
1 0.700244 0.241187 0.027476 0.001252 3.3e-05 0 0 0 0 0 0 0 0 0 0 0 0 0 0 
1 0.700548 0.241961 0.0274215 0.0013595 6.3e-05 3.5e-06 0 0 0 0 0 0 0 0 0 0 0 0 0 
1 0.700777 0.241362 0.027365 0.001336 4.7e-05 2.5e-06 0 0 0 0 0 0 0 0 0 0 0 0 0 
1 0.699747 0.240999 0.0275245 0.001369 4.5e-05 2.60685e-17 0 0 0 0 0 0 0 0 0 0 0 0 0 
1 0.700286 0.241422 0.0274475 0.0013045 4.85e-05 1e-06 0 0 0 0 0 0 0 0 0 0 0 0 0 
1 0.700073 0.240712 0.027231 0.001254 3.65e-05 0 0 0 0 0 0 0 0 0 0 0 0 0 0 
1 0.699195 0.24071 0.027594 0.001329 4.4e-05 1e-06 0 0 0 0 0 0 0 0 0 0 0 0 0 
1 0.700384 0.241008 0.026995 0.001254 3.65e-05 7.63903e-18 0 0 0 0 0 0 0 0 0 0 0 0 0 
1 0.699511 0.240298 0.027274 0.0013335 4.35e-05 5e-07 0 0 0 0 0 0 0 0 0 0 0 0 0 
1 0.700517 0.241579 0.027634 0.001278 3.8e-05 2.77556e-17 0 0 0 0 0 0 0 0 0 0 0 0 0 
1 0.700469 0.241461 0.0276 0.001323 5.35e-05 2e-06 0 0 0 0 0 0 0 0 0 0 0 0 0 
1 0.699582 0.241014 0.027294 0.00127 2.8e-05 0 0 0 0 0 0 0 0 0 0 0 0 0 0 
1 0.700324 0.240746 0.0271475 0.0012335 3.65e-05 5e-07 0 0 0 0 0 0 0 0 0 0 0 0 0 
1 0.699929 0.241021 0.02739 0.0013555 4.1e-05 2.5e-06 0 0 0 0 0 0 0 0 0 0 0 0 0 
1 0.700015 0.241231 0.0276615 0.001372 5.5e-05 1e-06 0 0 0 0 0 0 0 0 0 0 0 0 0 
1 0.700066 0.241063 0.0274205 0.001336 3.2e-05 5e-07 0 0 0 0 0 0 0 0 0 0 0 0 0 
1 0.699867 0.241392 0.0272425 0.001261 3.95e-05 3e-06 1.88304e-17 0 0 0 0 0 0 0 0 0 0 0 0 
1 0.700042 0.240376 0.027389 0.0012905 5.2e-05 4.5e-06 2e-06 0 0 0 0 0 0 0 0 0 0 0 0 
1 0.700123 0.241347 0.0275535 0.001284 3.2e-05 1.5e-06 0 0 0 0 0 0 0 0 0 0 0 0 0 
1 0.700383 0.241626 0.027425 0.0012565 3.5e-05 0 0 0 0 0 0 0 0 0 0 0 0 0 0 
1 0.700636 0.24199 0.0277065 0.0013485 4.15e-05 2e-06 0 0 0 0 0 0 0 0 0 0 0 0 0 
1 0.699581 0.240591 0.0271785 0.0012925 5.55e-05 8e-06 2e-06 0 0 0 0 0 0 0 0 0 0 0 0 
1 0.69952 0.241181 0.027655 0.0012275 3.75e-05 3e-06 0 0 0 0 0 0 0 0 0 0 0 0 0 
1 0.699946 0.241624 0.027766 0.0013565 4.2e-05 1.5e-06 0 0 0 0 0 0 0 0 0 0 0 0 0 
1 0.700263 0.242173 0.0278935 0.0013665 4e-05 5e-07 0 0 0 0 0 0 0 0 0 0 0 0 0 
1 0.700629 0.24192 0.027529 0.0013 3.85e-05 2.5e-06 0 0 0 0 0 0 0 0 0 0 0 0 0 
1 0.700076 0.241844 0.0272975 0.00128 3.8e-05 5e-07 0 0 0 0 0 0 0 0 0 0 0 0 0 
1 0.699803 0.240891 0.027145 0.001262 4.55e-05 3.5e-06 0 0 0 0 0 0 0 0 0 0 0 0 0 
1 0.700084 0.240915 0.027209 0.0012925 4.3e-05 4.5e-06 0 0 0 0 0 0 0 0 0 0 0 0 0 
1 0.700427 0.240657 0.0270325 0.001302 4.7e-05 5e-07 0 0 0 0 0 0 0 0 0 0 0 0 0 
1 0.700619 0.241076 0.0272085 0.0013085 4.6e-05 1e-06 0 0 0 0 0 0 0 0 0 0 0 0 0 
1 0.700142 0.241074 0.027305 0.0013135 4e-05 5e-07 0 0 0 0 0 0 0 0 0 0 0 0 0 
1 0.699725 0.240611 0.0272745 0.0013675 3.85e-05 5e-07 0 0 0 0 0 0 0 0 0 0 0 0 0 
1 0.699282 0.240119 0.0269145 0.0012575 4e-05 5e-07 0 0 0 0 0 0 0 0 0 0 0 0 0 
1 0.700447 0.241292 0.027592 0.0013365 3.8e-05 1e-06 0 0 0 0 0 0 0 0 0 0 0 0 0 
1 0.700199 0.241967 0.027556 0.0012835 4.4e-05 5e-07 0 0 0 0 0 0 0 0 0 0 0 0 0 
1 0.700265 0.241095 0.027442 0.001348 4.05e-05 2e-06 0 0 0 0 0 0 0 0 0 0 0 0 0 
1 0.700045 0.240428 0.02688 0.0011735 3.1e-05 5e-07 0 0 0 0 0 0 0 0 0 0 0 0 0 
1 0.699769 0.240947 0.027503 0.0013995 5.35e-05 1.5e-06 0 0 0 0 0 0 0 0 0 0 0 0 0 
1 0.700073 0.240838 0.027464 0.00128 2.8e-05 1.5e-06 0 0 0 0 0 0 0 0 0 0 0 0 0 
1 0.699702 0.240702 0.0272535 0.001245 3.15e-05 1e-06 0 0 0 0 0 0 0 0 0 0 0 0 0 
1 0.699627 0.241092 0.0272385 0.001353 5.35e-05 2.5e-06 0 0 0 0 0 0 0 0 0 0 0 0 0 
1 0.70078 0.241993 0.0279375 0.001376 4.35e-05 1.5e-06 0 0 0 0 0 0 0 0 0 0 0 0 0 
1 0.700061 0.240466 0.027048 0.00123 3.2e-05 5e-07 0 0 0 0 0 0 0 0 0 0 0 0 0 
1 0.699548 0.240976 0.027271 0.0013285 5.3e-05 2e-06 0 0 0 0 0 0 0 0 0 0 0 0 0 
1 0.70013 0.240872 0.027425 0.0013545 5.95e-05 0 0 0 0 0 0 0 0 0 0 0 0 0 0 
1 0.699682 0.24047 0.026963 0.0011895 2.85e-05 5e-07 0 0 0 0 0 0 0 0 0 0 0 0 0 
1 0.699933 0.241068 0.027315 0.001359 5.25e-05 1e-06 0 0 0 0 0 0 0 0 0 0 0 0 0 
1 0.700121 0.241075 0.0274205 0.0013165 4.6e-05 1e-06 0 0 0 0 0 0 0 0 0 0 0 0 0 
1 0.700301 0.242079 0.027498 0.00137 4.25e-05 5e-07 0 0 0 0 0 0 0 0 0 0 0 0 0 
1 0.700197 0.241767 0.0278845 0.001347 4.5e-05 1.5e-06 7.09183e-18 0 0 0 0 0 0 0 0 0 0 0 0 
1 0.699923 0.240728 0.02731 0.0012645 5.35e-05 3.5e-06 0 0 0 0 0 0 0 0 0 0 0 0 0 
1 0.700303 0.241683 0.0280045 0.0013595 5.7e-05 0 0 0 0 0 0 0 0 0 0 0 0 0 0 
1 0.699874 0.241439 0.0276395 0.0013415 3.95e-05 5e-07 0 0 0 0 0 0 0 0 0 0 0 0 0 
1 0.70019 0.240979 0.0274775 0.0013575 4.75e-05 2e-06 0 0 0 0 0 0 0 0 0 0 0 0 0 
1 0.699935 0.239951 0.027147 0.0012395 2.8e-05 0 0 0 0 0 0 0 0 0 0 0 0 0 0 
1 0.700458 0.24198 0.027659 0.0013845 5.7e-05 2.5e-06 0 0 0 0 0 0 0 0 0 0 0 0 0 
1 0.700395 0.241799 0.0278955 0.0013045 3.65e-05 0 0 0 0 0 0 0 0 0 0 0 0 0 0 
1 0.700086 0.240318 0.0270885 0.001282 4.75e-05 3e-06 0 0 0 0 0 0 0 0 0 0 0 0 0 
1 0.699751 0.240942 0.027438 0.0012505 3.95e-05 0 0 0 0 0 0 0 0 0 0 0 0 0 0 
1 0.699779 0.240892 0.0272915 0.0012835 4.35e-05 5e-07 0 0 0 0 0 0 0 0 0 0 0 0 0 
1 0.700594 0.241703 0.0278975 0.001352 3.9e-05 2e-06 0 0 0 0 0 0 0 0 0 0 0 0 0 
1 0.699667 0.240545 0.0273125 0.001298 3.2e-05 5e-07 0 0 0 0 0 0 0 0 0 0 0 0 0 
1 0.699831 0.241544 0.027431 0.0012685 3.45e-05 1e-06 0 0 0 0 0 0 0 0 0 0 0 0 0 
1 0.699667 0.24044 0.027452 0.001309 5.1e-05 4e-06 0 0 0 0 0 0 0 0 0 0 0 0 0 
1 0.700169 0.240896 0.0274825 0.0012465 2.8e-05 0 0 0 0 0 0 0 0 0 0 0 0 0 0 
1 0.700192 0.24112 0.0274155 0.0012665 4.45e-05 3e-06 0 0 0 0 0 0 0 0 0 0 0 0 0 
1 0.699994 0.241691 0.0276465 0.00137 5.85e-05 4.5e-06 0 0 0 0 0 0 0 0 0 0 0 0 0 
1 0.700377 0.241227 0.027459 0.0013145 4.25e-05 2.70936e-17 0 0 0 0 0 0 0 0 0 0 0 0 0 
1 0.701007 0.241652 0.027511 0.001311 4.6e-05 1.5e-06 0 0 0 0 0 0 0 0 0 0 0 0 0 
1 0.699295 0.240093 0.026792 0.0012795 4.35e-05 1e-06 0 0 0 0 0 0 0 0 0 0 0 0 0 
1 0.700103 0.241481 0.027259 0.001303 3.95e-05 4.5e-06 5e-07 0 0 0 0 0 0 0 0 0 0 0 0 
1 0.701114 0.24295 0.027982 0.001321 3.2e-05 1e-06 0 0 0 0 0 0 0 0 0 0 0 0 0 
1 0.700509 0.241845 0.0275085 0.001286 4.2e-05 5e-07 0 0 0 0 0 0 0 0 0 0 0 0 0 
1 0.700676 0.240691 0.0273755 0.001293 3.65e-05 5e-07 0 0 0 0 0 0 0 0 0 0 0 0 0 
1 0.699725 0.241257 0.027298 0.001293 4.75e-05 5e-07 0 0 0 0 0 0 0 0 0 0 0 0 0 
1 0.69972 0.240679 0.027382 0.0013745 4.75e-05 2e-06 0 0 0 0 0 0 0 0 0 0 0 0 0 
1 0.699663 0.240707 0.0272095 0.0013025 4.45e-05 0 0 0 0 0 0 0 0 0 0 0 0 0 0 
1 0.700514 0.241939 0.0276935 0.001374 5.35e-05 1.5e-06 0 0 0 0 0 0 0 0 0 0 0 0 0 
1 0.699734 0.241098 0.0271895 0.0012305 4e-05 3e-06 0 0 0 0 0 0 0 0 0 0 0 0 0 
1 0.699587 0.239775 0.0269695 0.001288 4.3e-05 5e-07 0 0 0 0 0 0 0 0 0 0 0 0 0 
1 0.69991 0.240613 0.027198 0.001283 4.1e-05 1e-06 0 0 0 0 0 0 0 0 0 0 0 0 0 
1 0.700439 0.241305 0.027483 0.0013035 4.6e-05 5e-07 0 0 0 0 0 0 0 0 0 0 0 0 0 
1 0.69948 0.240849 0.02705 0.001237 3.6e-05 0 0 0 0 0 0 0 0 0 0 0 0 0 0 
1 0.700755 0.241925 0.027498 0.001319 4.4e-05 0 0 0 0 0 0 0 0 0 0 0 0 0 0 
1 0.699828 0.240991 0.027587 0.001337 4.55e-05 4.5e-06 0 0 0 0 0 0 0 0 0 0 0 0 0 
1 0.700155 0.240422 0.027062 0.0012185 3.5e-05 5e-07 0 0 0 0 0 0 0 0 0 0 0 0 0 
1 0.699725 0.241011 0.0272755 0.0012805 3.75e-05 1e-06 0 0 0 0 0 0 0 0 0 0 0 0 0 
1 0.699217 0.239998 0.0269265 0.001286 3.95e-05 5e-07 0 0 0 0 0 0 0 0 0 0 0 0 0 
1 0.700628 0.241285 0.027479 0.00132 4.65e-05 1.5e-06 0 0 0 0 0 0 0 0 0 0 0 0 0 
1 0.700377 0.241147 0.027582 0.001299 4.45e-05 1e-06 0 0 0 0 0 0 0 0 0 0 0 0 0 
1 0.700263 0.241308 0.027597 0.0013475 4.6e-05 1.5e-06 0 0 0 0 0 0 0 0 0 0 0 0 0 
1 0.700133 0.241662 0.0277485 0.001444 3.5e-05 5e-07 0 0 0 0 0 0 0 0 0 0 0 0 0 
1 0.700057 0.241068 0.027365 0.0013725 4.6e-05 1.5e-06 0 0 0 0 0 0 0 0 0 0 0 0 0 
1 0.699692 0.241111 0.027186 0.001229 3e-05 0 0 0 0 0 0 0 0 0 0 0 0 0 0 
1 0.699942 0.240933 0.0276545 0.001408 5.1e-05 1.5e-06 0 0 0 0 0 0 0 0 0 0 0 0 0 
1 0.700214 0.24192 0.0279245 0.0013675 4.65e-05 5e-07 0 0 0 0 0 0 0 0 0 0 0 0 0 
1 0.70126 0.243222 0.02796 0.001348 4.25e-05 1e-06 0 0 0 0 0 0 0 0 0 0 0 0 0 
1 0.6991 0.240242 0.0271535 0.0013195 4.65e-05 5e-07 0 0 0 0 0 0 0 0 0 0 0 0 0 
1 0.700161 0.241347 0.0275835 0.001344 4.35e-05 5e-07 0 0 0 0 0 0 0 0 0 0 0 0 0 
1 0.69977 0.24105 0.0274015 0.0013285 3.5e-05 2e-06 0 0 0 0 0 0 0 0 0 0 0 0 0 
1 0.699491 0.241138 0.0276445 0.0013215 3.65e-05 1.88155e-17 0 0 0 0 0 0 0 0 0 0 0 0 0 
1 0.699832 0.240417 0.027329 0.0013465 4.7e-05 0 0 0 0 0 0 0 0 0 0 0 0 0 0 
1 0.700063 0.240324 0.0272985 0.001302 4.7e-05 1.5e-06 0 0 0 0 0 0 0 0 0 0 0 0 0 
1 0.700456 0.241393 0.027489 0.0013505 4.9e-05 1e-06 0 0 0 0 0 0 0 0 0 0 0 0 0 
1 0.700365 0.24092 0.027359 0.0012745 5e-05 1e-06 0 0 0 0 0 0 0 0 0 0 0 0 0 
1 0.699795 0.240909 0.0275875 0.0013845 4.65e-05 0 0 0 0 0 0 0 0 0 0 0 0 0 0 
1 0.699801 0.24049 0.0272275 0.0013275 4.55e-05 1e-06 0 0 0 0 0 0 0 0 0 0 0 0 0 
1 0.699892 0.241952 0.0276535 0.001367 4.1e-05 1e-06 0 0 0 0 0 0 0 0 0 0 0 0 0 
1 0.700381 0.241429 0.027558 0.001233 2.8e-05 0 0 0 0 0 0 0 0 0 0 0 0 0 0 
1 0.69957 0.240535 0.02722 0.0012665 3.85e-05 1.5e-06 0 0 0 0 0 0 0 0 0 0 0 0 0 
1 0.699975 0.241962 0.027731 0.001375 3.85e-05 1.5e-06 0 0 0 0 0 0 0 0 0 0 0 0 0 
1 0.699168 0.239739 0.026928 0.0013405 4.9e-05 1.5e-06 0 0 0 0 0 0 0 0 0 0 0 0 0 
1 0.699656 0.240345 0.0271655 0.0012725 4.15e-05 3.5e-06 0 0 0 0 0 0 0 0 0 0 0 0 0 
1 0.700343 0.242095 0.027496 0.001334 4.05e-05 5e-07 0 0 0 0 0 0 0 0 0 0 0 0 0 
1 0.699715 0.240441 0.0272575 0.0013055 4.35e-05 5.5e-06 0 0 0 0 0 0 0 0 0 0 0 0 0 
1 0.700556 0.241264 0.0273565 0.0013215 4.3e-05 2e-06 0 0 0 0 0 0 0 0 0 0 0 0 0 
1 0.700006 0.24083 0.027043 0.0012455 2.65e-05 0 0 0 0 0 0 0 0 0 0 0 0 0 0 
1 0.700747 0.241782 0.0272925 0.0012975 5e-05 1e-06 0 0 0 0 0 0 0 0 0 0 0 0 0 
1 0.700418 0.240322 0.027187 0.0012525 2.85e-05 0 0 0 0 0 0 0 0 0 0 0 0 0 0 
1 0.699563 0.240508 0.0273005 0.00136 4.8e-05 4.5e-06 0 0 0 0 0 0 0 0 0 0 0 0 0 
1 0.70026 0.241581 0.027461 0.0012805 3.7e-05 1.43735e-17 0 0 0 0 0 0 0 0 0 0 0 0 0 
1 0.700058 0.24079 0.027317 0.0013625 4.5e-05 1e-06 0 0 0 0 0 0 0 0 0 0 0 0 0 
1 0.700037 0.240949 0.027338 0.0013395 4.9e-05 5e-07 0 0 0 0 0 0 0 0 0 0 0 0 0 
1 0.70003 0.241278 0.027504 0.001401 5.3e-05 2e-06 0 0 0 0 0 0 0 0 0 0 0 0 0 
1 0.700757 0.241909 0.0275325 0.0012915 3.1e-05 5e-07 0 0 0 0 0 0 0 0 0 0 0 0 0 
1 0.700493 0.240334 0.0273585 0.001351 4.7e-05 2e-06 0 0 0 0 0 0 0 0 0 0 0 0 0 
1 0.698999 0.240026 0.026858 0.0012615 4.95e-05 1e-06 0 0 0 0 0 0 0 0 0 0 0 0 0 
1 0.700297 0.240821 0.0274705 0.0013 3.95e-05 2.5e-06 0 0 0 0 0 0 0 0 0 0 0 0 0 
1 0.700826 0.242123 0.027727 0.001302 4.75e-05 3e-06 0 0 0 0 0 0 0 0 0 0 0 0 0 
1 0.700785 0.241604 0.027553 0.0012705 3.7e-05 5e-07 0 0 0 0 0 0 0 0 0 0 0 0 0 
1 0.700276 0.241156 0.0271415 0.0012455 4.4e-05 2.04135e-17 0 0 0 0 0 0 0 0 0 0 0 0 0 
1 0.700171 0.241012 0.027618 0.001411 5e-05 2e-06 0 0 0 0 0 0 0 0 0 0 0 0 0 
1 0.69974 0.240423 0.0272015 0.0012615 3e-05 2.77556e-17 0 0 0 0 0 0 0 0 0 0 0 0 0 
1 0.699985 0.240757 0.0269785 0.001264 3.7e-05 1e-06 0 0 0 0 0 0 0 0 0 0 0 0 0 
1 0.699907 0.24044 0.026985 0.0013045 4.55e-05 1e-06 0 0 0 0 0 0 0 0 0 0 0 0 0 
1 0.699121 0.241057 0.0274855 0.001339 5.05e-05 2e-06 0 0 0 0 0 0 0 0 0 0 0 0 0 
1 0.699974 0.240555 0.027249 0.00134 6.55e-05 4.5e-06 5e-07 0 0 0 0 0 0 0 0 0 0 0 0 
1 0.700575 0.241702 0.0271885 0.001323 4.2e-05 1.5e-06 0 0 0 0 0 0 0 0 0 0 0 0 0 
1 0.699342 0.240295 0.027433 0.0013345 4.65e-05 2.5e-06 5e-07 0 0 0 0 0 0 0 0 0 0 0 0 
1 0.700234 0.241672 0.027357 0.001248 4.35e-05 5e-07 0 0 0 0 0 0 0 0 0 0 0 0 0 
1 0.69973 0.240245 0.026718 0.001267 4.15e-05 1e-06 0 0 0 0 0 0 0 0 0 0 0 0 0 
1 0.699789 0.240847 0.027173 0.001325 4.35e-05 0 0 0 0 0 0 0 0 0 0 0 0 0 0 
1 0.69953 0.240489 0.0271035 0.0013245 5.55e-05 1e-06 0 0 0 0 0 0 0 0 0 0 0 0 0 
1 0.699997 0.241436 0.02766 0.0014245 5.15e-05 1e-06 0 0 0 0 0 0 0 0 0 0 0 0 0 
1 0.699661 0.24073 0.0272855 0.001378 4.05e-05 1.30851e-17 0 0 0 0 0 0 0 0 0 0 0 0 0 
1 0.699661 0.240988 0.0274345 0.0012775 4.9e-05 1.5e-06 0 0 0 0 0 0 0 0 0 0 0 0 0 
1 0.699645 0.24036 0.0275665 0.0013515 4.65e-05 1e-06 0 0 0 0 0 0 0 0 0 0 0 0 0 
1 0.699837 0.240613 0.0272305 0.001236 4.65e-05 1.5e-06 0 0 0 0 0 0 0 0 0 0 0 0 0 
1 0.699532 0.240093 0.027127 0.0012375 3.85e-05 1e-06 0 0 0 0 0 0 0 0 0 0 0 0 0 
1 0.700536 0.241488 0.027971 0.00133 3.8e-05 1.63823e-17 0 0 0 0 0 0 0 0 0 0 0 0 0 
1 0.698989 0.239596 0.0272225 0.001376 4.65e-05 1e-06 0 0 0 0 0 0 0 0 0 0 0 0 0 
1 0.699632 0.241414 0.0274775 0.0012785 3.5e-05 1.5e-06 0 0 0 0 0 0 0 0 0 0 0 0 0 
1 0.700237 0.241273 0.027342 0.001272 4.6e-05 1.5e-06 0 0 0 0 0 0 0 0 0 0 0 0 0 
1 0.699287 0.239819 0.027198 0.001285 3.95e-05 5e-07 0 0 0 0 0 0 0 0 0 0 0 0 0 
1 0.699279 0.24015 0.0273535 0.0012875 4.15e-05 1.5e-06 0 0 0 0 0 0 0 0 0 0 0 0 0 
1 0.700155 0.241315 0.027516 0.0013115 4.6e-05 5e-07 0 0 0 0 0 0 0 0 0 0 0 0 0 
1 0.69948 0.240883 0.0274135 0.0012485 2.8e-05 0 0 0 0 0 0 0 0 0 0 0 0 0 0 
1 0.700173 0.241536 0.027579 0.0012625 3.8e-05 2e-06 0 0 0 0 0 0 0 0 0 0 0 0 0 
1 0.699642 0.240987 0.0273535 0.001248 4.35e-05 1.5e-06 0 0 0 0 0 0 0 0 0 0 0 0 0 
1 0.700719 0.241258 0.0276355 0.001328 3.8e-05 1e-06 0 0 0 0 0 0 0 0 0 0 0 0 0 
1 0.699972 0.240438 0.0269385 0.00126 4e-05 2.5e-06 0 0 0 0 0 0 0 0 0 0 0 0 0 
1 0.699367 0.239858 0.026968 0.001233 3.2e-05 0 0 0 0 0 0 0 0 0 0 0 0 0 0 
1 0.70112 0.241786 0.027328 0.0012765 4e-05 0 0 0 0 0 0 0 0 0 0 0 0 0 0 
1 0.700389 0.241175 0.027309 0.001328 4.1e-05 5e-07 0 0 0 0 0 0 0 0 0 0 0 0 0 
1 0.699778 0.240222 0.0270905 0.0012765 4.95e-05 2e-06 1.34463e-17 0 0 0 0 0 0 0 0 0 0 0 0 
1 0.700154 0.240872 0.0272015 0.001254 3e-05 1e-06 0 0 0 0 0 0 0 0 0 0 0 0 0 
1 0.700154 0.240574 0.027298 0.0013305 5.4e-05 1.5e-06 0 0 0 0 0 0 0 0 0 0 0 0 0 
1 0.700593 0.240859 0.027268 0.001332 5e-05 5e-07 0 0 0 0 0 0 0 0 0 0 0 0 0 
1 0.700486 0.240776 0.02727 0.0013175 3.15e-05 2e-06 0 0 0 0 0 0 0 0 0 0 0 0 0 
1 0.699646 0.240363 0.027054 0.0013085 4.45e-05 5e-07 0 0 0 0 0 0 0 0 0 0 0 0 0 
1 0.701064 0.242196 0.0281125 0.001493 5.05e-05 5e-07 0 0 0 0 0 0 0 0 0 0 0 0 0 
1 0.699798 0.240929 0.0271715 0.0014045 6.45e-05 1.5e-06 0 0 0 0 0 0 0 0 0 0 0 0 0 
1 0.699488 0.2412 0.027486 0.001297 4.7e-05 5e-07 0 0 0 0 0 0 0 0 0 0 0 0 0 
1 0.699532 0.240413 0.027443 0.0013505 4.05e-05 0 0 0 0 0 0 0 0 0 0 0 0 0 0 
1 0.700167 0.241168 0.0271365 0.0012735 4.9e-05 5e-07 0 0 0 0 0 0 0 0 0 0 0 0 0 
1 0.699564 0.24029 0.027102 0.0013315 3.15e-05 2.77556e-17 0 0 0 0 0 0 0 0 0 0 0 0 0 
1 0.699569 0.240845 0.0273335 0.0012885 3.1e-05 0 0 0 0 0 0 0 0 0 0 0 0 0 0 
1 0.700087 0.240885 0.027161 0.0012935 4.3e-05 0 0 0 0 0 0 0 0 0 0 0 0 0 0 
1 0.69964 0.240444 0.026917 0.00126 5.3e-05 2.5e-06 0 0 0 0 0 0 0 0 0 0 0 0 0 
1 0.700659 0.241384 0.027412 0.001391 6.2e-05 2e-06 0 0 0 0 0 0 0 0 0 0 0 0 0 
1 0.699635 0.240837 0.0272075 0.0013125 4.2e-05 1e-06 0 0 0 0 0 0 0 0 0 0 0 0 0 
1 0.700069 0.240361 0.0269995 0.001236 4.45e-05 5e-07 0 0 0 0 0 0 0 0 0 0 0 0 0 
1 0.69976 0.240574 0.0276435 0.0013195 4e-05 1e-06 0 0 0 0 0 0 0 0 0 0 0 0 0 
1 0.699784 0.240844 0.0267775 0.0012625 4.3e-05 0 0 0 0 0 0 0 0 0 0 0 0 0 0 
1 0.700416 0.241561 0.027331 0.0012905 4.35e-05 1e-06 0 0 0 0 0 0 0 0 0 0 0 0 0 
1 0.700316 0.240812 0.0274045 0.001377 5.1e-05 5e-07 0 0 0 0 0 0 0 0 0 0 0 0 0 
1 0.700207 0.240959 0.027393 0.0013205 3.35e-05 1e-06 0 0 0 0 0 0 0 0 0 0 0 0 0 
1 0.699574 0.24104 0.0276955 0.0013625 4.25e-05 1e-06 0 0 0 0 0 0 0 0 0 0 0 0 0 
1 0.700122 0.241579 0.0278065 0.0014105 4.4e-05 5e-07 0 0 0 0 0 0 0 0 0 0 0 0 0 
1 0.699394 0.239694 0.027103 0.001317 4.35e-05 1e-06 0 0 0 0 0 0 0 0 0 0 0 0 0 
1 0.700129 0.24056 0.0271555 0.0012655 3.35e-05 0 0 0 0 0 0 0 0 0 0 0 0 0 0 
1 0.700377 0.241641 0.02736 0.0013055 2.75e-05 0 0 0 0 0 0 0 0 0 0 0 0 0 0 
1 0.700331 0.241716 0.027555 0.0013655 6.15e-05 3.5e-06 0 0 0 0 0 0 0 0 0 0 0 0 0 
1 0.699839 0.241066 0.0273865 0.001357 5.45e-05 2.5e-06 5e-07 0 0 0 0 0 0 0 0 0 0 0 0 
1 0.699199 0.240081 0.027082 0.001252 3.45e-05 5e-07 0 0 0 0 0 0 0 0 0 0 0 0 0 
1 0.699962 0.241025 0.0270985 0.0012575 3.7e-05 0 0 0 0 0 0 0 0 0 0 0 0 0 0 
1 0.700112 0.241759 0.0272155 0.001282 2.45e-05 0 0 0 0 0 0 0 0 0 0 0 0 0 0 
1 0.700319 0.241423 0.0275135 0.0013115 4e-05 0 0 0 0 0 0 0 0 0 0 0 0 0 0 
1 0.700285 0.241992 0.0274635 0.001352 3.75e-05 5e-07 0 0 0 0 0 0 0 0 0 0 0 0 0 
1 0.699942 0.240359 0.02721 0.0013115 4e-05 1.60408e-17 0 0 0 0 0 0 0 0 0 0 0 0 0 
1 0.699867 0.240972 0.0273725 0.00125 3.25e-05 5e-07 0 0 0 0 0 0 0 0 0 0 0 0 0 
1 0.700414 0.241931 0.027617 0.00131 4.35e-05 5e-07 0 0 0 0 0 0 0 0 0 0 0 0 0 
1 0.700392 0.241959 0.0275605 0.0014255 5.3e-05 2e-06 0 0 0 0 0 0 0 0 0 0 0 0 0 
1 0.700477 0.241707 0.027601 0.001355 4e-05 1e-06 0 0 0 0 0 0 0 0 0 0 0 0 0 
1 0.700089 0.240765 0.0272185 0.001336 4.7e-05 1e-06 0 0 0 0 0 0 0 0 0 0 0 0 0 
1 0.699999 0.241184 0.0273615 0.0013115 7.1e-05 6e-06 0 0 0 0 0 0 0 0 0 0 0 0 0 
1 0.699138 0.240432 0.0272505 0.0013865 3.9e-05 0 0 0 0 0 0 0 0 0 0 0 0 0 0 
1 0.700157 0.241812 0.0274565 0.001329 3.15e-05 0 0 0 0 0 0 0 0 0 0 0 0 0 0 
1 0.700612 0.24144 0.0275785 0.0013665 4.35e-05 1e-06 0 0 0 0 0 0 0 0 0 0 0 0 0 
1 0.701239 0.242044 0.027643 0.0013095 3.25e-05 0 0 0 0 0 0 0 0 0 0 0 0 0 0 
1 0.699824 0.240701 0.0274945 0.0012595 4.45e-05 2e-06 0 0 0 0 0 0 0 0 0 0 0 0 0 
1 0.699594 0.240921 0.027396 0.0012995 5.35e-05 4e-06 5e-07 0 0 0 0 0 0 0 0 0 0 0 0 
1 0.700284 0.241373 0.027336 0.001298 4.4e-05 9.788e-18 0 0 0 0 0 0 0 0 0 0 0 0 0 
1 0.700147 0.240867 0.027233 0.0012455 4.1e-05 5e-07 0 0 0 0 0 0 0 0 0 0 0 0 0 
1 0.699845 0.24083 0.027003 0.001232 3.9e-05 1e-06 0 0 0 0 0 0 0 0 0 0 0 0 0 
1 0.69979 0.24079 0.02754 0.001381 3.3e-05 0 0 0 0 0 0 0 0 0 0 0 0 0 0 
1 0.700522 0.241427 0.0272255 0.001311 3.95e-05 5e-07 0 0 0 0 0 0 0 0 0 0 0 0 0 
1 0.699121 0.240123 0.027071 0.001284 4.6e-05 1e-06 0 0 0 0 0 0 0 0 0 0 0 0 0 
1 0.699707 0.240018 0.0268255 0.0012965 4.7e-05 5e-07 0 0 0 0 0 0 0 0 0 0 0 0 0 
1 0.699744 0.240899 0.0275275 0.0013145 4e-05 2.5e-06 0 0 0 0 0 0 0 0 0 0 0 0 0 
1 0.700772 0.242003 0.027612 0.0013385 5.2e-05 2e-06 0 0 0 0 0 0 0 0 0 0 0 0 0 
1 0.700682 0.241222 0.0271625 0.001309 4.75e-05 1.5e-06 0 0 0 0 0 0 0 0 0 0 0 0 0 
1 0.700656 0.24126 0.0271725 0.001328 3.8e-05 5e-07 0 0 0 0 0 0 0 0 0 0 0 0 0 
1 0.700568 0.241364 0.0275305 0.001357 4.3e-05 1e-06 0 0 0 0 0 0 0 0 0 0 0 0 0 
1 0.699871 0.240873 0.027213 0.001322 4.05e-05 1.5e-06 0 0 0 0 0 0 0 0 0 0 0 0 0 
1 0.699763 0.239381 0.0267725 0.0012515 3.75e-05 2.77556e-17 0 0 0 0 0 0 0 0 0 0 0 0 0 
1 0.699803 0.241271 0.0274045 0.001339 5.9e-05 4e-06 0 0 0 0 0 0 0 0 0 0 0 0 0 
1 0.699496 0.24047 0.0272805 0.0013215 4.65e-05 3.5e-06 0 0 0 0 0 0 0 0 0 0 0 0 0 
1 0.700892 0.241378 0.027325 0.0013445 5.95e-05 2e-06 0 0 0 0 0 0 0 0 0 0 0 0 0 
1 0.699789 0.240757 0.0273785 0.0012185 3.3e-05 5e-07 0 0 0 0 0 0 0 0 0 0 0 0 0 
1 0.700016 0.241261 0.0275005 0.001417 6.75e-05 5e-06 0 0 0 0 0 0 0 0 0 0 0 0 0 
1 0.6995 0.241392 0.0273055 0.0012565 2e-05 7.16788e-18 0 0 0 0 0 0 0 0 0 0 0 0 0 
1 0.700255 0.240804 0.0270175 0.001199 4e-05 5e-07 0 0 0 0 0 0 0 0 0 0 0 0 0 
1 0.700464 0.241549 0.027297 0.00131 5.15e-05 2e-06 0 0 0 0 0 0 0 0 0 0 0 0 0 
1 0.700486 0.241528 0.0274 0.00134 4.05e-05 0 0 0 0 0 0 0 0 0 0 0 0 0 0 
