1 0.950224 0.816156 0.597501 0.38732 0.238966 0.145204 0.087457 0.0524455 0.031428 0.0190695 0.0119165 0.0074845 0.0047715 0.0030125 0.001881 0.001189 0.0007815 0.0005265 0.000375 
1 0.950107 0.815181 0.59426 0.381023 0.231478 0.137998 0.0819545 0.048728 0.029411 0.0175475 0.0101755 0.0058015 0.003281 0.0018945 0.0011735 0.000747 0.000483 0.0002905 0.0001595 
1 0.949939 0.81522 0.595937 0.384656 0.23435 0.138764 0.0815885 0.047975 0.0286385 0.0176195 0.0110255 0.0067975 0.0042115 0.002583 0.0016 0.001004 0.000654 0.0004185 0.0003055 
1 0.949995 0.814383 0.594669 0.383621 0.235778 0.142645 0.0860695 0.052179 0.03146 0.01927 0.0119465 0.0074605 0.004633 0.002836 0.0016995 0.001046 0.0007125 0.000525 0.0004035 
1 0.949564 0.813652 0.591579 0.379383 0.230649 0.138059 0.082595 0.049146 0.0291955 0.017365 0.010186 0.006 0.0033795 0.001822 0.000906 0.0004075 0.000187 6.65e-05 2.1e-05 
1 0.950381 0.816272 0.59679 0.384607 0.234131 0.139603 0.082342 0.047992 0.027639 0.015572 0.0087795 0.005026 0.0028675 0.0016545 0.0009495 0.0005465 0.0002885 0.000153 6.8e-05 
1 0.948867 0.811835 0.588617 0.3751 0.227424 0.13592 0.080035 0.0466245 0.0269955 0.0155665 0.0090275 0.005391 0.00333 0.002124 0.0013325 0.000801 0.000417 0.000209 8.45e-05 
1 0.951136 0.818905 0.602995 0.393948 0.245378 0.150462 0.0913355 0.055268 0.033462 0.0203215 0.012336 0.0075235 0.004598 0.002877 0.0018215 0.0011035 0.0006365 0.0003545 0.0001725 
1 0.950717 0.816621 0.59747 0.385972 0.236647 0.142719 0.085859 0.0520815 0.031518 0.0189685 0.0114615 0.00686 0.0038945 0.002197 0.0013235 0.000867 0.0005525 0.0003145 0.0001805 
1 0.949459 0.812929 0.592086 0.381007 0.233298 0.141047 0.084878 0.051248 0.031189 0.019079 0.0116285 0.0069935 0.0042905 0.0027695 0.0017645 0.001088 0.000658 0.000404 0.000247 
1 0.949852 0.815094 0.596583 0.387262 0.239023 0.145792 0.0880275 0.053181 0.032702 0.0204715 0.013033 0.0083485 0.0054305 0.003542 0.0023035 0.00148 0.000943 0.000533 0.0002745 
1 0.94938 0.812855 0.590698 0.378774 0.230167 0.136433 0.0797845 0.046549 0.026916 0.0155815 0.009201 0.0053735 0.0030975 0.0019025 0.001127 0.000678 0.0004515 0.0003205 0.000268 
1 0.95057 0.817343 0.599607 0.389263 0.240058 0.145425 0.0873385 0.0522975 0.031009 0.018201 0.010524 0.0061915 0.0035925 0.002019 0.001053 0.000571 0.000304 0.0001575 8.7e-05 
1 0.949895 0.813956 0.592421 0.380013 0.231626 0.139428 0.084481 0.0518895 0.0320975 0.019945 0.0125205 0.008059 0.0053455 0.003628 0.0025715 0.0019155 0.001472 0.001104 0.0008025 
1 0.949785 0.813912 0.591847 0.378482 0.229687 0.136791 0.080812 0.048235 0.0291605 0.017404 0.010367 0.006059 0.0036425 0.002224 0.001321 0.000809 0.000526 0.0003705 0.000235 
1 0.950135 0.815306 0.594578 0.382738 0.234403 0.141479 0.08566 0.0514985 0.0312455 0.0189185 0.0112885 0.0065775 0.0037765 0.0022145 0.001323 0.000822 0.00053 0.0003685 0.000266 
1 0.950145 0.815443 0.594417 0.381522 0.232481 0.139098 0.0829895 0.0497215 0.0303475 0.0186175 0.011433 0.0070215 0.00425 0.002473 0.0014 0.0007615 0.000376 0.0001565 5.4e-05 
1 0.949776 0.814382 0.593837 0.38199 0.232876 0.139692 0.083901 0.0502335 0.0298075 0.0177585 0.0106535 0.006371 0.0036705 0.001988 0.000945 0.000374 0.000111 2.95e-05 7.5e-06 
1 0.950324 0.815707 0.596018 0.384628 0.235899 0.142647 0.085535 0.051485 0.0312275 0.0189135 0.0112555 0.0066545 0.004008 0.00238 0.0013785 0.0007395 0.0003815 0.000176 8e-05 
1 0.950697 0.816899 0.599086 0.388878 0.239836 0.144318 0.0862245 0.051301 0.030418 0.01802 0.010746 0.00641 0.003742 0.0021025 0.001126 0.0006385 0.000361 0.0002175 0.000135 
1 0.950791 0.818009 0.600088 0.389567 0.239846 0.145912 0.0894705 0.0550765 0.0344055 0.021595 0.013564 0.0086135 0.00551 0.0035345 0.002232 0.001414 0.0008345 0.000461 0.000262 
1 0.950118 0.815589 0.595615 0.384288 0.234898 0.141099 0.08451 0.0506815 0.030267 0.0180485 0.0107775 0.006351 0.0037305 0.0023025 0.0014875 0.000928 0.0005665 0.000316 0.000157 
1 0.950207 0.817027 0.59929 0.388733 0.240397 0.14689 0.089844 0.054858 0.033846 0.021038 0.0131965 0.008347 0.005296 0.003361 0.0022315 0.001507 0.00095 0.000586 0.0003405 
1 0.950064 0.8151 0.5948 0.383858 0.235444 0.142585 0.086029 0.0520845 0.031692 0.0192855 0.011566 0.0068175 0.004007 0.0023095 0.0012875 0.000726 0.0003915 0.000219 0.00012 
1 0.950387 0.816212 0.597834 0.386228 0.2364 0.142107 0.084461 0.0504595 0.0300495 0.01769 0.0103895 0.0060205 0.003561 0.0021375 0.001238 0.0006915 0.000416 0.0002305 8.6e-05 
1 0.949836 0.814587 0.593519 0.381646 0.233096 0.139301 0.082682 0.049932 0.0307665 0.019347 0.0124005 0.008059 0.0054345 0.0037405 0.002688 0.0019395 0.00145 0.0010785 0.000798 
1 0.949758 0.813829 0.593786 0.382933 0.234239 0.141031 0.08408 0.049638 0.0288085 0.0165775 0.00948 0.005347 0.002988 0.001568 0.000893 0.0005425 0.000364 0.0002835 0.0002165 
1 0.950771 0.817043 0.598339 0.387132 0.237739 0.143758 0.086571 0.0519365 0.030948 0.0185015 0.0110735 0.006661 0.0039925 0.0023755 0.0013555 0.000737 0.0004105 0.000226 0.0001425 
1 0.950399 0.815513 0.594709 0.38239 0.2329 0.139324 0.083186 0.049632 0.0296715 0.0176455 0.010456 0.0061135 0.0034375 0.001842 0.0008995 0.0004225 0.0002045 8.1e-05 2.5e-05 
1 0.94946 0.813108 0.591099 0.37787 0.22844 0.135663 0.0797345 0.04656 0.0269225 0.0155705 0.008999 0.005305 0.00328 0.0020645 0.00133 0.000776 0.000357 0.0001235 3.75e-05 
1 0.950017 0.814492 0.593489 0.383168 0.236335 0.143676 0.087426 0.0531935 0.0321365 0.0197595 0.012389 0.0079415 0.005137 0.0035085 0.0024185 0.0016815 0.0011005 0.000704 0.0004395 
1 0.94949 0.813339 0.591187 0.379012 0.229948 0.137454 0.082075 0.0489155 0.0291375 0.0172075 0.009995 0.005665 0.0031885 0.0017855 0.0009855 0.0004705 0.000178 6.85e-05 3.65e-05 
1 0.950026 0.814734 0.594153 0.382468 0.233818 0.141105 0.084452 0.050244 0.0295095 0.0172025 0.0101385 0.0061095 0.0036125 0.0020705 0.001232 0.00075 0.000488 0.000321 0.0002255 
1 0.950442 0.816681 0.597847 0.38726 0.238711 0.144405 0.0864155 0.051208 0.030246 0.017902 0.0103505 0.005737 0.0030915 0.001588 0.000765 0.00036 0.000206 0.0001135 4.75e-05 
1 0.950261 0.815347 0.594469 0.382888 0.233886 0.140135 0.083833 0.0495825 0.0288695 0.0167235 0.0098535 0.006016 0.0036925 0.00219 0.0012735 0.000725 0.00042 0.0002525 0.0001555 
1 0.949364 0.812723 0.591556 0.380546 0.232642 0.141371 0.085842 0.052091 0.031554 0.018827 0.0110835 0.0064895 0.003735 0.002092 0.001196 0.000705 0.0004235 0.0002605 0.000156 
1 0.949192 0.813438 0.59112 0.378207 0.229338 0.137281 0.0827095 0.050119 0.030453 0.0188655 0.011895 0.0076145 0.00488 0.0032325 0.0021555 0.0013935 0.0008505 0.000496 0.000271 
1 0.949854 0.813216 0.590811 0.377325 0.228332 0.136361 0.0809845 0.0481345 0.0289405 0.0175785 0.0109335 0.0068025 0.004229 0.0027445 0.001914 0.001358 0.0009635 0.0006275 0.000379 
1 0.950335 0.816065 0.59609 0.383818 0.234209 0.140317 0.082718 0.048043 0.0275795 0.015599 0.008577 0.0046685 0.0025545 0.001425 0.0008495 0.000464 0.0002225 7.55e-05 2.6e-05 
1 0.950256 0.815485 0.596052 0.3852 0.237348 0.143718 0.0869945 0.0530045 0.0322325 0.0193355 0.011598 0.0070645 0.0043645 0.0027715 0.001706 0.001015 0.00059 0.000301 0.0001575 
1 0.950167 0.815102 0.595199 0.383741 0.235507 0.14294 0.086475 0.0522615 0.031753 0.0192415 0.01173 0.0072165 0.0045345 0.0029205 0.0018785 0.001222 0.0007775 0.0005015 0.0003065 
1 0.949233 0.812711 0.589796 0.376847 0.228508 0.136453 0.0816915 0.0488605 0.0293785 0.0176315 0.010703 0.006571 0.003862 0.002272 0.0013115 0.0006615 0.0002695 7.9e-05 2.75e-05 
1 0.950023 0.814986 0.594283 0.38315 0.235396 0.142622 0.0860855 0.052048 0.0314355 0.0186485 0.010837 0.006176 0.0036475 0.0022155 0.001332 0.000782 0.000425 0.0002445 0.0001405 
1 0.949843 0.814292 0.594497 0.383762 0.235818 0.143554 0.087641 0.0532495 0.032365 0.019426 0.011434 0.0067585 0.004059 0.002596 0.0016575 0.0010765 0.000664 0.0003965 0.0002205 
1 0.950252 0.815156 0.59581 0.384888 0.23572 0.142497 0.0861205 0.052384 0.0320375 0.019329 0.0116405 0.0069655 0.0042775 0.0026615 0.001645 0.0009705 0.000544 0.000273 0.000124 
1 0.950564 0.817011 0.599739 0.389109 0.239245 0.144709 0.08689 0.052221 0.0314145 0.0190375 0.011703 0.0071615 0.004325 0.0024155 0.0012045 0.000543 0.000221 6.8e-05 8e-06 
1 0.950356 0.81578 0.596002 0.383928 0.235501 0.142475 0.0859565 0.0521485 0.032111 0.020085 0.012727 0.008194 0.005351 0.0035955 0.0025715 0.0019395 0.001462 0.001096 0.0008175 
1 0.950073 0.81572 0.596528 0.386729 0.237657 0.143137 0.0853765 0.050871 0.03057 0.0184225 0.011148 0.006745 0.00421 0.00259 0.0015385 0.000836 0.000428 0.000191 9e-05 
1 0.950191 0.815924 0.596508 0.385444 0.23625 0.142899 0.0859615 0.0516245 0.03101 0.0186015 0.0111705 0.0068155 0.0042125 0.0026925 0.001742 0.0011885 0.0008695 0.000656 0.000519 
1 0.949928 0.814675 0.593815 0.381201 0.23158 0.13797 0.0818385 0.0486025 0.0289675 0.0173475 0.0105375 0.006518 0.004106 0.0026005 0.0017135 0.0011205 0.0006945 0.0004185 0.0002855 
1 0.949773 0.814221 0.593665 0.382271 0.234892 0.14237 0.0866905 0.052875 0.0318625 0.018573 0.010723 0.006152 0.0035515 0.002106 0.0012885 0.000858 0.000603 0.0004335 0.0002905 
1 0.950699 0.818049 0.600358 0.389177 0.238759 0.143979 0.0860875 0.051085 0.030109 0.0175635 0.010005 0.005776 0.003424 0.0022085 0.0014565 0.0009475 0.0005635 0.000309 0.0001485 
1 0.949472 0.812497 0.588766 0.375578 0.226642 0.134927 0.0802685 0.0485995 0.029837 0.018453 0.0112255 0.006434 0.0035015 0.001841 0.000923 0.000451 0.0002445 0.0001405 6.5e-05 
1 0.950082 0.815834 0.596979 0.385531 0.236573 0.142955 0.085841 0.0514065 0.0302235 0.017589 0.0099725 0.005639 0.0032005 0.00173 0.000964 0.000515 0.0002425 8.55e-05 2.15e-05 
1 0.949755 0.814063 0.591938 0.378665 0.229351 0.137521 0.0822255 0.049216 0.029899 0.0186395 0.0117375 0.007444 0.0048375 0.003175 0.0020395 0.001317 0.000867 0.0005465 0.000345 
1 0.950393 0.816429 0.597343 0.386259 0.237194 0.143474 0.086853 0.053001 0.03242 0.019755 0.011798 0.0070675 0.004281 0.0026385 0.001623 0.0010325 0.0006245 0.0003515 0.000173 
1 0.949544 0.812995 0.590377 0.376808 0.227199 0.134784 0.079366 0.0466365 0.027364 0.015936 0.00905 0.0050355 0.0028405 0.001539 0.000798 0.0004065 0.0001975 5e-05 4e-06 
1 0.950154 0.815292 0.594939 0.383744 0.235537 0.142049 0.0852995 0.0512675 0.0310915 0.0190595 0.0118085 0.007172 0.0043175 0.00267 0.0017645 0.0012265 0.000858 0.0006065 0.000442 
1 0.949215 0.812679 0.590582 0.378927 0.230408 0.137268 0.080472 0.046454 0.026729 0.015368 0.008603 0.004674 0.0026955 0.0016845 0.0011125 0.000776 0.0005735 0.0004155 0.000269 
1 0.949576 0.813447 0.592593 0.379484 0.23014 0.137459 0.081624 0.047984 0.0281775 0.016647 0.009928 0.006028 0.003665 0.002139 0.0011925 0.0005835 0.000245 9.9e-05 3.05e-05 
1 0.950078 0.814875 0.594386 0.383176 0.23455 0.141119 0.0845895 0.0511725 0.031431 0.0194445 0.011981 0.0072395 0.004115 0.0022465 0.0012 0.0006395 0.0003075 0.000153 8.3e-05 
1 0.950376 0.816642 0.59672 0.384172 0.23451 0.14072 0.0844625 0.0509725 0.030669 0.0181345 0.010305 0.0057385 0.003171 0.0017985 0.0009595 0.0004365 0.0001575 4.2e-05 7.5e-06 
1 0.951117 0.818729 0.601311 0.390878 0.242339 0.147838 0.0895735 0.054014 0.032396 0.019355 0.011595 0.0067745 0.00385 0.00209 0.00117 0.000621 0.0003235 0.0002075 0.000133 
1 0.949478 0.813615 0.59229 0.379176 0.230363 0.137687 0.0824 0.049492 0.0297525 0.0177575 0.01042 0.00606 0.003478 0.0021115 0.001368 0.00092 0.0006315 0.000387 0.000221 
1 0.94987 0.814156 0.593244 0.381947 0.234594 0.143078 0.087203 0.053079 0.032108 0.01955 0.0119545 0.007294 0.0044025 0.002706 0.001585 0.000912 0.0005195 0.0002985 0.0001565 
1 0.950349 0.815589 0.59536 0.383721 0.233674 0.138862 0.081686 0.047582 0.0275135 0.0157525 0.008917 0.004988 0.0026735 0.001344 0.000647 0.0003125 0.00012 4.25e-05 1.45e-05 
1 0.949593 0.814021 0.592145 0.3788 0.229216 0.135544 0.07991 0.046986 0.0277085 0.0167125 0.010146 0.006131 0.003705 0.002344 0.001532 0.0010535 0.0007335 0.000519 0.000376 
1 0.949796 0.813042 0.589697 0.376488 0.228568 0.13694 0.0816225 0.048453 0.0288415 0.0168965 0.0097245 0.00568 0.0034275 0.0020845 0.001269 0.000769 0.000432 0.000223 7.75e-05 
1 0.950563 0.816184 0.597213 0.386086 0.23718 0.143647 0.086956 0.05306 0.03261 0.0203195 0.0127345 0.007949 0.00486 0.0029435 0.0018 0.001073 0.000636 0.0003405 0.0001735 
1 0.950719 0.817494 0.598886 0.38744 0.23841 0.144916 0.0879285 0.0529335 0.031805 0.0187815 0.0109975 0.0063775 0.003815 0.002394 0.0015835 0.0009895 0.0005885 0.0003515 0.0002205 
1 0.949303 0.812141 0.588726 0.376201 0.228786 0.137614 0.0829285 0.050337 0.031007 0.0189395 0.0114765 0.006809 0.004032 0.002346 0.0012655 0.000618 0.0002835 0.000124 6.35e-05 
1 0.950861 0.818492 0.602068 0.391791 0.241963 0.147407 0.090304 0.055768 0.0345845 0.021228 0.0128215 0.0077795 0.0047505 0.0028915 0.001815 0.001213 0.0008675 0.0006075 0.000388 
1 0.949319 0.812909 0.590498 0.378613 0.230466 0.138598 0.083645 0.050512 0.030315 0.018097 0.0107185 0.0062505 0.0034795 0.0018435 0.000891 0.0004305 0.000201 0.000103 5.9e-05 
1 0.950881 0.817655 0.599884 0.389144 0.239307 0.14458 0.0871365 0.0525865 0.0316245 0.0189995 0.0113315 0.0068125 0.0041325 0.0025855 0.0016955 0.001178 0.0008375 0.0006355 0.0005015 
1 0.950414 0.816657 0.597708 0.385785 0.235491 0.141316 0.0839175 0.049416 0.0290675 0.0172275 0.0103465 0.006234 0.003746 0.0022565 0.0013985 0.000896 0.0005475 0.0003085 0.0001625 
1 0.950024 0.814759 0.593574 0.380953 0.231606 0.139353 0.083662 0.050065 0.0299245 0.017754 0.010456 0.0060195 0.0033795 0.0018375 0.0009655 0.0004435 0.000188 8.9e-05 4.8e-05 
1 0.949961 0.815038 0.593954 0.381529 0.230532 0.136954 0.080525 0.0474825 0.027923 0.016212 0.0092355 0.0049675 0.0025115 0.00124 0.000579 0.000243 8.7e-05 1.8e-05 2.5e-06 
1 0.949867 0.814583 0.593111 0.380458 0.232257 0.140237 0.084735 0.05198 0.0323885 0.0207365 0.0134215 0.0086135 0.0055475 0.003488 0.002061 0.0010855 0.000536 0.0002625 0.000141 
1 0.94955 0.814341 0.593665 0.38091 0.231919 0.139235 0.0833405 0.049719 0.0297105 0.0179975 0.0109615 0.0067465 0.004083 0.00239 0.0013545 0.000774 0.0004575 0.000305 0.0002245 
1 0.949759 0.81439 0.593368 0.380822 0.231433 0.137496 0.0801575 0.046118 0.0265765 0.01551 0.009158 0.0053945 0.0031815 0.00181 0.0010055 0.000571 0.000283 0.0001285 5.1e-05 
1 0.949894 0.81454 0.5941 0.38207 0.232679 0.139106 0.0817095 0.047528 0.027367 0.015816 0.0089645 0.004979 0.002746 0.001521 0.000778 0.000379 0.000165 6.65e-05 1.25e-05 
1 0.9496 0.813187 0.590173 0.377003 0.22832 0.136069 0.080615 0.047712 0.0280525 0.0164115 0.009548 0.0056295 0.003372 0.0021045 0.0013815 0.0009265 0.000587 0.0003565 0.000216 
1 0.949955 0.815153 0.595254 0.38378 0.234802 0.140812 0.0844885 0.050896 0.030924 0.0192105 0.0124245 0.0082135 0.0054875 0.003941 0.002966 0.0022985 0.0017395 0.001282 0.000927 
1 0.949974 0.814323 0.594324 0.383484 0.236638 0.145191 0.0889195 0.054683 0.0338795 0.021102 0.0132805 0.008443 0.0053755 0.0033665 0.002124 0.001353 0.000789 0.000426 0.000229 
1 0.949843 0.814674 0.594151 0.381888 0.2323 0.138342 0.0816625 0.0483135 0.0286355 0.016961 0.0100635 0.0059135 0.003423 0.0019665 0.0011205 0.000633 0.0003225 0.0001365 5e-05 
1 0.949911 0.815169 0.595956 0.38526 0.236871 0.143279 0.086114 0.051417 0.030626 0.0184055 0.011243 0.006904 0.004283 0.0026935 0.001715 0.0010075 0.000562 0.000287 0.000132 
1 0.949186 0.812527 0.590531 0.378228 0.229608 0.137229 0.081391 0.048592 0.029325 0.0178855 0.010855 0.006456 0.0036015 0.001839 0.000843 0.000398 0.000205 9.55e-05 4.15e-05 
1 0.950536 0.817152 0.59899 0.389048 0.241508 0.147717 0.0894035 0.054018 0.0325075 0.019566 0.011788 0.0072825 0.0044555 0.002672 0.001561 0.0009035 0.0005195 0.0002655 0.000128 
1 0.949861 0.814226 0.593061 0.381012 0.232334 0.139643 0.08376 0.0507185 0.030859 0.018633 0.011255 0.0067445 0.004188 0.00253 0.001574 0.000981 0.000612 0.0003575 0.00019 
1 0.950426 0.816593 0.598033 0.386215 0.23652 0.143117 0.0868145 0.052772 0.0325245 0.0203375 0.0127745 0.0080075 0.005046 0.003031 0.0018275 0.001102 0.0006185 0.0003515 0.000194 
1 0.950292 0.815966 0.596354 0.38411 0.234234 0.140762 0.084467 0.050615 0.0302045 0.0180785 0.0107225 0.0063285 0.003856 0.002468 0.0016685 0.0011725 0.000887 0.0006885 0.0005295 
1 0.949765 0.81518 0.595084 0.382836 0.233899 0.140914 0.0838575 0.049272 0.0284505 0.015962 0.0085675 0.0043845 0.0021835 0.0011085 0.0005805 0.000297 0.0001225 3.3e-05 3e-06 
1 0.950496 0.816883 0.597973 0.387972 0.23866 0.144143 0.0866345 0.0522035 0.031929 0.0199095 0.01267 0.0081765 0.005174 0.00321 0.001961 0.0011795 0.0007305 0.000463 0.0002785 
1 0.950617 0.816603 0.597074 0.385273 0.236253 0.143492 0.087505 0.0534985 0.0326735 0.0200265 0.012252 0.0077 0.0050005 0.0034665 0.002463 0.0017215 0.001149 0.000768 0.00055 
1 0.949253 0.812849 0.592145 0.381255 0.233646 0.140771 0.084298 0.0507265 0.0309415 0.0191185 0.0118415 0.007265 0.0044315 0.0026515 0.001486 0.0007475 0.000323 0.0001025 1.75e-05 
1 0.949767 0.813539 0.59287 0.381406 0.233279 0.140958 0.084556 0.0503685 0.029864 0.0174815 0.010422 0.006172 0.0035825 0.0020335 0.001113 0.000562 0.0002605 0.0001025 3.8e-05 
1 0.950186 0.815237 0.595579 0.384687 0.235819 0.141825 0.0843985 0.050467 0.030498 0.0184775 0.0109775 0.0063655 0.00363 0.0021505 0.0012875 0.0007605 0.0004855 0.0003555 0.000286 
1 0.949525 0.814111 0.593464 0.381748 0.234371 0.142297 0.0870935 0.0540585 0.0342055 0.021701 0.0136355 0.0084835 0.00535 0.0035055 0.002398 0.00165 0.0012125 0.0009195 0.0007065 
1 0.949498 0.813464 0.592986 0.381323 0.233369 0.140847 0.085018 0.0511305 0.030811 0.0183065 0.0108815 0.0064305 0.0037665 0.0020765 0.001095 0.00054 0.0002235 8.55e-05 2.6e-05 
1 0.949707 0.813195 0.591195 0.379427 0.231528 0.139137 0.082755 0.048522 0.0279735 0.0160615 0.009254 0.0054335 0.003238 0.0019535 0.001165 0.0006575 0.0004115 0.000279 0.000192 
1 0.949164 0.812948 0.591099 0.377784 0.227601 0.133878 0.0787585 0.046919 0.028346 0.0170045 0.0104785 0.0066055 0.0042065 0.002555 0.0014735 0.0008215 0.000419 0.0002085 0.000108 
1 0.949067 0.81159 0.588938 0.377357 0.23007 0.139062 0.0842755 0.0514525 0.0316015 0.0195625 0.0123735 0.007851 0.005027 0.00318 0.001968 0.001167 0.0006745 0.000323 0.000132 
1 0.950005 0.814767 0.593575 0.380222 0.23003 0.136742 0.0807345 0.0475615 0.0279395 0.016347 0.009233 0.0052525 0.0029025 0.001607 0.0008865 0.0004345 0.0002125 0.0001145 6.8e-05 
1 0.949567 0.813626 0.591594 0.379278 0.23049 0.13731 0.0808455 0.04731 0.028152 0.017119 0.010648 0.006634 0.003861 0.0019495 0.000921 0.0004175 0.0001905 8.75e-05 4.1e-05 
1 0.949931 0.814234 0.593607 0.381015 0.23165 0.138405 0.0824785 0.0492365 0.0295275 0.0179025 0.010926 0.006629 0.0041365 0.0026265 0.0017275 0.0011535 0.0007755 0.0005415 0.000376 
1 0.949779 0.813642 0.592486 0.380186 0.231986 0.139579 0.0843125 0.0515125 0.0314035 0.0190735 0.011591 0.007023 0.0041705 0.0025335 0.0016175 0.0011055 0.000778 0.000533 0.000348 
1 0.94971 0.813523 0.592156 0.380185 0.232462 0.141276 0.0857535 0.051894 0.031233 0.0187085 0.0110415 0.0063445 0.003546 0.001882 0.0009865 0.000555 0.0003125 0.000152 7.25e-05 
1 0.949762 0.814538 0.594561 0.383056 0.23469 0.141597 0.0857375 0.052025 0.0317225 0.0195335 0.011975 0.007351 0.004616 0.0029035 0.0018435 0.001168 0.000692 0.0003555 0.000158 
1 0.949724 0.814124 0.593392 0.381514 0.232721 0.139737 0.083993 0.0507495 0.0309645 0.01893 0.0113365 0.006722 0.004045 0.0024255 0.001452 0.000849 0.000485 0.0002675 0.000152 
1 0.95032 0.815386 0.595828 0.386039 0.237687 0.144573 0.087346 0.052336 0.0314815 0.01898 0.0113985 0.00691 0.0040885 0.002385 0.0013905 0.0007355 0.0003425 0.000135 4e-05 
1 0.949326 0.812333 0.589541 0.37587 0.22567 0.132364 0.0766225 0.043786 0.0246195 0.0134735 0.0069955 0.0034775 0.0016725 0.0007725 0.000328 0.000107 2.9e-05 6.5e-06 5e-07 
1 0.948884 0.812406 0.590747 0.378736 0.230076 0.138389 0.0831635 0.0497325 0.029688 0.0176545 0.010528 0.0064035 0.003942 0.0024465 0.001556 0.0010195 0.000698 0.000531 0.000395 
1 0.949494 0.812972 0.591499 0.378846 0.230227 0.137681 0.081969 0.0485465 0.0286665 0.016865 0.0101 0.0059895 0.0036125 0.002288 0.0014675 0.0009605 0.000627 0.0004015 0.000273 
1 0.950704 0.817099 0.598627 0.386961 0.237671 0.143455 0.086024 0.051243 0.0306395 0.018084 0.010568 0.006401 0.0039375 0.002369 0.0014165 0.000861 0.0004955 0.000271 0.000155 
1 0.950467 0.816338 0.596824 0.384929 0.234463 0.139387 0.0821465 0.0483645 0.0282745 0.016382 0.00952 0.0054165 0.0031515 0.0018695 0.00111 0.00066 0.0004205 0.0002745 0.000175 
1 0.949661 0.813249 0.589762 0.376154 0.22752 0.134914 0.079244 0.046179 0.026635 0.0150985 0.008613 0.005079 0.003058 0.0018865 0.001194 0.0007905 0.000541 0.00038 0.000262 
1 0.950461 0.816968 0.598992 0.387803 0.238327 0.143622 0.086552 0.0522965 0.0317065 0.019276 0.011612 0.006955 0.0039565 0.0021905 0.001204 0.0006535 0.000316 0.0001585 9.2e-05 
1 0.950135 0.815509 0.595111 0.38321 0.233807 0.139795 0.082674 0.049219 0.0296945 0.018131 0.0111415 0.0070185 0.004508 0.002907 0.001866 0.0012095 0.0008245 0.0006165 0.000433 
1 0.95014 0.815519 0.597149 0.387168 0.238403 0.144292 0.087029 0.052296 0.0313535 0.0189975 0.011575 0.007069 0.004236 0.002529 0.00142 0.0007725 0.000458 0.000273 0.000167 
1 0.95021 0.814916 0.594567 0.382976 0.234096 0.140582 0.0842955 0.050567 0.0298615 0.017448 0.0099435 0.005474 0.0029585 0.001601 0.0008155 0.0004545 0.0002505 0.000124 5.8e-05 
1 0.950149 0.8153 0.595392 0.383699 0.233503 0.13869 0.081557 0.047747 0.027733 0.0158825 0.00905 0.005118 0.0029295 0.001646 0.0009705 0.0006125 0.0004005 0.000236 0.0001265 
1 0.950107 0.815343 0.595873 0.3856 0.237793 0.144133 0.087156 0.0522365 0.031701 0.0193965 0.011836 0.007401 0.004904 0.00333 0.002279 0.001582 0.0011455 0.000799 0.0005505 
1 0.950623 0.817695 0.599703 0.389848 0.24056 0.146786 0.0895595 0.054725 0.0336395 0.0203835 0.0124335 0.007617 0.0047675 0.0031425 0.0020815 0.0013475 0.000849 0.000497 0.0002995 
1 0.949456 0.813325 0.591464 0.379198 0.230637 0.13813 0.082137 0.0484225 0.028307 0.0167075 0.0099685 0.0059235 0.00353 0.0021785 0.00137 0.00088 0.0005215 0.0002865 0.000132 
1 0.949477 0.81423 0.593477 0.381739 0.233372 0.141465 0.085519 0.0513925 0.0305665 0.017883 0.010533 0.0061755 0.0035385 0.001969 0.001075 0.000543 0.0002565 9.4e-05 2.55e-05 
1 0.950265 0.81527 0.595097 0.384561 0.236419 0.142716 0.0850965 0.0506295 0.0300555 0.017807 0.01069 0.006375 0.003739 0.0021015 0.0011775 0.0006885 0.0004315 0.00027 0.000164 
1 0.95017 0.81547 0.595305 0.38394 0.233385 0.139157 0.082926 0.05001 0.030214 0.018239 0.0107975 0.0062095 0.0034365 0.001984 0.0012 0.000739 0.000446 0.000257 0.000142 
1 0.949886 0.815044 0.594723 0.382481 0.233276 0.140479 0.085534 0.0526145 0.0330705 0.020906 0.013058 0.0078755 0.0045665 0.002529 0.0013415 0.0007155 0.0004045 0.0002155 0.00011 
1 0.950465 0.81601 0.596985 0.386413 0.238678 0.145497 0.088523 0.053974 0.032868 0.020183 0.012598 0.0078675 0.0049315 0.003189 0.0021475 0.0015335 0.001158 0.0008985 0.0006665 
1 0.950112 0.815624 0.595553 0.382888 0.232809 0.138049 0.081152 0.047519 0.027965 0.0164795 0.0098095 0.0057895 0.003482 0.0021715 0.001346 0.0008375 0.0005055 0.0002895 0.0001635 
1 0.949352 0.812857 0.590515 0.377509 0.227203 0.13404 0.0779405 0.0451015 0.025792 0.0146745 0.0082225 0.0043895 0.002208 0.001066 0.0004965 0.000208 6.75e-05 1.4e-05 5e-07 
1 0.949538 0.812612 0.589648 0.376214 0.226582 0.13309 0.0770005 0.044109 0.024507 0.0133235 0.0072805 0.0041125 0.002442 0.0015275 0.000946 0.0006205 0.0003395 0.0001505 5.8e-05 
1 0.949892 0.814662 0.593646 0.381135 0.23261 0.140405 0.084633 0.0511615 0.031276 0.0191325 0.011917 0.0075495 0.004932 0.0032075 0.0021525 0.001444 0.000989 0.0006725 0.000458 
1 0.94965 0.814643 0.593316 0.380713 0.231158 0.13745 0.081355 0.048323 0.0290005 0.017292 0.0106075 0.0067395 0.004473 0.0030855 0.002223 0.001661 0.0012665 0.000967 0.0007355 
1 0.949825 0.814487 0.5929 0.381292 0.231715 0.137866 0.0810895 0.0479485 0.0287125 0.017247 0.0104025 0.0061785 0.0036325 0.0021195 0.001339 0.0009305 0.0006985 0.000564 0.0004625 
1 0.94974 0.813991 0.592735 0.381243 0.233677 0.141302 0.085116 0.051179 0.0307835 0.0184405 0.011208 0.0067285 0.0038565 0.002199 0.001271 0.000788 0.0004805 0.00026 0.000121 
1 0.949963 0.815066 0.593834 0.381696 0.233156 0.140624 0.084519 0.050328 0.029916 0.017816 0.0104945 0.006025 0.003377 0.0019655 0.001161 0.000655 0.00037 0.000204 9.2e-05 
1 0.950896 0.818156 0.601063 0.392193 0.24321 0.148438 0.090511 0.0556715 0.0346485 0.021531 0.0133875 0.008327 0.005204 0.003288 0.002003 0.001099 0.0005515 0.00029 0.000155 
1 0.950488 0.816987 0.598462 0.38689 0.237311 0.143525 0.0869815 0.052829 0.032379 0.020116 0.0127765 0.008381 0.0055135 0.003701 0.002455 0.001653 0.0011375 0.0007345 0.0004325 
1 0.949263 0.812467 0.589867 0.37552 0.226365 0.133802 0.0784035 0.045802 0.026586 0.015548 0.00925 0.005582 0.0034965 0.0022445 0.0014175 0.0007775 0.0003985 0.000185 8.2e-05 
1 0.94994 0.81436 0.594294 0.384206 0.236323 0.143459 0.0869395 0.053271 0.0331285 0.020826 0.013162 0.0083675 0.005395 0.003524 0.002409 0.0016875 0.001181 0.0008525 0.0006025 
1 0.950106 0.815848 0.596589 0.385893 0.236699 0.143809 0.087517 0.053877 0.0335845 0.021076 0.013459 0.008622 0.005448 0.0034615 0.002169 0.0012885 0.0007305 0.000427 0.000241 
1 0.949749 0.814329 0.594102 0.382702 0.234046 0.140117 0.083259 0.0495775 0.029908 0.018081 0.011032 0.006605 0.0039845 0.0024025 0.001453 0.0008555 0.000518 0.0003405 0.000239 
1 0.950041 0.815204 0.594119 0.382218 0.233371 0.141368 0.085715 0.0514445 0.030837 0.01843 0.0110155 0.0067025 0.004091 0.0025615 0.001602 0.001014 0.000654 0.00043 0.000293 
1 0.950328 0.815914 0.595373 0.381674 0.231623 0.13794 0.081392 0.048248 0.0292095 0.0179845 0.0112325 0.0070645 0.004282 0.002611 0.00156 0.000855 0.000469 0.0002785 0.0002025 
1 0.949602 0.813465 0.592112 0.379598 0.231117 0.137774 0.0811305 0.0473785 0.0273785 0.015902 0.0093085 0.005517 0.003451 0.00231 0.0015965 0.0011245 0.00074 0.000504 0.0003175 
1 0.949131 0.811988 0.589274 0.37765 0.230475 0.138273 0.0826485 0.0496555 0.029956 0.0178175 0.0104745 0.0063045 0.003887 0.0025365 0.001678 0.001091 0.000623 0.0002735 9.15e-05 
1 0.949978 0.815794 0.596212 0.38434 0.233961 0.139841 0.083314 0.0494985 0.028364 0.0158755 0.0087375 0.004761 0.002658 0.0014745 0.000831 0.000457 0.0002285 9.15e-05 3.6e-05 
1 0.9504 0.816847 0.598875 0.38844 0.238567 0.144004 0.086546 0.052204 0.0318545 0.019532 0.01179 0.0072 0.0044315 0.0027445 0.0016965 0.0011015 0.0007225 0.000487 0.000341 
1 0.949738 0.813967 0.592978 0.380739 0.231541 0.138645 0.082283 0.0485675 0.02864 0.017122 0.0104285 0.0065665 0.004135 0.002484 0.001418 0.0007795 0.000372 0.0001385 4.6e-05 
1 0.949493 0.813394 0.593377 0.381947 0.234616 0.143407 0.087186 0.052259 0.030914 0.0180055 0.0103675 0.006106 0.003695 0.002104 0.001149 0.0005705 0.0002825 0.000136 6.4e-05 
1 0.950417 0.815467 0.594989 0.381861 0.232001 0.138874 0.082214 0.0482565 0.0282695 0.0163355 0.0093525 0.0052525 0.003025 0.00176 0.0010575 0.000668 0.000451 0.000343 0.0002705 
1 0.950532 0.81668 0.596987 0.386285 0.237393 0.144323 0.0877465 0.0534025 0.032428 0.019715 0.011979 0.0071355 0.0042995 0.0027535 0.001774 0.001149 0.000758 0.000514 0.000324 
1 0.950412 0.816178 0.596417 0.384869 0.234976 0.140607 0.083834 0.0499915 0.029948 0.017948 0.010888 0.006544 0.003854 0.002257 0.0012765 0.000728 0.0004075 0.0002045 8.8e-05 
1 0.950157 0.815425 0.595069 0.383743 0.235399 0.141861 0.0850605 0.0516475 0.0321235 0.020272 0.01305 0.0085945 0.005734 0.003807 0.002527 0.0016695 0.001135 0.00082 0.0006255 
1 0.949537 0.81429 0.594805 0.383702 0.235701 0.143496 0.0874725 0.053799 0.0333245 0.020817 0.0129875 0.00806 0.0048545 0.0029275 0.001742 0.001077 0.000693 0.000458 0.000301 
1 0.949932 0.814078 0.592865 0.37935 0.229937 0.137121 0.08135 0.04748 0.0272285 0.015311 0.008546 0.00471 0.0026715 0.0014835 0.0008625 0.000473 0.0002495 0.000146 0.0001055 
1 0.950501 0.816485 0.597124 0.385346 0.235401 0.140701 0.083408 0.049219 0.0287525 0.016796 0.009942 0.0058285 0.0035825 0.0021815 0.001228 0.0006215 0.000278 0.0001085 3.15e-05 
1 0.950271 0.815527 0.595662 0.3838 0.234494 0.141649 0.085517 0.0520065 0.0320235 0.0194675 0.0117395 0.0070675 0.0042365 0.0024635 0.001405 0.000758 0.000355 0.000157 5.6e-05 
1 0.949384 0.814172 0.593014 0.381339 0.232606 0.139537 0.083387 0.050039 0.030398 0.018502 0.011321 0.0069875 0.0043605 0.0028055 0.0017925 0.0011355 0.0007015 0.000374 0.000169 
1 0.950309 0.815969 0.597106 0.385535 0.235844 0.142022 0.08478 0.0504655 0.0296505 0.017305 0.009908 0.005739 0.003424 0.0020455 0.0012155 0.000687 0.00034 0.000144 5.95e-05 
1 0.950234 0.816234 0.597768 0.386521 0.237595 0.144383 0.087233 0.0520385 0.0305535 0.0177105 0.010172 0.0058435 0.0033325 0.0018715 0.0010305 0.000581 0.000289 0.00015 6.9e-05 
1 0.950205 0.816262 0.597575 0.387616 0.239926 0.147138 0.09092 0.0558035 0.033988 0.0207335 0.0125945 0.0076165 0.00465 0.002838 0.001843 0.001268 0.0008395 0.0005405 0.0003455 
1 0.950148 0.815465 0.595244 0.384046 0.235128 0.142149 0.085595 0.051355 0.0309355 0.0186255 0.0110605 0.0063525 0.003534 0.002017 0.0011795 0.0006785 0.00034 0.000165 7.7e-05 
1 0.950383 0.815694 0.595865 0.38311 0.233151 0.139471 0.082834 0.049185 0.0293595 0.017708 0.010576 0.00605 0.0033705 0.0018585 0.0010955 0.000686 0.0004355 0.000265 0.000154 
1 0.950005 0.815147 0.59428 0.381098 0.231425 0.138123 0.0818095 0.0482225 0.028434 0.016802 0.0099785 0.005986 0.0035405 0.0021155 0.001251 0.00082 0.000582 0.000445 0.000336 
1 0.949809 0.813988 0.592982 0.379982 0.229944 0.137392 0.082335 0.0494815 0.0297395 0.017739 0.010504 0.0061865 0.0035895 0.0021005 0.001253 0.000768 0.0004875 0.000341 0.0002255 
1 0.94964 0.813686 0.593792 0.382182 0.235034 0.14254 0.085653 0.0507615 0.0299865 0.017948 0.0108755 0.006678 0.004202 0.002586 0.0016385 0.001056 0.0007095 0.000472 0.0002805 
1 0.949966 0.814678 0.593689 0.381561 0.232577 0.139574 0.0829925 0.0490195 0.028971 0.0170225 0.0098935 0.0057015 0.0032695 0.0018335 0.0009805 0.0005045 0.0002325 7.65e-05 1.55e-05 
1 0.950014 0.815631 0.595889 0.383845 0.234158 0.140347 0.083816 0.050028 0.030185 0.0184255 0.011278 0.0069065 0.0042335 0.002583 0.0015815 0.0009535 0.0005535 0.0003155 0.00015 
1 0.949509 0.813781 0.593456 0.381297 0.23278 0.140293 0.0850475 0.0520145 0.0318465 0.0195135 0.011996 0.007161 0.0040735 0.0022895 0.0011945 0.0006145 0.00033 0.000179 9.05e-05 
1 0.949602 0.813674 0.591748 0.37877 0.229941 0.137325 0.0818005 0.048844 0.02968 0.018249 0.0113455 0.0071905 0.004656 0.003128 0.002197 0.001574 0.001094 0.000725 0.0004535 
1 0.949691 0.813826 0.592882 0.380529 0.231295 0.139244 0.082618 0.048362 0.028063 0.0162055 0.0092455 0.0051415 0.002722 0.0014505 0.000784 0.000415 0.0002265 0.000138 8.25e-05 
1 0.950238 0.815371 0.595196 0.383144 0.234382 0.141892 0.086025 0.0521325 0.031308 0.018716 0.0112855 0.0069535 0.004219 0.0024555 0.001391 0.00075 0.0004215 0.000211 9.3e-05 
1 0.949365 0.812309 0.589622 0.377305 0.22878 0.136421 0.080133 0.047292 0.027705 0.0164615 0.0099905 0.0059525 0.0035245 0.0020815 0.0012065 0.0006595 0.0003545 0.0001595 6.9e-05 
1 0.949939 0.814126 0.59284 0.379539 0.229663 0.135856 0.0796145 0.046707 0.027305 0.0159415 0.0091915 0.0053655 0.003251 0.002077 0.00141 0.0010225 0.0007025 0.0004325 0.000256 
1 0.949312 0.813183 0.591283 0.378584 0.229808 0.136254 0.0808155 0.047642 0.0278885 0.016027 0.009142 0.005252 0.0030205 0.0017705 0.0010505 0.000628 0.0003765 0.000223 0.000132 
1 0.949358 0.812682 0.591323 0.37823 0.228953 0.136269 0.0803125 0.0471135 0.0277335 0.0159685 0.009042 0.00511 0.0028355 0.0015565 0.000818 0.0004205 0.0001875 7.15e-05 1.5e-05 
1 0.950509 0.816202 0.597807 0.387648 0.238365 0.144517 0.0866435 0.0516145 0.030664 0.0180865 0.010517 0.0061275 0.0034495 0.001808 0.000978 0.0005405 0.0003235 0.000181 8.95e-05 
1 0.950012 0.815195 0.59575 0.383614 0.234976 0.142076 0.085976 0.051936 0.0310865 0.018673 0.0112665 0.0068705 0.004264 0.002713 0.0017515 0.001163 0.000734 0.000427 0.000238 
1 0.950799 0.817134 0.59939 0.388647 0.239019 0.144477 0.086924 0.0525885 0.032218 0.0200265 0.012654 0.0081285 0.005284 0.0034515 0.0022255 0.001502 0.001064 0.0007755 0.0005615 
1 0.949876 0.814842 0.594846 0.383749 0.235513 0.143057 0.086928 0.053186 0.0325265 0.0200095 0.012197 0.0074325 0.0045495 0.0028445 0.0018585 0.0012255 0.000847 0.0005885 0.000385 
1 0.950368 0.816705 0.597567 0.387799 0.240058 0.146334 0.087977 0.052141 0.0306805 0.018138 0.0107235 0.0061075 0.0034995 0.0020065 0.001101 0.00052 0.000212 7.35e-05 2.25e-05 
1 0.950236 0.816203 0.597973 0.387329 0.238612 0.144335 0.0860175 0.050665 0.02987 0.0175025 0.0100495 0.0055365 0.0029305 0.0014905 0.0006905 0.0003075 0.0001295 5.15e-05 1.5e-05 
1 0.950269 0.815914 0.596115 0.384181 0.235122 0.14176 0.084671 0.0507585 0.0307165 0.018852 0.0115925 0.007083 0.004245 0.002377 0.0012285 0.0006285 0.0002875 9.15e-05 1.55e-05 
1 0.949614 0.813838 0.591773 0.37965 0.231731 0.1399 0.0842665 0.050786 0.03052 0.01816 0.010863 0.0065755 0.004009 0.0025135 0.0015455 0.0009615 0.0006115 0.0004105 0.000274 
1 0.950729 0.817188 0.598549 0.387302 0.237803 0.14411 0.087204 0.0527145 0.0319605 0.0199515 0.01283 0.0084315 0.0057715 0.003932 0.002616 0.0016615 0.001044 0.000632 0.0003225 
1 0.949828 0.814313 0.593456 0.380918 0.231104 0.137103 0.080728 0.04738 0.027597 0.0158935 0.0089535 0.0047405 0.00249 0.0014015 0.0008975 0.0006615 0.0004885 0.0003615 0.000258 
1 0.949623 0.814363 0.592947 0.380852 0.232877 0.141167 0.085576 0.0515175 0.0309385 0.018447 0.010772 0.0062495 0.003631 0.002026 0.001099 0.0005625 0.0003055 0.0002005 0.000135 
1 0.94969 0.814169 0.592369 0.379079 0.228876 0.135626 0.0806125 0.0478465 0.0284525 0.0169075 0.010121 0.0060075 0.003619 0.0023175 0.0015265 0.0009965 0.000678 0.000438 0.000246 
1 0.950427 0.815787 0.596083 0.384259 0.234664 0.140848 0.0844965 0.050606 0.030092 0.01785 0.010767 0.006614 0.004105 0.0025595 0.001583 0.0009475 0.0005255 0.0002755 0.000118 
1 0.950802 0.818074 0.600617 0.389613 0.240163 0.146011 0.0888465 0.05405 0.032801 0.020034 0.012071 0.007254 0.0042065 0.0022825 0.0011215 0.000512 0.000224 7.4e-05 2.55e-05 
1 0.950051 0.815105 0.595491 0.385231 0.237725 0.144816 0.0872645 0.052309 0.0310825 0.018426 0.010968 0.0065775 0.004098 0.0026445 0.001738 0.0011315 0.000755 0.000512 0.000339 
1 0.9497 0.813556 0.592522 0.381341 0.233978 0.1422 0.08694 0.053274 0.03251 0.019476 0.011282 0.006597 0.0040055 0.002476 0.001532 0.000944 0.000559 0.000331 0.000186 
1 0.950579 0.817075 0.599426 0.3892 0.239246 0.144322 0.0863 0.0514815 0.0311685 0.019163 0.011715 0.0072155 0.004496 0.002657 0.001571 0.000945 0.000572 0.0003685 0.000221 
1 0.949677 0.813778 0.592056 0.380769 0.232646 0.140663 0.085405 0.052491 0.032726 0.0207135 0.013371 0.0088845 0.0059695 0.00406 0.0027605 0.001796 0.0011415 0.0007095 0.000422 
1 0.949537 0.813604 0.593209 0.381889 0.233945 0.141459 0.085033 0.0506085 0.0299955 0.017699 0.0103355 0.0059635 0.003564 0.0021735 0.0012625 0.000699 0.000407 0.0002505 0.0001645 
1 0.949883 0.81465 0.594133 0.381617 0.232544 0.139834 0.0842885 0.0512005 0.0314205 0.019514 0.0120555 0.007471 0.0045375 0.0027895 0.0017025 0.001043 0.0006125 0.0003515 0.0001785 
1 0.950027 0.814688 0.594693 0.382642 0.233178 0.139907 0.0836055 0.049597 0.0296525 0.018151 0.01134 0.007055 0.0043115 0.002619 0.00158 0.000951 0.0005645 0.000309 0.0001735 
1 0.950661 0.816758 0.598303 0.38766 0.237809 0.143162 0.0855985 0.0510165 0.0305985 0.018506 0.011192 0.006571 0.0038485 0.002195 0.0011795 0.000608 0.000283 0.000114 3.35e-05 
1 0.949456 0.813238 0.590669 0.377473 0.229043 0.136849 0.081333 0.0479325 0.0284355 0.0167555 0.0097475 0.0055455 0.0030835 0.0016855 0.0008935 0.000484 0.0002525 0.0001025 4.2e-05 
1 0.950028 0.814544 0.593705 0.379679 0.229162 0.136045 0.080115 0.0465905 0.0269955 0.0159615 0.009595 0.00581 0.0037055 0.002405 0.001557 0.001045 0.0006545 0.0003735 0.000204 
1 0.949936 0.815007 0.595384 0.38521 0.237873 0.144991 0.0872735 0.0523355 0.031208 0.0185625 0.0111285 0.0066445 0.0040275 0.002478 0.00152 0.0009005 0.000492 0.000272 0.000137 
1 0.950468 0.816149 0.597132 0.385616 0.235704 0.140877 0.0827045 0.0484145 0.0285645 0.0169665 0.0100835 0.0061235 0.0038235 0.002592 0.001803 0.0012845 0.00094 0.000713 0.0005345 
1 0.950125 0.814458 0.594458 0.383313 0.23454 0.140738 0.08317 0.0493455 0.0291485 0.0170075 0.0098665 0.0057165 0.0034625 0.002181 0.0014205 0.000921 0.0005915 0.000365 0.0001995 
1 0.949871 0.814733 0.594372 0.38213 0.232363 0.138308 0.0816765 0.048186 0.028673 0.016968 0.0098795 0.0056805 0.003257 0.001841 0.0011 0.0006845 0.0005065 0.000404 0.000335 
1 0.949525 0.812837 0.590374 0.377344 0.228436 0.13536 0.079456 0.046242 0.026497 0.0151815 0.008652 0.004892 0.002726 0.001501 0.0008 0.0004085 0.000258 0.0001885 0.0001245 
1 0.950645 0.817039 0.598068 0.387559 0.238442 0.14454 0.0863155 0.0509245 0.0299505 0.017677 0.010282 0.0059545 0.0034855 0.00208 0.001255 0.000772 0.0004825 0.000295 0.000172 
1 0.950349 0.815204 0.596037 0.385856 0.237126 0.143136 0.0862185 0.0519475 0.031272 0.018635 0.011029 0.006618 0.003991 0.002421 0.0014185 0.0007835 0.0004175 0.000222 0.0001015 
1 0.949491 0.813429 0.592814 0.381247 0.232952 0.140188 0.083215 0.0485585 0.028232 0.0164275 0.0096505 0.0056975 0.0032675 0.00186 0.0010385 0.000562 0.0003125 0.000184 0.000101 
1 0.949973 0.81493 0.595138 0.383903 0.233439 0.139563 0.082491 0.048306 0.028454 0.0171735 0.010612 0.006682 0.004302 0.0028365 0.001897 0.0012315 0.0007675 0.000462 0.0002625 
1 0.950532 0.816474 0.597199 0.385676 0.236808 0.142776 0.085268 0.050983 0.0307325 0.0186865 0.011407 0.0072615 0.0048925 0.003345 0.002167 0.001254 0.000652 0.000284 0.0001285 
1 0.949204 0.812739 0.591344 0.378867 0.229538 0.135947 0.079795 0.046445 0.0267895 0.0153975 0.008781 0.004958 0.002811 0.0015975 0.000912 0.0004965 0.0002405 0.0001175 4.6e-05 
1 0.949938 0.814706 0.594226 0.383484 0.234458 0.140446 0.0835935 0.0497335 0.029918 0.018136 0.0112135 0.006993 0.0042815 0.0026815 0.0017625 0.001231 0.0008865 0.000639 0.0004535 
1 0.949687 0.81443 0.593154 0.381415 0.232027 0.137492 0.080185 0.046437 0.0271075 0.015877 0.0091305 0.005175 0.0029145 0.001522 0.0007545 0.000342 0.0001325 4.35e-05 1.15e-05 
1 0.949865 0.814844 0.594666 0.381689 0.232139 0.138551 0.08224 0.0488105 0.0289645 0.017184 0.0103155 0.0063755 0.0040865 0.0025865 0.0016435 0.000988 0.0005745 0.000333 0.0002265 
1 0.949826 0.81386 0.592787 0.381014 0.233702 0.140433 0.0839665 0.0504215 0.030757 0.018938 0.0116155 0.007186 0.0044635 0.002783 0.0016995 0.00106 0.0006805 0.0004255 0.000258 
1 0.950576 0.816274 0.597315 0.386564 0.238251 0.14523 0.088452 0.05375 0.0327165 0.019979 0.012092 0.007377 0.0045215 0.0027955 0.0017005 0.000977 0.000538 0.000268 0.0001085 
1 0.950326 0.815703 0.595064 0.383431 0.234203 0.140859 0.084027 0.0496045 0.028942 0.016698 0.0094675 0.0052645 0.002848 0.0015125 0.0007575 0.0003255 0.000137 6e-05 2.1e-05 
1 0.950653 0.816856 0.597575 0.38572 0.235536 0.14125 0.084128 0.049568 0.028835 0.0166685 0.009632 0.0055595 0.003316 0.002 0.0011605 0.000671 0.000394 0.00026 0.0001475 
1 0.949816 0.814437 0.593819 0.382179 0.232971 0.139846 0.083314 0.049465 0.0294005 0.017333 0.009955 0.0055905 0.00323 0.0019745 0.001429 0.0010925 0.000812 0.000562 0.0003695 
1 0.949495 0.812587 0.589787 0.376941 0.229373 0.137492 0.081902 0.0488945 0.028871 0.016922 0.009757 0.0055685 0.003191 0.0018645 0.001209 0.0008315 0.0005855 0.000416 0.0003185 
1 0.949159 0.812078 0.588685 0.375152 0.225709 0.132991 0.0778515 0.045681 0.026932 0.015989 0.0097235 0.00607 0.003668 0.002164 0.001371 0.0008915 0.000598 0.0003905 0.000231 
1 0.950831 0.817142 0.597808 0.385073 0.235374 0.141633 0.0845305 0.0503345 0.030072 0.01766 0.0103325 0.0059715 0.0035955 0.0023695 0.0016055 0.0010375 0.000643 0.000409 0.000278 
1 0.950161 0.815552 0.594533 0.382078 0.232235 0.139188 0.082888 0.0484715 0.0279195 0.0160285 0.00913 0.005355 0.003296 0.0021345 0.0015125 0.0010465 0.0006495 0.000352 0.000179 
1 0.949858 0.814827 0.594466 0.383446 0.235404 0.142413 0.0861255 0.052193 0.03162 0.0193845 0.0119645 0.007372 0.0047025 0.0031375 0.0021495 0.001486 0.00104 0.0007045 0.0004655 
1 0.94993 0.815362 0.594628 0.383168 0.235067 0.142626 0.0861965 0.052201 0.031855 0.019341 0.0115265 0.0068375 0.003977 0.00225 0.001225 0.000615 0.000247 8.8e-05 2.85e-05 
1 0.950021 0.815983 0.597299 0.386114 0.236315 0.141314 0.083352 0.049058 0.029285 0.0178125 0.010903 0.0067275 0.0042325 0.00292 0.002173 0.001689 0.0013185 0.0010145 0.000796 
1 0.9498 0.814225 0.593786 0.382329 0.233647 0.14062 0.084163 0.0501665 0.0302245 0.018369 0.0111585 0.0066805 0.0038805 0.002261 0.001336 0.00082 0.0005185 0.000293 0.000132 
1 0.949712 0.814557 0.593063 0.380746 0.231414 0.139014 0.0839305 0.0510155 0.0312325 0.0189115 0.011515 0.0069555 0.004152 0.00237 0.001267 0.0006465 0.0003025 0.0001285 5e-05 
1 0.949633 0.813382 0.591442 0.379243 0.231525 0.139102 0.0835195 0.0499815 0.030011 0.0179735 0.010562 0.0059475 0.00328 0.001793 0.000994 0.0005285 0.000275 0.0001075 2.65e-05 
1 0.950216 0.815328 0.596513 0.3852 0.236599 0.144017 0.087711 0.0534245 0.0320715 0.0192 0.011395 0.0067595 0.004136 0.002647 0.001804 0.0012695 0.000898 0.0005685 0.0003245 
1 0.949681 0.81442 0.594081 0.382695 0.234012 0.140594 0.0839815 0.0500185 0.0299095 0.0179 0.01057 0.006046 0.00352 0.0021425 0.0013185 0.000806 0.0004855 0.000285 0.0001555 
1 0.9491 0.812667 0.590212 0.377286 0.229243 0.137714 0.0823045 0.0488825 0.028673 0.0170115 0.0101525 0.006098 0.003578 0.0020095 0.001006 0.0005095 0.0002775 0.0001515 8.15e-05 
1 0.94984 0.81462 0.594079 0.382261 0.233482 0.140723 0.0850355 0.051693 0.03182 0.019725 0.0124075 0.0077475 0.0048665 0.003059 0.001807 0.001075 0.0006565 0.000406 0.0002585 
1 0.95001 0.814758 0.594124 0.382459 0.233933 0.141031 0.0847095 0.0510905 0.031109 0.0193495 0.012314 0.007794 0.004942 0.003155 0.002167 0.001568 0.001127 0.000829 0.000596 
1 0.95005 0.81544 0.595188 0.383364 0.234106 0.140797 0.08407 0.0498385 0.029002 0.016375 0.0091715 0.005251 0.0029445 0.001687 0.001001 0.0005635 0.0002885 0.0001085 3e-05 
1 0.950132 0.815252 0.594527 0.382472 0.232084 0.138168 0.0813755 0.047731 0.0281315 0.016757 0.010113 0.006155 0.00369 0.002233 0.001442 0.000973 0.000662 0.0004525 0.0002865 
1 0.950337 0.816067 0.595785 0.38299 0.233229 0.139888 0.084514 0.051471 0.031347 0.0193805 0.012333 0.007922 0.005088 0.003261 0.002041 0.0012385 0.0007415 0.000409 0.0002055 
1 0.949687 0.814558 0.593679 0.381767 0.232752 0.138603 0.0817615 0.047963 0.0276255 0.0157985 0.0089685 0.0049615 0.00273 0.0014615 0.000739 0.000357 0.0001885 0.0001115 6.9e-05 
1 0.95016 0.816219 0.597 0.385458 0.23565 0.141206 0.0842515 0.0501665 0.030022 0.018337 0.0113845 0.007267 0.004565 0.002799 0.001724 0.001067 0.0006385 0.0003685 0.0002075 
1 0.950054 0.815622 0.596043 0.38557 0.237839 0.144959 0.088654 0.054729 0.03394 0.0210905 0.013134 0.008082 0.0048175 0.002786 0.0016115 0.0009465 0.000601 0.000383 0.0002685 
1 0.950347 0.816462 0.597498 0.385818 0.236499 0.143044 0.0858195 0.0511835 0.030407 0.0177525 0.0101205 0.0058995 0.0034505 0.001984 0.0010615 0.0005385 0.0002395 0.0001025 3.55e-05 
1 0.950714 0.817008 0.598269 0.387535 0.239344 0.14642 0.08927 0.0542 0.032451 0.0190595 0.011141 0.0065885 0.0040285 0.002698 0.001976 0.001592 0.001368 0.001205 0.0010685 
1 0.950135 0.815385 0.594643 0.383196 0.233136 0.139353 0.0827885 0.0490615 0.0291085 0.017376 0.010178 0.0058545 0.003379 0.001977 0.001123 0.000633 0.000355 0.0001895 0.000111 
