1 0.69665 0.361615 0.12324 0.02623 0.00383 0.00046 5.5e-05 5e-06 0 0 0 0 0 0 0 0 0 0 0 
1 0.698555 0.36353 0.12286 0.02582 0.003665 0.0004 2e-05 0 0 0 0 0 0 0 0 0 0 0 0 
1 0.698365 0.36159 0.12165 0.025495 0.00379 0.000505 4e-05 0 0 0 0 0 0 0 0 0 0 0 0 
1 0.69943 0.36268 0.123475 0.026865 0.004235 0.000465 2.5e-05 2.17451e-17 0 0 0 0 0 0 0 0 0 0 0 
1 0.70032 0.36385 0.125115 0.02697 0.004165 0.00046 4e-05 0 0 0 0 0 0 0 0 0 0 0 0 
1 0.69932 0.362745 0.123565 0.026945 0.00402 0.000365 3e-05 0 0 0 0 0 0 0 0 0 0 0 0 
1 0.701055 0.36658 0.12604 0.02671 0.00392 0.000395 5e-05 1e-05 0 0 0 0 0 0 0 0 0 0 0 
1 0.698425 0.363845 0.12364 0.02708 0.00398 0.00048 4e-05 5e-06 0 0 0 0 0 0 0 0 0 0 0 
1 0.69905 0.365565 0.124935 0.02744 0.0042 0.000415 4.5e-05 0 0 0 0 0 0 0 0 0 0 0 0 
1 0.69893 0.36311 0.12457 0.02685 0.004265 0.000415 1.5e-05 0 0 0 0 0 0 0 0 0 0 0 0 
1 0.69887 0.364145 0.12344 0.02629 0.00376 0.00036 2e-05 0 0 0 0 0 0 0 0 0 0 0 0 
1 0.70079 0.366335 0.12505 0.02698 0.004365 0.000595 4e-05 5e-06 0 0 0 0 0 0 0 0 0 0 0 
1 0.70001 0.36463 0.125085 0.02742 0.003925 0.000435 3.5e-05 5e-06 0 0 0 0 0 0 0 0 0 0 0 
1 0.698815 0.361145 0.12354 0.026325 0.004015 0.00044 3e-05 0 0 0 0 0 0 0 0 0 0 0 0 
1 0.70015 0.365235 0.12423 0.026555 0.003775 0.0004 4.5e-05 5e-06 0 0 0 0 0 0 0 0 0 0 0 
1 0.70235 0.36735 0.126385 0.02808 0.00421 0.000475 6e-05 0 0 0 0 0 0 0 0 0 0 0 0 
1 0.699365 0.36528 0.124225 0.02676 0.00358 0.000405 3e-05 0 0 0 0 0 0 0 0 0 0 0 0 
1 0.7011 0.36563 0.124055 0.02686 0.00361 0.00039 4.5e-05 5e-06 0 0 0 0 0 0 0 0 0 0 0 
1 0.698135 0.361245 0.122155 0.025535 0.003765 0.00036 2e-05 0 0 0 0 0 0 0 0 0 0 0 0 
1 0.703715 0.370775 0.128535 0.028795 0.004515 0.00049 4.5e-05 1e-05 0 0 0 0 0 0 0 0 0 0 0 
1 0.70016 0.364675 0.124125 0.026465 0.003925 0.000265 1e-05 0 0 0 0 0 0 0 0 0 0 0 0 
1 0.69919 0.363355 0.124385 0.027025 0.004255 0.000455 2e-05 0 0 0 0 0 0 0 0 0 0 0 0 
1 0.698585 0.364345 0.125615 0.02773 0.00411 0.000445 5e-05 0 0 0 0 0 0 0 0 0 0 0 0 
1 0.70186 0.365015 0.12418 0.026485 0.00406 0.00044 5e-05 1e-05 0 0 0 0 0 0 0 0 0 0 0 
1 0.698445 0.363175 0.122575 0.02636 0.00394 0.00039 4.5e-05 1e-05 0 0 0 0 0 0 0 0 0 0 0 
1 0.701635 0.36637 0.12408 0.026495 0.004 0.000385 3.5e-05 1e-05 0 0 0 0 0 0 0 0 0 0 0 
1 0.699775 0.36365 0.1228 0.025785 0.003545 0.000315 1e-05 5e-06 0 0 0 0 0 0 0 0 0 0 0 
1 0.699675 0.361835 0.123055 0.026705 0.003875 0.000425 1.5e-05 0 0 0 0 0 0 0 0 0 0 0 0 
1 0.7001 0.364835 0.12475 0.02648 0.003805 0.000385 4e-05 0 0 0 0 0 0 0 0 0 0 0 0 
1 0.699375 0.36479 0.123635 0.026915 0.003995 0.00047 2.5e-05 5e-06 0 0 0 0 0 0 0 0 0 0 0 
1 0.697095 0.3638 0.124005 0.027385 0.004245 0.000455 5e-05 5e-06 0 0 0 0 0 0 0 0 0 0 0 
1 0.702035 0.368005 0.128395 0.02847 0.00398 0.00042 5.5e-05 1.5e-05 5e-06 0 0 0 0 0 0 0 0 0 0 
1 0.69769 0.36337 0.123785 0.02694 0.0042 0.00056 7.5e-05 5e-06 0 0 0 0 0 0 0 0 0 0 0 
1 0.69928 0.36208 0.12283 0.02626 0.00395 0.00042 2.5e-05 1e-05 0 0 0 0 0 0 0 0 0 0 0 
1 0.70156 0.367755 0.126205 0.02707 0.003815 0.0004 3e-05 0 0 0 0 0 0 0 0 0 0 0 0 
1 0.700345 0.364265 0.12467 0.025875 0.00364 0.00038 5e-05 0 0 0 0 0 0 0 0 0 0 0 0 
1 0.70035 0.365185 0.123755 0.027115 0.00405 0.00044 3e-05 0 0 0 0 0 0 0 0 0 0 0 0 
1 0.699665 0.361985 0.122295 0.027045 0.00441 0.00059 5e-05 5e-06 0 0 0 0 0 0 0 0 0 0 0 
1 0.70397 0.36773 0.126315 0.027415 0.00407 0.0004 3.5e-05 5e-06 0 0 0 0 0 0 0 0 0 0 0 
1 0.699455 0.36404 0.12384 0.02707 0.00405 0.00056 2.5e-05 0 0 0 0 0 0 0 0 0 0 0 0 
1 0.702855 0.365825 0.12695 0.0275 0.00438 0.00054 7e-05 5e-06 0 0 0 0 0 0 0 0 0 0 0 
1 0.70182 0.36739 0.127315 0.02742 0.004065 0.00043 4.5e-05 5e-06 0 0 0 0 0 0 0 0 0 0 0 
1 0.69968 0.362665 0.122725 0.026535 0.00392 0.00041 2.5e-05 5e-06 0 0 0 0 0 0 0 0 0 0 0 
1 0.69979 0.36275 0.123275 0.026455 0.003475 0.000325 2.5e-05 0 0 0 0 0 0 0 0 0 0 0 0 
1 0.700675 0.364285 0.12436 0.02656 0.00409 0.000395 3.5e-05 0 0 0 0 0 0 0 0 0 0 0 0 
1 0.69878 0.36241 0.123425 0.02662 0.00379 0.000355 2.5e-05 0 0 0 0 0 0 0 0 0 0 0 0 
1 0.70479 0.367945 0.12595 0.02775 0.00414 0.00052 6.5e-05 2e-05 0 0 0 0 0 0 0 0 0 0 0 
1 0.697985 0.36159 0.1222 0.026645 0.00399 0.000495 6e-05 5e-06 0 0 0 0 0 0 0 0 0 0 0 
1 0.69896 0.36381 0.124675 0.026495 0.00387 0.00041 1e-05 0 0 0 0 0 0 0 0 0 0 0 0 
1 0.70138 0.36648 0.126265 0.02759 0.00404 0.000475 4e-05 0 0 0 0 0 0 0 0 0 0 0 0 
1 0.70028 0.36419 0.12477 0.027415 0.00402 0.000395 4e-05 1e-05 0 0 0 0 0 0 0 0 0 0 0 
1 0.699255 0.36408 0.124945 0.02658 0.00398 0.000475 4.5e-05 5e-06 0 0 0 0 0 0 0 0 0 0 0 
1 0.698525 0.36245 0.123695 0.026625 0.003625 0.00037 3.5e-05 5e-06 0 0 0 0 0 0 0 0 0 0 0 
1 0.701955 0.36593 0.124525 0.026555 0.00382 0.00039 5.5e-05 5e-06 0 0 0 0 0 0 0 0 0 0 0 
1 0.70161 0.36669 0.1258 0.02776 0.00393 0.000475 3.5e-05 5e-06 5e-06 0 0 0 0 0 0 0 0 0 0 
1 0.699645 0.36171 0.12238 0.02576 0.003675 0.000335 3.5e-05 0 0 0 0 0 0 0 0 0 0 0 0 
1 0.70078 0.365885 0.12407 0.02616 0.003535 0.00041 6e-05 0 0 0 0 0 0 0 0 0 0 0 0 
1 0.69932 0.362815 0.1228 0.026555 0.00408 0.00036 3e-05 0 0 0 0 0 0 0 0 0 0 0 0 
1 0.700385 0.363255 0.12324 0.026255 0.003725 0.000295 3e-05 0 0 0 0 0 0 0 0 0 0 0 0 
1 0.70018 0.36537 0.125145 0.02685 0.00392 0.000425 3.5e-05 5e-06 0 0 0 0 0 0 0 0 0 0 0 
1 0.70008 0.363195 0.123995 0.02678 0.004175 0.00035 3e-05 0 0 0 0 0 0 0 0 0 0 0 0 
1 0.70019 0.365575 0.12412 0.027245 0.00416 0.000505 5e-05 1e-05 0 0 0 0 0 0 0 0 0 0 0 
1 0.697045 0.360205 0.12128 0.025715 0.003715 0.00033 2e-05 0 0 0 0 0 0 0 0 0 0 0 0 
1 0.70194 0.363255 0.12323 0.02702 0.003825 0.000395 2e-05 5e-06 0 0 0 0 0 0 0 0 0 0 0 
1 0.700315 0.36423 0.12411 0.02657 0.003665 0.00042 3e-05 0 0 0 0 0 0 0 0 0 0 0 0 
1 0.700465 0.36481 0.125455 0.027725 0.00432 0.00039 4e-05 0 0 0 0 0 0 0 0 0 0 0 0 
1 0.698745 0.3625 0.123855 0.02641 0.003905 0.000455 3e-05 5e-06 0 0 0 0 0 0 0 0 0 0 0 
1 0.700185 0.365305 0.124545 0.02673 0.00406 0.000515 5e-05 0 0 0 0 0 0 0 0 0 0 0 0 
1 0.70055 0.36417 0.12445 0.02692 0.00403 0.00043 4e-05 0 0 0 0 0 0 0 0 0 0 0 0 
1 0.697345 0.36257 0.12228 0.026275 0.00377 0.0004 4e-05 5e-06 5e-06 0 0 0 0 0 0 0 0 0 0 
1 0.698345 0.36158 0.12278 0.02662 0.00366 0.00042 2.5e-05 0 0 0 0 0 0 0 0 0 0 0 0 
1 0.700545 0.36412 0.123715 0.02629 0.00388 0.00034 3.5e-05 0 0 0 0 0 0 0 0 0 0 0 0 
1 0.701345 0.366085 0.125835 0.02735 0.00408 0.00046 3e-05 0 0 0 0 0 0 0 0 0 0 0 0 
1 0.701595 0.36667 0.126625 0.028135 0.004235 0.0005 7.5e-05 2e-05 0 0 0 0 0 0 0 0 0 0 0 
1 0.70066 0.36285 0.122525 0.025655 0.00359 0.00046 5.5e-05 5e-06 0 0 0 0 0 0 0 0 0 0 0 
1 0.69867 0.362305 0.12282 0.026365 0.00374 0.00048 6e-05 5e-06 0 0 0 0 0 0 0 0 0 0 0 
1 0.698805 0.361655 0.12249 0.02691 0.003955 0.00051 5e-05 5e-06 0 0 0 0 0 0 0 0 0 0 0 
1 0.697855 0.36207 0.123155 0.02711 0.003935 0.000455 3e-05 0 0 0 0 0 0 0 0 0 0 0 0 
1 0.700105 0.364675 0.126235 0.027815 0.00424 0.000555 4.5e-05 0 0 0 0 0 0 0 0 0 0 0 0 
1 0.699215 0.363725 0.123005 0.02617 0.00384 0.000395 3e-05 0 0 0 0 0 0 0 0 0 0 0 0 
1 0.699985 0.36208 0.121915 0.02625 0.003395 0.00035 4e-05 5e-06 0 0 0 0 0 0 0 0 0 0 0 
1 0.699835 0.36612 0.12527 0.027465 0.0039 0.00042 3e-05 0 0 0 0 0 0 0 0 0 0 0 0 
1 0.701395 0.36475 0.12449 0.026475 0.00367 0.000335 3e-05 0 0 0 0 0 0 0 0 0 0 0 0 
1 0.698915 0.36184 0.122085 0.025105 0.00349 0.00034 1.5e-05 0 0 0 0 0 0 0 0 0 0 0 0 
1 0.701345 0.36494 0.125715 0.02713 0.00402 0.00044 3.5e-05 0 0 0 0 0 0 0 0 0 0 0 0 
1 0.69917 0.36407 0.12338 0.02548 0.00357 0.00046 3e-05 5e-06 5e-06 0 0 0 0 0 0 0 0 0 0 
1 0.699515 0.365875 0.126375 0.02697 0.00395 0.000355 2e-05 1e-05 0 0 0 0 0 0 0 0 0 0 0 
1 0.699205 0.36392 0.124665 0.02665 0.00411 0.0004 4e-05 1e-05 0 0 0 0 0 0 0 0 0 0 0 
1 0.69933 0.3638 0.12418 0.02605 0.00378 0.00041 2.5e-05 5e-06 0 0 0 0 0 0 0 0 0 0 0 
1 0.699895 0.362615 0.122755 0.025725 0.003815 0.00047 2e-05 5e-06 0 0 0 0 0 0 0 0 0 0 0 
1 0.702275 0.36523 0.125065 0.027535 0.00417 0.000515 4.5e-05 5e-06 0 0 0 0 0 0 0 0 0 0 0 
1 0.70101 0.365955 0.12474 0.02702 0.003885 0.000325 2.5e-05 5e-06 0 0 0 0 0 0 0 0 0 0 0 
1 0.702605 0.36491 0.12445 0.02708 0.004175 0.000495 4.5e-05 0 0 0 0 0 0 0 0 0 0 0 0 
1 0.69965 0.364145 0.124775 0.026555 0.00364 0.000295 4e-05 1e-05 0 0 0 0 0 0 0 0 0 0 0 
1 0.698035 0.36305 0.123255 0.0258 0.00366 0.000375 5e-05 1e-05 5e-06 0 0 0 0 0 0 0 0 0 0 
1 0.699045 0.36368 0.124495 0.02749 0.003905 0.000405 2e-05 0 0 0 0 0 0 0 0 0 0 0 0 
1 0.700475 0.363685 0.122695 0.026735 0.003845 0.000515 5.5e-05 0 0 0 0 0 0 0 0 0 0 0 0 
1 0.70074 0.365385 0.12485 0.027595 0.004115 0.00043 1e-05 0 0 0 0 0 0 0 0 0 0 0 0 
1 0.700055 0.36308 0.12473 0.02666 0.00374 0.000425 3.5e-05 0 0 0 0 0 0 0 0 0 0 0 0 
1 0.69936 0.364165 0.12439 0.02705 0.00386 0.00028 4.5e-05 5e-06 0 0 0 0 0 0 0 0 0 0 0 
1 0.702075 0.366325 0.12505 0.027475 0.004165 0.00042 3.5e-05 5e-06 0 0 0 0 0 0 0 0 0 0 0 
1 0.6992 0.364835 0.12563 0.02774 0.00403 0.000365 4.5e-05 5e-06 0 0 0 0 0 0 0 0 0 0 0 
1 0.69838 0.361865 0.122425 0.02624 0.0039 0.00048 6e-05 1e-05 0 0 0 0 0 0 0 0 0 0 0 
1 0.696385 0.36094 0.12285 0.026185 0.00354 0.000375 3.5e-05 5e-06 0 0 0 0 0 0 0 0 0 0 0 
1 0.70271 0.36775 0.126465 0.02803 0.00417 0.00057 0.000125 3e-05 0 0 0 0 0 0 0 0 0 0 0 
1 0.700435 0.3645 0.12315 0.0259 0.003745 0.000455 2e-05 0 0 0 0 0 0 0 0 0 0 0 0 
1 0.701295 0.36583 0.124875 0.02654 0.00374 0.00033 1e-05 0 0 0 0 0 0 0 0 0 0 0 0 
1 0.69795 0.36055 0.12196 0.026835 0.00408 0.00049 2e-05 0 0 0 0 0 0 0 0 0 0 0 0 
1 0.69979 0.36289 0.121515 0.025885 0.00398 0.000415 3e-05 1e-05 0 0 0 0 0 0 0 0 0 0 0 
1 0.69855 0.36206 0.12298 0.02611 0.003815 0.00048 2.5e-05 0 0 0 0 0 0 0 0 0 0 0 0 
1 0.700205 0.364265 0.124965 0.02663 0.003845 0.00044 4.5e-05 0 0 0 0 0 0 0 0 0 0 0 0 
1 0.698685 0.360615 0.12183 0.026405 0.003705 0.0004 6e-05 5e-06 0 0 0 0 0 0 0 0 0 0 0 
1 0.70077 0.365795 0.125135 0.027265 0.00404 0.000455 3e-05 0 0 0 0 0 0 0 0 0 0 0 0 
1 0.70021 0.361825 0.12158 0.026545 0.00405 0.000385 2e-05 5e-06 0 0 0 0 0 0 0 0 0 0 0 
1 0.700325 0.363425 0.123235 0.025915 0.00364 0.00039 2.5e-05 1e-05 0 0 0 0 0 0 0 0 0 0 0 
1 0.70019 0.364865 0.124795 0.026885 0.00389 0.000485 2.5e-05 0 0 0 0 0 0 0 0 0 0 0 0 
1 0.700005 0.36343 0.123045 0.02672 0.004055 0.00053 5.5e-05 1e-05 0 0 0 0 0 0 0 0 0 0 0 
1 0.70191 0.36251 0.12435 0.027775 0.00439 0.000605 7e-05 0 0 0 0 0 0 0 0 0 0 0 0 
1 0.701205 0.3642 0.123515 0.02685 0.003915 0.000525 5e-05 0 0 0 0 0 0 0 0 0 0 0 0 
1 0.703035 0.36801 0.126605 0.02828 0.00426 0.000465 5.5e-05 5e-06 0 0 0 0 0 0 0 0 0 0 0 
1 0.700835 0.363805 0.124315 0.02642 0.003925 0.000445 2.5e-05 0 0 0 0 0 0 0 0 0 0 0 0 
1 0.699935 0.36474 0.123065 0.026505 0.003785 0.000395 4.5e-05 0 0 0 0 0 0 0 0 0 0 0 0 
1 0.700725 0.36487 0.124705 0.027035 0.00402 0.00052 5e-05 1e-05 0 0 0 0 0 0 0 0 0 0 0 
1 0.69988 0.362725 0.12305 0.026625 0.003905 0.00044 3e-05 5e-06 0 0 0 0 0 0 0 0 0 0 0 
1 0.69906 0.363925 0.122915 0.026295 0.00377 0.000415 5.5e-05 5e-06 0 0 0 0 0 0 0 0 0 0 0 
1 0.703485 0.36718 0.125905 0.02757 0.004195 0.000445 4.5e-05 1e-05 5e-06 0 0 0 0 0 0 0 0 0 0 
1 0.699935 0.362465 0.12356 0.027205 0.00379 0.00047 4e-05 5e-06 0 0 0 0 0 0 0 0 0 0 0 
1 0.70018 0.36413 0.12473 0.02677 0.00359 0.000405 4.5e-05 5e-06 0 0 0 0 0 0 0 0 0 0 0 
1 0.700895 0.365345 0.12506 0.027005 0.004075 0.0004 4e-05 0 0 0 0 0 0 0 0 0 0 0 0 
1 0.700385 0.36313 0.12278 0.02662 0.00397 0.000375 3.5e-05 0 0 0 0 0 0 0 0 0 0 0 0 
1 0.700815 0.36523 0.123315 0.026155 0.003905 0.000425 4.5e-05 5e-06 0 0 0 0 0 0 0 0 0 0 0 
1 0.70122 0.369205 0.12787 0.028155 0.004315 0.000495 2e-05 0 0 0 0 0 0 0 0 0 0 0 0 
1 0.698065 0.362785 0.12409 0.02635 0.00362 0.000445 3e-05 0 0 0 0 0 0 0 0 0 0 0 0 
1 0.699385 0.36357 0.12354 0.02604 0.003475 0.000405 3.5e-05 0 0 0 0 0 0 0 0 0 0 0 0 
1 0.70129 0.36595 0.12484 0.027475 0.004315 0.00049 3.5e-05 5e-06 5e-06 0 0 0 0 0 0 0 0 0 0 
1 0.699585 0.364255 0.12295 0.02713 0.003875 0.00051 3e-05 0 0 0 0 0 0 0 0 0 0 0 0 
1 0.701035 0.364895 0.125595 0.027085 0.004275 0.000455 3.5e-05 5e-06 0 0 0 0 0 0 0 0 0 0 0 
1 0.70005 0.36292 0.12464 0.02761 0.00443 0.00056 6e-05 1e-05 0 0 0 0 0 0 0 0 0 0 0 
1 0.701925 0.36792 0.12454 0.026755 0.00399 0.000425 5e-05 1e-05 5e-06 0 0 0 0 0 0 0 0 0 0 
1 0.700895 0.36399 0.12454 0.027145 0.00394 0.00048 1.5e-05 0 0 0 0 0 0 0 0 0 0 0 0 
1 0.70035 0.362195 0.12359 0.025925 0.00361 0.00039 4.5e-05 5e-06 0 0 0 0 0 0 0 0 0 0 0 
1 0.69763 0.36158 0.122645 0.026235 0.00382 0.000415 6.5e-05 5e-06 0 0 0 0 0 0 0 0 0 0 0 
1 0.70132 0.36542 0.125475 0.027215 0.004095 0.000455 5.5e-05 1e-05 0 0 0 0 0 0 0 0 0 0 0 
1 0.700195 0.364265 0.12497 0.027375 0.004045 0.00047 5e-05 5e-06 5e-06 0 0 0 0 0 0 0 0 0 0 
1 0.6998 0.36285 0.12435 0.027885 0.004445 0.00055 3e-05 0 0 0 0 0 0 0 0 0 0 0 0 
1 0.699325 0.362195 0.12193 0.026065 0.00367 0.00047 6.5e-05 0 0 0 0 0 0 0 0 0 0 0 0 
1 0.698545 0.36389 0.124335 0.027195 0.00416 0.000505 6.5e-05 1e-05 5e-06 0 0 0 0 0 0 0 0 0 0 
1 0.70222 0.365605 0.125565 0.027485 0.004145 0.000485 6e-05 0 0 0 0 0 0 0 0 0 0 0 0 
1 0.69959 0.363935 0.123375 0.02608 0.00392 0.00037 4e-05 0 0 0 0 0 0 0 0 0 0 0 0 
1 0.698 0.36179 0.123115 0.02663 0.003925 0.000385 5e-05 1.5e-05 0 0 0 0 0 0 0 0 0 0 0 
1 0.699905 0.364775 0.123335 0.026555 0.003915 0.00048 2.5e-05 0 0 0 0 0 0 0 0 0 0 0 0 
1 0.700125 0.36438 0.126465 0.027985 0.004315 0.000495 5.5e-05 1e-05 0 0 0 0 0 0 0 0 0 0 0 
1 0.70288 0.365915 0.124735 0.02705 0.004295 0.000525 9e-05 5e-06 0 0 0 0 0 0 0 0 0 0 0 
1 0.702515 0.364515 0.125495 0.02734 0.00383 0.000415 3e-05 5e-06 0 0 0 0 0 0 0 0 0 0 0 
1 0.697265 0.363505 0.124335 0.02671 0.003995 0.00048 5e-05 5e-06 0 0 0 0 0 0 0 0 0 0 0 
1 0.699995 0.36521 0.12506 0.027735 0.00437 0.00057 5.5e-05 1.5e-05 0 0 0 0 0 0 0 0 0 0 0 
1 0.701695 0.36518 0.124285 0.02692 0.004015 0.000395 1e-05 0 0 0 0 0 0 0 0 0 0 0 0 
1 0.699355 0.364175 0.1229 0.02624 0.00379 0.00039 2.5e-05 0 0 0 0 0 0 0 0 0 0 0 0 
1 0.701325 0.36301 0.123345 0.026945 0.00416 0.000435 5.5e-05 1e-05 0 0 0 0 0 0 0 0 0 0 0 
1 0.702715 0.36611 0.125395 0.027605 0.0041 0.00045 3.5e-05 5e-06 0 0 0 0 0 0 0 0 0 0 0 
1 0.702105 0.366725 0.1258 0.0266 0.00372 0.000455 3e-05 0 0 0 0 0 0 0 0 0 0 0 0 
1 0.69665 0.358335 0.11979 0.024955 0.003595 0.00038 5e-05 5e-06 0 0 0 0 0 0 0 0 0 0 0 
1 0.701545 0.36518 0.126545 0.02833 0.0044 0.00053 6e-05 5e-06 0 0 0 0 0 0 0 0 0 0 0 
1 0.698695 0.361705 0.122435 0.02564 0.003565 0.000375 3e-05 0 0 0 0 0 0 0 0 0 0 0 0 
1 0.700425 0.363875 0.124085 0.02722 0.00389 0.00037 5e-06 0 0 0 0 0 0 0 0 0 0 0 0 
1 0.699825 0.3655 0.124295 0.02648 0.00428 0.00051 4e-05 0 0 0 0 0 0 0 0 0 0 0 0 
1 0.6978 0.36151 0.122765 0.02626 0.00366 0.00032 3e-05 5e-06 0 0 0 0 0 0 0 0 0 0 0 
1 0.699195 0.363555 0.12246 0.0261 0.00379 0.00042 6e-05 5e-06 0 0 0 0 0 0 0 0 0 0 0 
1 0.700555 0.364685 0.12462 0.027325 0.003935 0.00039 3e-05 0 0 0 0 0 0 0 0 0 0 0 0 
1 0.69833 0.36184 0.12354 0.02728 0.004015 0.000455 5.5e-05 2.77556e-17 0 0 0 0 0 0 0 0 0 0 0 
1 0.70107 0.36422 0.12492 0.027435 0.0042 0.000445 2.5e-05 0 0 0 0 0 0 0 0 0 0 0 0 
1 0.701005 0.36528 0.12521 0.026805 0.0039 0.00036 3.5e-05 0 0 0 0 0 0 0 0 0 0 0 0 
1 0.699315 0.36164 0.123505 0.026755 0.00401 0.000515 6.5e-05 0 0 0 0 0 0 0 0 0 0 0 0 
1 0.70014 0.364 0.125795 0.02789 0.00411 0.00055 3e-05 0 0 0 0 0 0 0 0 0 0 0 0 
1 0.69942 0.363435 0.124765 0.02735 0.00406 0.000435 4e-05 1.5e-05 0 0 0 0 0 0 0 0 0 0 0 
1 0.70128 0.36613 0.124535 0.02697 0.00412 0.000495 4.5e-05 0 0 0 0 0 0 0 0 0 0 0 0 
1 0.70181 0.36468 0.1231 0.0263 0.004055 0.000465 4e-05 5e-06 0 0 0 0 0 0 0 0 0 0 0 
1 0.701475 0.36476 0.12451 0.027035 0.003825 0.00048 8e-05 1.5e-05 0 0 0 0 0 0 0 0 0 0 0 
1 0.70005 0.36329 0.1233 0.02682 0.003935 0.000415 3.5e-05 0 0 0 0 0 0 0 0 0 0 0 0 
1 0.699065 0.361425 0.12281 0.02615 0.004045 0.000465 4e-05 0 0 0 0 0 0 0 0 0 0 0 0 
1 0.7015 0.364565 0.1229 0.026265 0.00362 0.00045 2e-05 0 0 0 0 0 0 0 0 0 0 0 0 
1 0.699535 0.36411 0.12453 0.02716 0.004245 0.00033 3.5e-05 0 0 0 0 0 0 0 0 0 0 0 0 
1 0.702205 0.36979 0.126395 0.02806 0.004175 0.00047 4.5e-05 1.5e-05 0 0 0 0 0 0 0 0 0 0 0 
1 0.69995 0.365315 0.124975 0.027045 0.00412 0.000475 7e-05 5e-06 0 0 0 0 0 0 0 0 0 0 0 
1 0.7005 0.363445 0.12375 0.026085 0.003835 0.00035 3e-05 0 0 0 0 0 0 0 0 0 0 0 0 
1 0.69942 0.363645 0.123765 0.027165 0.004055 0.00042 4e-05 5e-06 0 0 0 0 0 0 0 0 0 0 0 
1 0.701045 0.363095 0.12334 0.027085 0.00403 0.000435 2.5e-05 0 0 0 0 0 0 0 0 0 0 0 0 
1 0.698795 0.362565 0.12269 0.02546 0.003405 0.00037 3.5e-05 1e-05 0 0 0 0 0 0 0 0 0 0 0 
1 0.700035 0.365615 0.12557 0.0272 0.00381 0.00044 2.5e-05 0 0 0 0 0 0 0 0 0 0 0 0 
1 0.69897 0.36186 0.122935 0.026635 0.00411 0.000385 0 0 0 0 0 0 0 0 0 0 0 0 0 
1 0.69897 0.364415 0.12384 0.026805 0.003835 0.000405 4e-05 5e-06 0 0 0 0 0 0 0 0 0 0 0 
1 0.69976 0.36252 0.1242 0.02693 0.004165 0.00047 3e-05 0 0 0 0 0 0 0 0 0 0 0 0 
1 0.699345 0.362995 0.12308 0.02668 0.004005 0.000425 2.5e-05 5e-06 0 0 0 0 0 0 0 0 0 0 0 
1 0.700125 0.36381 0.12417 0.02691 0.00392 0.00035 3.5e-05 0 0 0 0 0 0 0 0 0 0 0 0 
1 0.699475 0.363695 0.123285 0.02658 0.00406 0.000465 5e-05 1e-05 5e-06 0 0 0 0 0 0 0 0 0 0 
1 0.701825 0.36646 0.12546 0.027175 0.003575 0.000355 2.5e-05 5e-06 0 0 0 0 0 0 0 0 0 0 0 
1 0.70258 0.366835 0.12474 0.026925 0.00383 0.000345 2.5e-05 5e-06 0 0 0 0 0 0 0 0 0 0 0 
1 0.70093 0.365285 0.124675 0.027285 0.004005 0.000405 4.5e-05 5e-06 0 0 0 0 0 0 0 0 0 0 0 
1 0.699085 0.36433 0.1251 0.026775 0.004 0.00046 4.5e-05 1e-05 0 0 0 0 0 0 0 0 0 0 0 
1 0.69995 0.36508 0.123695 0.02634 0.003825 0.000405 2.5e-05 0 0 0 0 0 0 0 0 0 0 0 0 
1 0.69809 0.36341 0.12411 0.02681 0.00369 0.00041 2.5e-05 0 0 0 0 0 0 0 0 0 0 0 0 
1 0.702345 0.36443 0.123915 0.026315 0.003805 0.00049 4.5e-05 0 0 0 0 0 0 0 0 0 0 0 0 
1 0.700565 0.364715 0.123135 0.026835 0.003615 0.000255 2e-05 5e-06 0 0 0 0 0 0 0 0 0 0 0 
1 0.69733 0.36084 0.122085 0.025935 0.004075 0.000525 4.5e-05 0 0 0 0 0 0 0 0 0 0 0 0 
1 0.70381 0.367285 0.125125 0.027355 0.00402 0.00049 3e-05 0 0 0 0 0 0 0 0 0 0 0 0 
1 0.701285 0.366 0.125535 0.02747 0.004245 0.000495 4e-05 0 0 0 0 0 0 0 0 0 0 0 0 
1 0.699465 0.36349 0.12346 0.0266 0.003775 0.000415 3.5e-05 5e-06 0 0 0 0 0 0 0 0 0 0 0 
1 0.698555 0.36341 0.12448 0.026565 0.003645 0.0003 3.5e-05 0 0 0 0 0 0 0 0 0 0 0 0 
1 0.698485 0.36324 0.123715 0.02667 0.003925 0.00045 5e-05 0 0 0 0 0 0 0 0 0 0 0 0 
1 0.69808 0.36066 0.123575 0.026795 0.003805 0.00042 3.5e-05 5e-06 0 0 0 0 0 0 0 0 0 0 0 
1 0.699295 0.362045 0.122535 0.026185 0.003915 0.00049 8e-05 0 0 0 0 0 0 0 0 0 0 0 0 
1 0.70094 0.36565 0.123985 0.02692 0.00396 0.00039 5.5e-05 1.5e-05 0 0 0 0 0 0 0 0 0 0 0 
1 0.69955 0.3624 0.12454 0.02686 0.00377 0.00036 2e-05 0 0 0 0 0 0 0 0 0 0 0 0 
1 0.70088 0.363985 0.124235 0.027125 0.00428 0.00049 6e-05 1e-05 0 0 0 0 0 0 0 0 0 0 0 
1 0.69903 0.364055 0.12301 0.02657 0.003835 0.000415 5.5e-05 5e-06 0 0 0 0 0 0 0 0 0 0 0 
1 0.703755 0.364805 0.12334 0.026805 0.00383 0.00036 4e-05 0 0 0 0 0 0 0 0 0 0 0 0 
1 0.701305 0.366305 0.12526 0.02754 0.00392 0.00042 3e-05 5e-06 0 0 0 0 0 0 0 0 0 0 0 
1 0.69946 0.363345 0.122915 0.026415 0.003855 0.00043 5.5e-05 5e-06 0 0 0 0 0 0 0 0 0 0 0 
1 0.700525 0.364575 0.1247 0.026635 0.00405 0.000405 2e-05 5e-06 0 0 0 0 0 0 0 0 0 0 0 
1 0.69882 0.364275 0.12396 0.026725 0.003995 0.00044 3.5e-05 5e-06 0 0 0 0 0 0 0 0 0 0 0 
1 0.69919 0.36304 0.124065 0.027115 0.00389 0.000475 1.5e-05 1e-05 0 0 0 0 0 0 0 0 0 0 0 
1 0.69862 0.361255 0.1219 0.0256 0.00341 0.00037 2e-05 0 0 0 0 0 0 0 0 0 0 0 0 
1 0.7005 0.3626 0.12306 0.02613 0.003635 0.00045 3e-05 0 0 0 0 0 0 0 0 0 0 0 0 
1 0.69998 0.36502 0.12432 0.0273 0.004095 0.000615 0.0001 2e-05 0 0 0 0 0 0 0 0 0 0 0 
1 0.69848 0.364785 0.123515 0.027435 0.004165 0.000495 3e-05 0 0 0 0 0 0 0 0 0 0 0 0 
1 0.69951 0.36294 0.1243 0.027075 0.00417 0.000475 3.5e-05 0 0 0 0 0 0 0 0 0 0 0 0 
1 0.69983 0.36529 0.124305 0.02687 0.00397 0.00051 5.5e-05 0 0 0 0 0 0 0 0 0 0 0 0 
1 0.69942 0.362745 0.12326 0.02614 0.00398 0.000465 5e-05 1e-05 1e-05 0 0 0 0 0 0 0 0 0 0 
1 0.701625 0.364025 0.122935 0.02681 0.00417 0.000525 4.5e-05 5e-06 0 0 0 0 0 0 0 0 0 0 0 
1 0.69969 0.36471 0.12468 0.027695 0.00401 0.000425 5e-05 5e-06 5e-06 0 0 0 0 0 0 0 0 0 0 
1 0.6989 0.363005 0.12526 0.02766 0.00405 0.00046 4e-05 1e-05 0 0 0 0 0 0 0 0 0 0 0 
1 0.700735 0.36573 0.126275 0.027715 0.004075 0.00051 3e-05 1e-05 0 0 0 0 0 0 0 0 0 0 0 
1 0.70176 0.36509 0.12458 0.027005 0.00416 0.00044 2e-05 0 0 0 0 0 0 0 0 0 0 0 0 
1 0.70062 0.36498 0.123815 0.026635 0.003775 0.000455 4.5e-05 5e-06 0 0 0 0 0 0 0 0 0 0 0 
1 0.699515 0.36516 0.12457 0.02628 0.003655 0.000485 4e-05 0 0 0 0 0 0 0 0 0 0 0 0 
1 0.69977 0.364785 0.12499 0.02803 0.00411 0.0004 5e-06 5e-06 0 0 0 0 0 0 0 0 0 0 0 
1 0.69649 0.360925 0.12133 0.02564 0.00354 0.000435 5e-05 5e-06 0 0 0 0 0 0 0 0 0 0 0 
1 0.69993 0.36387 0.123345 0.027085 0.00394 0.000485 4.5e-05 0 0 0 0 0 0 0 0 0 0 0 0 
1 0.70274 0.365975 0.125115 0.02745 0.004175 0.00055 9e-05 2.5e-05 1e-05 0 0 0 0 0 0 0 0 0 0 
1 0.699495 0.36567 0.124975 0.02783 0.004275 0.000475 4e-05 0 0 0 0 0 0 0 0 0 0 0 0 
1 0.700495 0.366435 0.124805 0.026585 0.003835 0.00041 3.5e-05 0 0 0 0 0 0 0 0 0 0 0 0 
1 0.701275 0.36396 0.12395 0.02626 0.003685 0.00041 4e-05 0 0 0 0 0 0 0 0 0 0 0 0 
1 0.6991 0.365055 0.12406 0.02694 0.003875 0.000395 4e-05 5e-06 0 0 0 0 0 0 0 0 0 0 0 
1 0.70432 0.36849 0.12771 0.027805 0.004135 0.00036 5.5e-05 1e-05 0 0 0 0 0 0 0 0 0 0 0 
1 0.698835 0.36189 0.123105 0.02675 0.003935 0.00042 3.5e-05 1e-05 0 0 0 0 0 0 0 0 0 0 0 
1 0.699015 0.36247 0.122975 0.02659 0.003705 0.000455 4e-05 0 0 0 0 0 0 0 0 0 0 0 0 
1 0.700725 0.36415 0.123385 0.026955 0.003945 0.00037 2e-05 0 0 0 0 0 0 0 0 0 0 0 0 
1 0.69892 0.36232 0.123455 0.026385 0.003715 0.00034 3.5e-05 0 0 0 0 0 0 0 0 0 0 0 0 
1 0.698405 0.362535 0.12168 0.025815 0.00359 0.00038 5.5e-05 0 0 0 0 0 0 0 0 0 0 0 0 
1 0.70166 0.36552 0.12529 0.02726 0.004275 0.000415 4.5e-05 5e-06 0 0 0 0 0 0 0 0 0 0 0 
1 0.70073 0.36522 0.124855 0.02748 0.00409 0.00043 4e-05 5e-06 0 0 0 0 0 0 0 0 0 0 0 
1 0.69997 0.365775 0.124635 0.02662 0.003765 0.0004 1e-05 0 0 0 0 0 0 0 0 0 0 0 0 
1 0.69973 0.36199 0.122415 0.02617 0.00372 0.000415 3e-05 1e-05 0 0 0 0 0 0 0 0 0 0 0 
1 0.700595 0.36511 0.12379 0.02759 0.004295 0.000505 3.5e-05 5e-06 0 0 0 0 0 0 0 0 0 0 0 
1 0.701585 0.364465 0.125335 0.026475 0.0038 0.00037 5e-05 5e-06 0 0 0 0 0 0 0 0 0 0 0 
1 0.701555 0.367295 0.12681 0.02746 0.00438 0.00054 5e-05 5e-06 0 0 0 0 0 0 0 0 0 0 0 
1 0.702965 0.365965 0.12545 0.02773 0.003945 0.00044 4e-05 0 0 0 0 0 0 0 0 0 0 0 0 
1 0.700055 0.364605 0.123805 0.026965 0.00407 0.00044 5.5e-05 1e-05 0 0 0 0 0 0 0 0 0 0 0 
1 0.699255 0.365825 0.126325 0.02764 0.00383 0.000395 3e-05 0 0 0 0 0 0 0 0 0 0 0 0 
1 0.698095 0.360535 0.123035 0.026315 0.00387 0.00043 3e-05 0 0 0 0 0 0 0 0 0 0 0 0 
1 0.699345 0.36296 0.121585 0.026375 0.00403 0.000495 4.5e-05 0 0 0 0 0 0 0 0 0 0 0 0 
1 0.699245 0.36267 0.12386 0.026315 0.003555 0.00032 1.5e-05 0 0 0 0 0 0 0 0 0 0 0 0 
1 0.700865 0.364375 0.12322 0.025995 0.003525 0.00045 4e-05 5e-06 0 0 0 0 0 0 0 0 0 0 0 
1 0.6991 0.363575 0.12426 0.02701 0.00414 0.00051 7.5e-05 1e-05 0 0 0 0 0 0 0 0 0 0 0 
1 0.69869 0.36134 0.12259 0.0262 0.004015 0.000495 5.5e-05 0 0 0 0 0 0 0 0 0 0 0 0 
1 0.699965 0.3622 0.123835 0.02736 0.00391 0.0004 3.5e-05 0 0 0 0 0 0 0 0 0 0 0 0 
1 0.70022 0.36328 0.12282 0.026715 0.00397 0.000405 4e-05 5e-06 0 0 0 0 0 0 0 0 0 0 0 
1 0.6992 0.36515 0.12515 0.02773 0.004415 0.000595 8e-05 1e-05 0 0 0 0 0 0 0 0 0 0 0 
1 0.69967 0.363155 0.123075 0.02616 0.00413 0.00051 5.5e-05 5e-06 0 0 0 0 0 0 0 0 0 0 0 
1 0.698115 0.36254 0.121905 0.02638 0.004015 0.00043 4.5e-05 5e-06 0 0 0 0 0 0 0 0 0 0 0 
1 0.70021 0.363655 0.12369 0.026955 0.003885 0.000445 4e-05 1e-05 0 0 0 0 0 0 0 0 0 0 0 
1 0.69819 0.363285 0.12277 0.026535 0.004 0.000385 1.5e-05 0 0 0 0 0 0 0 0 0 0 0 0 
1 0.69922 0.361645 0.122145 0.02608 0.004065 0.00047 3e-05 5e-06 0 0 0 0 0 0 0 0 0 0 0 
1 0.69914 0.363505 0.12353 0.02604 0.003935 0.000365 2e-05 0 0 0 0 0 0 0 0 0 0 0 0 
1 0.70157 0.366665 0.125895 0.027285 0.00376 0.000405 2.5e-05 0 0 0 0 0 0 0 0 0 0 0 0 
1 0.70248 0.366665 0.126465 0.02719 0.004105 0.000525 4e-05 1.5e-05 0 0 0 0 0 0 0 0 0 0 0 
1 0.697735 0.361275 0.123035 0.02682 0.003945 0.00045 4.5e-05 5e-06 0 0 0 0 0 0 0 0 0 0 0 
1 0.699205 0.36391 0.12399 0.02723 0.00383 0.000485 3.5e-05 0 0 0 0 0 0 0 0 0 0 0 0 
1 0.69989 0.36105 0.121965 0.02626 0.00369 0.000395 4e-05 0 0 0 0 0 0 0 0 0 0 0 0 
1 0.699135 0.362805 0.122435 0.026575 0.003655 0.000395 2.5e-05 5e-06 0 0 0 0 0 0 0 0 0 0 0 
1 0.700115 0.362565 0.121965 0.025705 0.003285 0.00036 2.5e-05 0 0 0 0 0 0 0 0 0 0 0 0 
1 0.69984 0.36447 0.12552 0.02774 0.00428 0.00061 5e-05 0 0 0 0 0 0 0 0 0 0 0 0 
1 0.69992 0.36475 0.124595 0.02608 0.003935 0.000435 7e-05 5e-06 0 0 0 0 0 0 0 0 0 0 0 
1 0.70005 0.364845 0.124905 0.027745 0.00409 0.000405 4e-05 0 0 0 0 0 0 0 0 0 0 0 0 
1 0.69867 0.36106 0.121945 0.025535 0.003805 0.00042 3e-05 0 0 0 0 0 0 0 0 0 0 0 0 
1 0.7015 0.36651 0.12462 0.02706 0.003985 0.00051 3e-05 0 0 0 0 0 0 0 0 0 0 0 0 
1 0.70096 0.364995 0.124795 0.02768 0.00412 0.000485 6e-05 5e-06 0 0 0 0 0 0 0 0 0 0 0 
1 0.700275 0.364775 0.124575 0.027005 0.00404 0.000495 2.5e-05 0 0 0 0 0 0 0 0 0 0 0 0 
1 0.700585 0.36368 0.12407 0.02713 0.00405 0.000475 5e-05 5e-06 0 0 0 0 0 0 0 0 0 0 0 
1 0.698795 0.363955 0.125625 0.0267 0.00378 0.0004 3.5e-05 0 0 0 0 0 0 0 0 0 0 0 0 
1 0.69952 0.36421 0.12403 0.027075 0.00411 0.000455 3e-05 0 0 0 0 0 0 0 0 0 0 0 0 
1 0.70011 0.36315 0.123375 0.026435 0.00373 0.00054 4.5e-05 5e-06 0 0 0 0 0 0 0 0 0 0 0 
1 0.70203 0.36697 0.127175 0.02785 0.00422 0.000465 5e-05 5e-06 0 0 0 0 0 0 0 0 0 0 0 
1 0.698955 0.362115 0.122655 0.02596 0.00339 0.000395 4e-05 5e-06 0 0 0 0 0 0 0 0 0 0 0 
1 0.70162 0.363785 0.12415 0.02655 0.003855 0.000465 5.5e-05 5e-06 0 0 0 0 0 0 0 0 0 0 0 
1 0.701175 0.36422 0.12565 0.02694 0.00385 0.000355 2e-05 0 0 0 0 0 0 0 0 0 0 0 0 
1 0.70003 0.365005 0.124725 0.02586 0.003525 0.000315 1e-05 0 0 0 0 0 0 0 0 0 0 0 0 
1 0.70223 0.36362 0.12336 0.02659 0.004095 0.00046 4.5e-05 5e-06 0 0 0 0 0 0 0 0 0 0 0 
1 0.700095 0.363265 0.122545 0.02603 0.00353 0.00034 4e-05 5e-06 5e-06 0 0 0 0 0 0 0 0 0 0 
1 0.697725 0.35845 0.118985 0.025785 0.00369 0.00039 3e-05 5e-06 0 0 0 0 0 0 0 0 0 0 0 
1 0.702445 0.36631 0.126195 0.027865 0.00424 0.000555 4.5e-05 1e-05 5e-06 0 0 0 0 0 0 0 0 0 0 
1 0.699235 0.36287 0.1242 0.027165 0.004055 0.000455 3e-05 0 0 0 0 0 0 0 0 0 0 0 0 
1 0.699095 0.363585 0.12362 0.02661 0.00376 0.000425 4e-05 5e-06 5e-06 0 0 0 0 0 0 0 0 0 0 
1 0.699145 0.361425 0.122785 0.026375 0.003945 0.00046 3e-05 5e-06 0 0 0 0 0 0 0 0 0 0 0 
1 0.700645 0.36428 0.12553 0.02636 0.004105 0.000415 1.5e-05 5e-06 0 0 0 0 0 0 0 0 0 0 0 
1 0.69774 0.36026 0.121645 0.02575 0.003685 0.000445 3e-05 0 0 0 0 0 0 0 0 0 0 0 0 
1 0.700305 0.36232 0.12237 0.025565 0.003665 0.000355 3e-05 5e-06 0 0 0 0 0 0 0 0 0 0 0 
1 0.70047 0.365505 0.12498 0.027265 0.004045 0.00041 4e-05 5e-06 0 0 0 0 0 0 0 0 0 0 0 
1 0.700765 0.363175 0.124145 0.026575 0.00402 0.00051 3.5e-05 0 0 0 0 0 0 0 0 0 0 0 0 
1 0.699685 0.36339 0.12319 0.02634 0.00389 0.000515 3.5e-05 0 0 0 0 0 0 0 0 0 0 0 0 
1 0.697145 0.36225 0.122505 0.026815 0.00395 0.00047 3e-05 0 0 0 0 0 0 0 0 0 0 0 0 
1 0.700845 0.3639 0.12429 0.026595 0.004075 0.000415 3e-05 1e-05 0 0 0 0 0 0 0 0 0 0 0 
1 0.700015 0.364505 0.124455 0.02687 0.00394 0.00044 3.5e-05 5e-06 0 0 0 0 0 0 0 0 0 0 0 
1 0.70067 0.36849 0.12497 0.027005 0.003925 0.00043 4.5e-05 0 0 0 0 0 0 0 0 0 0 0 0 
1 0.69847 0.36401 0.12455 0.02755 0.00421 0.000595 6e-05 5e-06 0 0 0 0 0 0 0 0 0 0 0 
1 0.70158 0.36741 0.12699 0.02774 0.004365 0.000515 7e-05 1e-05 0 0 0 0 0 0 0 0 0 0 0 
1 0.700195 0.364495 0.12333 0.025745 0.00379 0.000445 4e-05 2e-05 5e-06 0 0 0 0 0 0 0 0 0 0 
1 0.700115 0.36307 0.123785 0.0273 0.004105 0.000475 3.5e-05 0 0 0 0 0 0 0 0 0 0 0 0 
1 0.69949 0.363595 0.123875 0.02699 0.00396 0.000385 3.5e-05 0 0 0 0 0 0 0 0 0 0 0 0 
1 0.699725 0.3632 0.123385 0.026925 0.00378 0.000385 4e-05 1e-05 0 0 0 0 0 0 0 0 0 0 0 
1 0.70155 0.366895 0.126665 0.028265 0.00428 0.000505 4e-05 1e-05 0 0 0 0 0 0 0 0 0 0 0 
1 0.702405 0.36582 0.124825 0.02783 0.004275 0.000515 3.5e-05 5e-06 0 0 0 0 0 0 0 0 0 0 0 
1 0.698515 0.36388 0.124245 0.026835 0.00388 0.000345 3e-05 0 0 0 0 0 0 0 0 0 0 0 0 
1 0.700645 0.365295 0.125035 0.02703 0.004005 0.000505 3.5e-05 5e-06 0 0 0 0 0 0 0 0 0 0 0 
1 0.6992 0.363215 0.123035 0.02569 0.003515 0.000335 3e-05 0 0 0 0 0 0 0 0 0 0 0 0 
1 0.69894 0.362965 0.123755 0.02599 0.003795 0.00044 3e-05 0 0 0 0 0 0 0 0 0 0 0 0 
1 0.70066 0.363485 0.123715 0.02603 0.003835 0.00036 5e-05 5e-06 0 0 0 0 0 0 0 0 0 0 0 
1 0.702825 0.36602 0.123575 0.025905 0.004025 0.00042 5.5e-05 1e-05 0 0 0 0 0 0 0 0 0 0 0 
1 0.70032 0.3621 0.122055 0.02515 0.00317 0.000305 3e-05 0 0 0 0 0 0 0 0 0 0 0 0 
1 0.700745 0.364495 0.12336 0.026025 0.00361 0.00037 3e-05 5e-06 0 0 0 0 0 0 0 0 0 0 0 
1 0.698825 0.364195 0.124505 0.026685 0.00392 0.000535 4e-05 0 0 0 0 0 0 0 0 0 0 0 0 
1 0.698965 0.363635 0.12468 0.02658 0.003875 0.000335 3e-05 0 0 0 0 0 0 0 0 0 0 0 0 
1 0.69776 0.36133 0.122845 0.026165 0.003815 0.00054 4.5e-05 1.5e-05 0 0 0 0 0 0 0 0 0 0 0 
1 0.69798 0.364115 0.123975 0.02645 0.00412 0.000555 7e-05 1e-05 0 0 0 0 0 0 0 0 0 0 0 
1 0.70182 0.3674 0.126275 0.02693 0.00378 0.00043 4e-05 0 0 0 0 0 0 0 0 0 0 0 0 
1 0.69996 0.3633 0.123575 0.02683 0.003885 0.00042 3.5e-05 0 0 0 0 0 0 0 0 0 0 0 0 
1 0.69947 0.361205 0.121855 0.025775 0.003625 0.00036 2e-05 0 0 0 0 0 0 0 0 0 0 0 0 
1 0.7016 0.36482 0.12451 0.02755 0.004135 0.000485 5e-05 0 0 0 0 0 0 0 0 0 0 0 0 
1 0.696995 0.36373 0.123695 0.02682 0.00401 0.00043 6e-05 0 0 0 0 0 0 0 0 0 0 0 0 
1 0.700305 0.36572 0.125425 0.0269 0.00421 0.00052 6.5e-05 5e-06 0 0 0 0 0 0 0 0 0 0 0 
1 0.699685 0.36348 0.12308 0.026295 0.003775 0.00041 4.5e-05 5e-06 0 0 0 0 0 0 0 0 0 0 0 
1 0.70003 0.362665 0.1225 0.02565 0.003625 0.0004 3e-05 0 0 0 0 0 0 0 0 0 0 0 0 
1 0.69949 0.363015 0.122335 0.02602 0.0038 0.000385 2.5e-05 5e-06 0 0 0 0 0 0 0 0 0 0 0 
1 0.702395 0.365795 0.12477 0.026965 0.00377 0.000435 4e-05 0 0 0 0 0 0 0 0 0 0 0 0 
1 0.70014 0.364685 0.126365 0.0273 0.00398 0.000465 4e-05 0 0 0 0 0 0 0 0 0 0 0 0 
1 0.699575 0.362875 0.123005 0.026085 0.00378 0.000435 7e-05 1e-05 0 0 0 0 0 0 0 0 0 0 0 
1 0.70023 0.36223 0.123655 0.026585 0.004045 0.00053 7e-05 5e-06 0 0 0 0 0 0 0 0 0 0 0 
1 0.70003 0.36259 0.123425 0.02679 0.003865 0.000345 5e-05 5e-06 0 0 0 0 0 0 0 0 0 0 0 
1 0.699605 0.36324 0.124375 0.02727 0.004245 0.000515 4.5e-05 0 0 0 0 0 0 0 0 0 0 0 0 
1 0.701285 0.365755 0.12378 0.02687 0.003785 0.00037 3.5e-05 5e-06 0 0 0 0 0 0 0 0 0 0 0 
1 0.701235 0.36727 0.127255 0.02799 0.004375 0.000505 6.5e-05 1.5e-05 0 0 0 0 0 0 0 0 0 0 0 
1 0.70136 0.366095 0.125745 0.027405 0.00379 0.00046 3.5e-05 0 0 0 0 0 0 0 0 0 0 0 0 
1 0.698815 0.361245 0.12149 0.025495 0.0036 0.000375 3e-05 0 0 0 0 0 0 0 0 0 0 0 0 
1 0.69912 0.361935 0.12304 0.02626 0.003795 0.000365 2e-05 0 0 0 0 0 0 0 0 0 0 0 0 
1 0.701025 0.365865 0.125385 0.027875 0.004045 0.00041 4.5e-05 0 0 0 0 0 0 0 0 0 0 0 0 
1 0.69926 0.362255 0.12304 0.02699 0.004255 0.000435 5e-05 0 0 0 0 0 0 0 0 0 0 0 0 
1 0.69961 0.363755 0.12258 0.02598 0.0038 0.000495 7e-05 0 0 0 0 0 0 0 0 0 0 0 0 
1 0.700065 0.363225 0.122645 0.02595 0.00372 0.00041 3e-05 0 0 0 0 0 0 0 0 0 0 0 0 
1 0.70288 0.369435 0.128115 0.02886 0.0043 0.000475 2.5e-05 0 0 0 0 0 0 0 0 0 0 0 0 
1 0.700455 0.365455 0.124585 0.026675 0.00379 0.000355 6e-05 0 0 0 0 0 0 0 0 0 0 0 0 
1 0.702135 0.366215 0.126475 0.0284 0.00415 0.00051 3.5e-05 0 0 0 0 0 0 0 0 0 0 0 0 
1 0.70047 0.3669 0.124565 0.027025 0.003805 0.000435 5.5e-05 5e-06 0 0 0 0 0 0 0 0 0 0 0 
1 0.698245 0.36123 0.12192 0.025395 0.00362 0.000455 2.5e-05 5e-06 0 0 0 0 0 0 0 0 0 0 0 
1 0.7011 0.36638 0.12599 0.02713 0.00428 0.000555 0.000105 1.5e-05 0 0 0 0 0 0 0 0 0 0 0 
1 0.69975 0.36471 0.12564 0.02699 0.00406 0.00052 4.5e-05 5e-06 0 0 0 0 0 0 0 0 0 0 0 
1 0.697945 0.36306 0.12461 0.02727 0.00407 0.000375 4.5e-05 1e-05 0 0 0 0 0 0 0 0 0 0 0 
1 0.69937 0.366145 0.125715 0.02652 0.00371 0.000375 4.5e-05 1e-05 0 0 0 0 0 0 0 0 0 0 0 
1 0.701015 0.36492 0.125025 0.02737 0.0038 0.00049 2e-05 5e-06 0 0 0 0 0 0 0 0 0 0 0 
1 0.699915 0.36397 0.124535 0.027135 0.004065 0.000515 4e-05 1e-05 0 0 0 0 0 0 0 0 0 0 0 
1 0.69714 0.360705 0.122065 0.026135 0.003625 0.000315 4e-05 5e-06 0 0 0 0 0 0 0 0 0 0 0 
1 0.70076 0.365415 0.12613 0.02808 0.00438 0.00056 4.5e-05 5e-06 0 0 0 0 0 0 0 0 0 0 0 
1 0.70061 0.366595 0.125565 0.02786 0.004165 0.00045 3.5e-05 0 0 0 0 0 0 0 0 0 0 0 0 
1 0.701075 0.363505 0.123285 0.026455 0.003995 0.000435 5.5e-05 0 0 0 0 0 0 0 0 0 0 0 0 
1 0.70174 0.36539 0.12549 0.027535 0.004435 0.00055 4.5e-05 5e-06 0 0 0 0 0 0 0 0 0 0 0 
1 0.698855 0.363295 0.124005 0.027155 0.00392 0.000595 8e-05 5e-06 0 0 0 0 0 0 0 0 0 0 0 
1 0.700055 0.36128 0.12301 0.02628 0.00384 0.000385 3e-05 5e-06 0 0 0 0 0 0 0 0 0 0 0 
1 0.69881 0.362105 0.123005 0.02654 0.00389 0.00048 4.5e-05 1e-05 0 0 0 0 0 0 0 0 0 0 0 
1 0.698995 0.36382 0.12488 0.027195 0.00389 0.0004 3.5e-05 1e-05 0 0 0 0 0 0 0 0 0 0 0 
1 0.700755 0.36401 0.12357 0.026685 0.00371 0.00047 2.5e-05 0 0 0 0 0 0 0 0 0 0 0 0 
1 0.69951 0.36392 0.123875 0.02701 0.00406 0.000425 3.5e-05 1e-05 0 0 0 0 0 0 0 0 0 0 0 
1 0.701685 0.364595 0.12561 0.02718 0.00411 0.000535 7.5e-05 5e-06 0 0 0 0 0 0 0 0 0 0 0 
1 0.701105 0.36523 0.1259 0.027645 0.004085 0.000355 3.5e-05 1e-05 0 0 0 0 0 0 0 0 0 0 0 
1 0.699995 0.36578 0.126315 0.027465 0.00426 0.00051 4.5e-05 5e-06 0 0 0 0 0 0 0 0 0 0 0 
1 0.699805 0.363925 0.124905 0.02728 0.00371 0.00038 5e-05 5e-06 0 0 0 0 0 0 0 0 0 0 0 
1 0.7016 0.365795 0.12543 0.027615 0.00401 0.000435 2e-05 0 0 0 0 0 0 0 0 0 0 0 0 
1 0.69887 0.36537 0.125635 0.02711 0.0037 0.00036 4.5e-05 0 0 0 0 0 0 0 0 0 0 0 0 
1 0.699525 0.362425 0.124025 0.027405 0.00422 0.000515 3.5e-05 0 0 0 0 0 0 0 0 0 0 0 0 
1 0.69902 0.362355 0.12298 0.026675 0.003865 0.00047 4.5e-05 1e-05 0 0 0 0 0 0 0 0 0 0 0 
1 0.69987 0.363315 0.121595 0.026855 0.00402 0.00036 4e-05 1e-05 0 0 0 0 0 0 0 0 0 0 0 
1 0.699745 0.362275 0.1237 0.02644 0.003875 0.000435 6e-05 1e-05 0 0 0 0 0 0 0 0 0 0 0 
1 0.70228 0.365365 0.12467 0.02648 0.003925 0.00048 6e-05 5e-06 0 0 0 0 0 0 0 0 0 0 0 
1 0.700465 0.36323 0.124515 0.02632 0.003755 0.00041 6e-05 5e-06 0 0 0 0 0 0 0 0 0 0 0 
1 0.70147 0.362975 0.124545 0.02679 0.004005 0.00046 4.5e-05 0 0 0 0 0 0 0 0 0 0 0 0 
1 0.69873 0.36446 0.12573 0.026995 0.003795 0.000415 8e-05 1e-05 5e-06 0 0 0 0 0 0 0 0 0 0 
1 0.701365 0.366005 0.12521 0.02683 0.00367 0.0003 3.5e-05 5e-06 0 0 0 0 0 0 0 0 0 0 0 
1 0.70316 0.3697 0.126 0.026875 0.004095 0.00048 2.5e-05 0 0 0 0 0 0 0 0 0 0 0 0 
1 0.70007 0.36377 0.123225 0.02664 0.00384 0.000425 4e-05 0 0 0 0 0 0 0 0 0 0 0 0 
1 0.698875 0.364375 0.12411 0.0273 0.00405 0.000495 9e-05 1e-05 0 0 0 0 0 0 0 0 0 0 0 
1 0.700525 0.3633 0.124825 0.027625 0.004375 0.00054 5e-05 5e-06 0 0 0 0 0 0 0 0 0 0 0 
1 0.698795 0.362975 0.1218 0.025905 0.00368 0.0004 3e-05 0 0 0 0 0 0 0 0 0 0 0 0 
1 0.69693 0.36253 0.12358 0.02685 0.00366 0.000445 2e-05 0 0 0 0 0 0 0 0 0 0 0 0 
1 0.70019 0.36452 0.12364 0.0264 0.003955 0.000435 3.5e-05 0 0 0 0 0 0 0 0 0 0 0 0 
1 0.7013 0.36505 0.125085 0.027095 0.003765 0.000425 4.5e-05 1e-05 0 0 0 0 0 0 0 0 0 0 0 
1 0.70053 0.366575 0.12491 0.02752 0.00396 0.000445 5e-05 1e-05 5e-06 0 0 0 0 0 0 0 0 0 0 
1 0.69809 0.36128 0.12147 0.02589 0.00397 0.000475 4.5e-05 0 0 0 0 0 0 0 0 0 0 0 0 
1 0.70068 0.36411 0.12426 0.02659 0.003955 0.000445 3e-05 5e-06 0 0 0 0 0 0 0 0 0 0 0 
1 0.69971 0.36271 0.123345 0.026325 0.00381 0.000375 2e-05 0 0 0 0 0 0 0 0 0 0 0 0 
1 0.69969 0.36092 0.12169 0.025265 0.0033 0.00039 2e-05 0 0 0 0 0 0 0 0 0 0 0 0 
1 0.70006 0.364585 0.12391 0.0271 0.003745 0.000465 6e-05 0 0 0 0 0 0 0 0 0 0 0 0 
1 0.70174 0.36682 0.126755 0.02785 0.00421 0.00041 3e-05 0 0 0 0 0 0 0 0 0 0 0 0 
1 0.700035 0.361155 0.124 0.026765 0.004185 0.000515 5e-05 5e-06 0 0 0 0 0 0 0 0 0 0 0 
1 0.699445 0.361395 0.12057 0.025165 0.003565 0.000345 1e-05 0 0 0 0 0 0 0 0 0 0 0 0 
1 0.69882 0.361315 0.121445 0.025415 0.00363 0.00031 1.5e-05 0 0 0 0 0 0 0 0 0 0 0 0 
1 0.69993 0.36477 0.12403 0.02664 0.003985 0.000475 5e-05 5e-06 0 0 0 0 0 0 0 0 0 0 0 
1 0.700275 0.364975 0.1246 0.027165 0.00398 0.000435 4.5e-05 5e-06 0 0 0 0 0 0 0 0 0 0 0 
1 0.70035 0.365275 0.12544 0.027245 0.0039 0.00046 4.5e-05 0 0 0 0 0 0 0 0 0 0 0 0 
1 0.70028 0.36365 0.125455 0.026495 0.003785 0.00047 3.5e-05 5e-06 0 0 0 0 0 0 0 0 0 0 0 
1 0.69983 0.36489 0.12427 0.02682 0.00409 0.00041 3e-05 0 0 0 0 0 0 0 0 0 0 0 0 
1 0.699825 0.363735 0.123945 0.02665 0.00359 0.00047 4.5e-05 0 0 0 0 0 0 0 0 0 0 0 0 
1 0.70271 0.3659 0.124925 0.026725 0.003835 0.000395 2.5e-05 0 0 0 0 0 0 0 0 0 0 0 0 
1 0.700975 0.36711 0.12541 0.026745 0.00412 0.000425 2.5e-05 5e-06 0 0 0 0 0 0 0 0 0 0 0 
1 0.699855 0.364565 0.12377 0.026535 0.003905 0.000375 4e-05 5e-06 5e-06 0 0 0 0 0 0 0 0 0 0 
1 0.701455 0.36407 0.12423 0.02642 0.00376 0.0004 4e-05 0 0 0 0 0 0 0 0 0 0 0 0 
1 0.70002 0.36342 0.123015 0.026345 0.003815 0.000355 2e-05 0 0 0 0 0 0 0 0 0 0 0 0 
1 0.69981 0.36444 0.12335 0.02619 0.00377 0.000425 2e-05 0 0 0 0 0 0 0 0 0 0 0 0 
1 0.700995 0.36519 0.12578 0.027295 0.004235 0.000385 3.5e-05 0 0 0 0 0 0 0 0 0 0 0 0 
1 0.70021 0.365395 0.124675 0.02688 0.004145 0.000535 4.5e-05 0 0 0 0 0 0 0 0 0 0 0 0 
1 0.70205 0.366735 0.125235 0.02682 0.003865 0.00036 3e-05 0 0 0 0 0 0 0 0 0 0 0 0 
1 0.699925 0.36396 0.12282 0.026365 0.003865 0.000445 4e-05 0 0 0 0 0 0 0 0 0 0 0 0 
1 0.699965 0.363215 0.124585 0.02696 0.004225 0.000545 5e-05 5e-06 0 0 0 0 0 0 0 0 0 0 0 
1 0.699535 0.36287 0.122615 0.025945 0.00385 0.000305 3e-05 0 0 0 0 0 0 0 0 0 0 0 0 
1 0.699785 0.361965 0.122225 0.025765 0.003705 0.000485 4e-05 0 0 0 0 0 0 0 0 0 0 0 0 
1 0.69703 0.359755 0.1217 0.02617 0.00371 0.000455 3e-05 1e-05 0 0 0 0 0 0 0 0 0 0 0 
1 0.698555 0.36334 0.12266 0.026935 0.00411 0.000435 2.5e-05 5e-06 0 0 0 0 0 0 0 0 0 0 0 
1 0.699005 0.36237 0.123455 0.02571 0.003875 0.00036 4e-05 1e-05 5e-06 5e-06 0 0 0 0 0 0 0 0 0 
1 0.701405 0.36499 0.124665 0.02754 0.004355 0.00051 2.5e-05 1e-05 0 0 0 0 0 0 0 0 0 0 0 
1 0.697675 0.35998 0.12005 0.02569 0.00392 0.000485 4.5e-05 1e-05 5e-06 0 0 0 0 0 0 0 0 0 0 
1 0.698775 0.36114 0.123335 0.026285 0.003995 0.000415 2e-05 0 0 0 0 0 0 0 0 0 0 0 0 
1 0.69979 0.365595 0.12529 0.02726 0.004155 0.00049 3.5e-05 5e-06 0 0 0 0 0 0 0 0 0 0 0 
1 0.701585 0.36417 0.123845 0.026175 0.003995 0.00047 4e-05 0 0 0 0 0 0 0 0 0 0 0 0 
1 0.701415 0.36389 0.123165 0.02607 0.003675 0.00036 2e-05 5e-06 0 0 0 0 0 0 0 0 0 0 0 
1 0.701275 0.366075 0.126535 0.0281 0.00415 0.000515 3e-05 5e-06 0 0 0 0 0 0 0 0 0 0 0 
1 0.699815 0.364955 0.124205 0.026075 0.003705 0.000325 3e-05 0 0 0 0 0 0 0 0 0 0 0 0 
1 0.702125 0.366085 0.124995 0.02685 0.004045 0.000455 3e-05 5e-06 0 0 0 0 0 0 0 0 0 0 0 
1 0.69804 0.36346 0.123295 0.02683 0.004105 0.000515 4e-05 0 0 0 0 0 0 0 0 0 0 0 0 
1 0.698325 0.362295 0.12271 0.02566 0.0035 0.000375 4e-05 1e-05 0 0 0 0 0 0 0 0 0 0 0 
1 0.70035 0.36499 0.124835 0.02707 0.004065 0.000515 2.5e-05 0 0 0 0 0 0 0 0 0 0 0 0 
1 0.69961 0.363535 0.124055 0.02665 0.003895 0.00045 5.5e-05 0 0 0 0 0 0 0 0 0 0 0 0 
1 0.701395 0.36723 0.125835 0.027515 0.004225 0.00049 4.5e-05 5e-06 0 0 0 0 0 0 0 0 0 0 0 
1 0.70076 0.36455 0.124025 0.026365 0.00385 0.00038 1.5e-05 0 0 0 0 0 0 0 0 0 0 0 0 
1 0.696925 0.362645 0.12241 0.0261 0.00394 0.00045 4.5e-05 1e-05 0 0 0 0 0 0 0 0 0 0 0 
1 0.69918 0.362935 0.123675 0.026575 0.00394 0.0005 6e-05 0 0 0 0 0 0 0 0 0 0 0 0 
1 0.698815 0.364445 0.12576 0.026935 0.00423 0.00047 3.5e-05 5e-06 0 0 0 0 0 0 0 0 0 0 0 
1 0.6998 0.364695 0.12467 0.026545 0.00383 0.00041 5.5e-05 0 0 0 0 0 0 0 0 0 0 0 0 
1 0.70019 0.36367 0.125095 0.027215 0.004055 0.00046 2e-05 5e-06 0 0 0 0 0 0 0 0 0 0 0 
1 0.7009 0.363675 0.124575 0.026645 0.00413 0.00047 2e-05 0 0 0 0 0 0 0 0 0 0 0 0 
1 0.69852 0.360635 0.12196 0.026005 0.00359 0.00035 3.5e-05 0 0 0 0 0 0 0 0 0 0 0 0 
1 0.70134 0.366505 0.125415 0.027735 0.00418 0.00043 4.5e-05 0 0 0 0 0 0 0 0 0 0 0 0 
1 0.70111 0.363395 0.122205 0.026345 0.003835 0.000375 2.5e-05 5e-06 0 0 0 0 0 0 0 0 0 0 0 
1 0.69983 0.3651 0.123915 0.026295 0.00402 0.00038 3.5e-05 0 0 0 0 0 0 0 0 0 0 0 0 
1 0.70007 0.36407 0.12471 0.026865 0.003825 0.000475 2.5e-05 0 0 0 0 0 0 0 0 0 0 0 0 
1 0.700955 0.367395 0.127135 0.027795 0.00402 0.00039 5e-05 1e-05 0 0 0 0 0 0 0 0 0 0 0 
1 0.69796 0.364555 0.124695 0.02726 0.003805 0.000365 2.5e-05 0 0 0 0 0 0 0 0 0 0 0 0 
1 0.700915 0.362165 0.12245 0.02573 0.003495 0.000455 2e-05 0 0 0 0 0 0 0 0 0 0 0 0 
1 0.69879 0.362975 0.123345 0.02641 0.0037 0.000455 8e-05 1.5e-05 0 0 0 0 0 0 0 0 0 0 0 
1 0.69889 0.363425 0.122605 0.02637 0.004 0.00045 3.5e-05 5e-06 0 0 0 0 0 0 0 0 0 0 0 
1 0.699315 0.36561 0.125985 0.027465 0.00391 0.00047 3.5e-05 0 0 0 0 0 0 0 0 0 0 0 0 
1 0.69794 0.364355 0.124655 0.027 0.003965 0.00043 4.5e-05 5e-06 0 0 0 0 0 0 0 0 0 0 0 
1 0.69942 0.361835 0.12366 0.026515 0.00412 0.00051 3.5e-05 0 0 0 0 0 0 0 0 0 0 0 0 
1 0.698955 0.363095 0.121945 0.02631 0.0038 0.000355 4e-05 0 0 0 0 0 0 0 0 0 0 0 0 
1 0.70084 0.364105 0.123665 0.026505 0.00411 0.00056 4e-05 0 0 0 0 0 0 0 0 0 0 0 0 
1 0.70211 0.36376 0.12416 0.02671 0.00389 0.000475 2e-05 5e-06 0 0 0 0 0 0 0 0 0 0 0 
1 0.699105 0.362415 0.1226 0.02639 0.0039 0.00037 5e-05 1e-05 0 0 0 0 0 0 0 0 0 0 0 
1 0.70135 0.3685 0.12818 0.028295 0.003995 0.000435 4e-05 0 0 0 0 0 0 0 0 0 0 0 0 
1 0.698685 0.36424 0.123825 0.02647 0.00397 0.00047 3.5e-05 5e-06 0 0 0 0 0 0 0 0 0 0 0 
1 0.698815 0.36192 0.12244 0.02576 0.00349 0.000405 3e-05 0 0 0 0 0 0 0 0 0 0 0 0 
1 0.69847 0.361725 0.12137 0.02515 0.00371 0.00038 3.5e-05 0 0 0 0 0 0 0 0 0 0 0 0 
1 0.69979 0.362045 0.12374 0.025695 0.003365 0.00032 1e-05 0 0 0 0 0 0 0 0 0 0 0 0 
1 0.70047 0.364035 0.12532 0.027065 0.003985 0.00037 2.5e-05 0 0 0 0 0 0 0 0 0 0 0 0 
1 0.69862 0.361 0.121965 0.025815 0.00357 0.00036 3e-05 0 0 0 0 0 0 0 0 0 0 0 0 
1 0.70091 0.36391 0.12299 0.025805 0.003825 0.00039 2e-05 0 0 0 0 0 0 0 0 0 0 0 0 
1 0.70086 0.365455 0.12599 0.02739 0.003785 0.00043 4e-05 5e-06 0 0 0 0 0 0 0 0 0 0 0 
1 0.701085 0.36393 0.12269 0.025815 0.003685 0.00037 4.5e-05 0 0 0 0 0 0 0 0 0 0 0 0 
1 0.69968 0.36318 0.122315 0.026655 0.00396 0.00051 5e-05 5e-06 0 0 0 0 0 0 0 0 0 0 0 
1 0.70142 0.364355 0.123015 0.02653 0.003965 0.00046 4e-05 0 0 0 0 0 0 0 0 0 0 0 0 
1 0.70019 0.36275 0.1233 0.02628 0.003505 0.00031 1.5e-05 0 0 0 0 0 0 0 0 0 0 0 0 
1 0.700835 0.36409 0.123885 0.027275 0.003905 0.000445 3e-05 1e-05 5e-06 0 0 0 0 0 0 0 0 0 0 
1 0.697555 0.36219 0.12347 0.02697 0.00406 0.00042 3e-05 0 0 0 0 0 0 0 0 0 0 0 0 
1 0.7006 0.36432 0.12416 0.02701 0.00402 0.000435 4.5e-05 0 0 0 0 0 0 0 0 0 0 0 0 
1 0.702275 0.36497 0.124985 0.02665 0.003865 0.000395 4e-05 0 0 0 0 0 0 0 0 0 0 0 0 
1 0.699355 0.36237 0.12367 0.02635 0.004045 0.00044 6e-05 5e-06 0 0 0 0 0 0 0 0 0 0 0 
1 0.70046 0.3653 0.12521 0.027105 0.00394 0.00054 6.5e-05 2.49467e-17 0 0 0 0 0 0 0 0 0 0 0 
1 0.702715 0.36464 0.125415 0.02758 0.00403 0.000505 6e-05 0 0 0 0 0 0 0 0 0 0 0 0 
1 0.701605 0.365545 0.12488 0.02724 0.004005 0.0004 3.5e-05 5e-06 0 0 0 0 0 0 0 0 0 0 0 
1 0.69939 0.364195 0.124995 0.026735 0.00413 0.000455 6e-05 0 0 0 0 0 0 0 0 0 0 0 0 
1 0.702205 0.366195 0.12534 0.027485 0.00416 0.000485 4.5e-05 0 0 0 0 0 0 0 0 0 0 0 0 
1 0.6991 0.36214 0.123445 0.026685 0.004165 0.00047 6e-05 5e-06 0 0 0 0 0 0 0 0 0 0 0 
1 0.699905 0.3635 0.12398 0.027085 0.004055 0.00051 5.5e-05 5e-06 0 0 0 0 0 0 0 0 0 0 0 
1 0.69706 0.36069 0.122045 0.02617 0.00375 0.000455 5e-05 0 0 0 0 0 0 0 0 0 0 0 0 
1 0.70147 0.36617 0.125355 0.027575 0.004285 0.000515 4.5e-05 5e-06 0 0 0 0 0 0 0 0 0 0 0 
1 0.698965 0.365115 0.123415 0.026475 0.00396 0.00041 6e-05 1e-05 0 0 0 0 0 0 0 0 0 0 0 
1 0.702325 0.36382 0.12458 0.027665 0.00401 0.00055 8.5e-05 0 0 0 0 0 0 0 0 0 0 0 0 
1 0.70281 0.36614 0.12409 0.02686 0.004155 0.000495 5e-05 1.5e-05 0 0 0 0 0 0 0 0 0 0 0 
1 0.702175 0.368355 0.126225 0.02819 0.00427 0.00054 5.5e-05 1e-05 5e-06 0 0 0 0 0 0 0 0 0 0 
1 0.70226 0.36642 0.125185 0.02692 0.004 0.00044 3e-05 5e-06 0 0 0 0 0 0 0 0 0 0 0 
1 0.699485 0.362575 0.123535 0.026345 0.00356 0.000395 4.5e-05 5e-06 0 0 0 0 0 0 0 0 0 0 0 
1 0.699635 0.3632 0.124155 0.026915 0.003915 0.000455 3.5e-05 0 0 0 0 0 0 0 0 0 0 0 0 
1 0.70221 0.366985 0.12672 0.027205 0.00408 0.00053 8e-05 5e-06 0 0 0 0 0 0 0 0 0 0 0 
1 0.69977 0.364695 0.1236 0.026485 0.003495 0.00038 4e-05 0 0 0 0 0 0 0 0 0 0 0 0 
1 0.699445 0.361665 0.122445 0.02666 0.003955 0.000455 2e-05 0 0 0 0 0 0 0 0 0 0 0 0 
1 0.69964 0.36506 0.1249 0.02695 0.004025 0.000425 3e-05 0 0 0 0 0 0 0 0 0 0 0 0 
1 0.70148 0.36601 0.124475 0.02627 0.003765 0.000485 5e-05 0 0 0 0 0 0 0 0 0 0 0 0 
1 0.69807 0.36332 0.12409 0.027155 0.004035 0.00049 3.5e-05 5e-06 0 0 0 0 0 0 0 0 0 0 0 
1 0.699635 0.36318 0.12394 0.02721 0.00391 0.000475 6e-05 5e-06 0 0 0 0 0 0 0 0 0 0 0 
1 0.69983 0.36328 0.12166 0.025875 0.00378 0.00041 6.5e-05 0 0 0 0 0 0 0 0 0 0 0 0 
1 0.70022 0.36379 0.123775 0.026285 0.003875 0.000415 3.5e-05 1.5e-05 5e-06 0 0 0 0 0 0 0 0 0 0 
1 0.69914 0.362515 0.122895 0.02656 0.003905 0.000375 3.5e-05 0 0 0 0 0 0 0 0 0 0 0 0 
1 0.701595 0.363775 0.12452 0.026235 0.00402 0.000465 3.5e-05 0 0 0 0 0 0 0 0 0 0 0 0 
1 0.700905 0.365815 0.124805 0.026805 0.00391 0.00046 4.5e-05 0 0 0 0 0 0 0 0 0 0 0 0 
1 0.700165 0.36535 0.12456 0.02651 0.00373 0.000455 5e-05 0 0 0 0 0 0 0 0 0 0 0 0 
1 0.698545 0.36179 0.12316 0.026495 0.00374 0.000405 4e-05 0 0 0 0 0 0 0 0 0 0 0 0 
1 0.70035 0.3638 0.12365 0.02613 0.003875 0.0004 3.5e-05 0 0 0 0 0 0 0 0 0 0 0 0 
1 0.70122 0.36357 0.123665 0.0269 0.003675 0.00032 7.5e-05 0 0 0 0 0 0 0 0 0 0 0 0 
1 0.69876 0.36273 0.12336 0.02641 0.00378 0.000465 3e-05 0 0 0 0 0 0 0 0 0 0 0 0 
1 0.69927 0.363025 0.122615 0.025655 0.00366 0.000395 2e-05 1e-05 5e-06 0 0 0 0 0 0 0 0 0 0 
1 0.702285 0.366835 0.12503 0.02703 0.00414 0.000485 2.5e-05 0 0 0 0 0 0 0 0 0 0 0 0 
1 0.69786 0.36231 0.124235 0.02759 0.00399 0.00041 2.5e-05 0 0 0 0 0 0 0 0 0 0 0 0 
1 0.699735 0.363875 0.1257 0.027235 0.004055 0.00047 4e-05 5e-06 0 0 0 0 0 0 0 0 0 0 0 
1 0.700275 0.364735 0.124955 0.026585 0.00367 0.00034 4.5e-05 5e-06 5e-06 0 0 0 0 0 0 0 0 0 0 
1 0.6982 0.361735 0.122655 0.025955 0.003735 0.00035 1.5e-05 0 0 0 0 0 0 0 0 0 0 0 0 
1 0.69842 0.362975 0.12374 0.02663 0.00396 0.000435 6e-05 0 0 0 0 0 0 0 0 0 0 0 0 
1 0.700655 0.364305 0.12366 0.02658 0.00396 0.00048 2.5e-05 0 0 0 0 0 0 0 0 0 0 0 0 
1 0.697895 0.364425 0.123455 0.026225 0.003755 0.000495 7e-05 5e-06 0 0 0 0 0 0 0 0 0 0 0 
1 0.70018 0.363985 0.12403 0.026505 0.00387 0.000355 2e-05 0 0 0 0 0 0 0 0 0 0 0 0 
1 0.70009 0.36413 0.12322 0.026265 0.00405 0.00046 3.5e-05 0 0 0 0 0 0 0 0 0 0 0 0 
1 0.699575 0.36462 0.123225 0.026425 0.0038 0.00046 6.5e-05 5e-06 0 0 0 0 0 0 0 0 0 0 0 
1 0.697715 0.360665 0.122905 0.02659 0.003745 0.000435 2e-05 0 0 0 0 0 0 0 0 0 0 0 0 
1 0.70012 0.36542 0.124315 0.026445 0.003725 0.00039 2e-05 0 0 0 0 0 0 0 0 0 0 0 0 
1 0.700895 0.364185 0.125475 0.027275 0.00395 0.00047 3.5e-05 5e-06 0 0 0 0 0 0 0 0 0 0 0 
1 0.69954 0.365435 0.12513 0.02744 0.004115 0.00038 3e-05 0 0 0 0 0 0 0 0 0 0 0 0 
1 0.698895 0.361615 0.124165 0.026275 0.00383 0.00039 2.5e-05 5e-06 0 0 0 0 0 0 0 0 0 0 0 
1 0.70075 0.36376 0.124785 0.02724 0.004115 0.000355 6e-05 5e-06 0 0 0 0 0 0 0 0 0 0 0 
1 0.6999 0.36379 0.12481 0.027245 0.00408 0.00044 3.5e-05 5e-06 0 0 0 0 0 0 0 0 0 0 0 
1 0.69816 0.36289 0.122995 0.026655 0.003865 0.000435 2.5e-05 0 0 0 0 0 0 0 0 0 0 0 0 
1 0.69874 0.36541 0.125045 0.027025 0.00408 0.00035 3.5e-05 0 0 0 0 0 0 0 0 0 0 0 0 
1 0.697935 0.361025 0.12065 0.025645 0.003745 0.00046 7.5e-05 0 0 0 0 0 0 0 0 0 0 0 0 
1 0.70041 0.364035 0.12301 0.02625 0.00399 0.000425 3e-05 5e-06 0 0 0 0 0 0 0 0 0 0 0 
1 0.70104 0.3665 0.12617 0.027755 0.004145 0.00049 5.5e-05 5e-06 0 0 0 0 0 0 0 0 0 0 0 
1 0.70247 0.367 0.12657 0.02703 0.004015 0.00039 1e-05 5e-06 0 0 0 0 0 0 0 0 0 0 0 
1 0.69932 0.36026 0.121575 0.025985 0.00382 0.00046 5e-05 0 0 0 0 0 0 0 0 0 0 0 0 
1 0.69867 0.36199 0.123395 0.02631 0.00359 0.000425 4.5e-05 1.5e-05 0 0 0 0 0 0 0 0 0 0 0 
1 0.70032 0.365185 0.1246 0.0267 0.003985 0.00043 2e-05 0 0 0 0 0 0 0 0 0 0 0 0 
1 0.700355 0.3644 0.12318 0.027135 0.00406 0.00046 4.5e-05 1e-05 0 0 0 0 0 0 0 0 0 0 0 
1 0.69743 0.362085 0.122785 0.02696 0.004 0.000425 4.5e-05 0 0 0 0 0 0 0 0 0 0 0 0 
1 0.700965 0.36458 0.12448 0.026355 0.00379 0.00039 3e-05 0 0 0 0 0 0 0 0 0 0 0 0 
1 0.700855 0.365365 0.12405 0.027285 0.003845 0.000345 2.5e-05 0 0 0 0 0 0 0 0 0 0 0 0 
1 0.700625 0.36556 0.12502 0.026625 0.00364 0.00033 3.5e-05 0 0 0 0 0 0 0 0 0 0 0 0 
1 0.69953 0.36153 0.12244 0.02617 0.003895 0.00045 6e-05 0 0 0 0 0 0 0 0 0 0 0 0 
1 0.702105 0.36325 0.122845 0.02627 0.00366 0.0004 5.5e-05 0 0 0 0 0 0 0 0 0 0 0 0 
1 0.699405 0.362225 0.123195 0.026855 0.00396 0.00048 4.5e-05 5e-06 0 0 0 0 0 0 0 0 0 0 0 
1 0.7017 0.366575 0.12578 0.027815 0.00406 0.00049 3e-05 5e-06 5e-06 0 0 0 0 0 0 0 0 0 0 
1 0.70152 0.366525 0.12619 0.027085 0.003955 0.00051 2e-05 5e-06 0 0 0 0 0 0 0 0 0 0 0 
1 0.69945 0.36234 0.123455 0.02684 0.004305 0.00046 6.5e-05 5e-06 0 0 0 0 0 0 0 0 0 0 0 
1 0.69921 0.36217 0.124 0.026975 0.004225 0.000515 3e-05 0 0 0 0 0 0 0 0 0 0 0 0 
1 0.699795 0.365545 0.12575 0.026645 0.00393 0.000465 3.5e-05 5e-06 0 0 0 0 0 0 0 0 0 0 0 
1 0.701385 0.366965 0.126065 0.02741 0.00408 0.00045 4.5e-05 1e-05 0 0 0 0 0 0 0 0 0 0 0 
1 0.69822 0.362625 0.12328 0.026185 0.00368 0.0004 2e-05 5e-06 0 0 0 0 0 0 0 0 0 0 0 
1 0.700015 0.36205 0.121635 0.02672 0.003725 0.000405 2.5e-05 5e-06 0 0 0 0 0 0 0 0 0 0 0 
1 0.698445 0.36192 0.12406 0.027325 0.00404 0.00039 2e-05 0 0 0 0 0 0 0 0 0 0 0 0 
1 0.70118 0.365605 0.124125 0.026345 0.003965 0.000545 6.5e-05 5e-06 0 0 0 0 0 0 0 0 0 0 0 
1 0.69835 0.36224 0.12333 0.026495 0.004005 0.000405 4e-05 0 0 0 0 0 0 0 0 0 0 0 0 
1 0.69919 0.36289 0.122725 0.025705 0.00385 0.00042 3e-05 0 0 0 0 0 0 0 0 0 0 0 0 
1 0.6995 0.364235 0.122335 0.026535 0.00356 0.000335 2.5e-05 5e-06 0 0 0 0 0 0 0 0 0 0 0 
1 0.70014 0.36496 0.124175 0.027225 0.00418 0.0005 7e-05 5e-06 0 0 0 0 0 0 0 0 0 0 0 
1 0.70143 0.367 0.12615 0.02727 0.00409 0.000515 4.5e-05 0 0 0 0 0 0 0 0 0 0 0 0 
1 0.701725 0.36563 0.125345 0.02726 0.004065 0.00042 2e-05 0 0 0 0 0 0 0 0 0 0 0 0 
1 0.697595 0.36026 0.12202 0.02554 0.003655 0.00028 2e-05 0 0 0 0 0 0 0 0 0 0 0 0 
1 0.700865 0.364365 0.123005 0.02719 0.003975 0.000485 5.5e-05 1.5e-05 0 0 0 0 0 0 0 0 0 0 0 
1 0.699085 0.36241 0.122505 0.02641 0.003795 0.000405 5.5e-05 1.5e-05 0 0 0 0 0 0 0 0 0 0 0 
1 0.69962 0.363685 0.123985 0.0265 0.00392 0.00031 1.5e-05 0 0 0 0 0 0 0 0 0 0 0 0 
1 0.69911 0.362795 0.123385 0.02665 0.00375 0.000485 8.5e-05 5e-06 0 0 0 0 0 0 0 0 0 0 0 
1 0.70068 0.36466 0.124495 0.028025 0.004 0.0005 3e-05 5e-06 0 0 0 0 0 0 0 0 0 0 0 
1 0.6993 0.363725 0.12395 0.02709 0.004135 0.000485 4.5e-05 5e-06 0 0 0 0 0 0 0 0 0 0 0 
1 0.69966 0.364205 0.12404 0.0267 0.004215 0.000565 6e-05 0 0 0 0 0 0 0 0 0 0 0 0 
1 0.69911 0.36478 0.124875 0.02674 0.003765 0.000385 2e-05 0 0 0 0 0 0 0 0 0 0 0 0 
1 0.69808 0.36116 0.121095 0.02557 0.00381 0.00048 3.5e-05 0 0 0 0 0 0 0 0 0 0 0 0 
1 0.70096 0.363845 0.12434 0.027275 0.004015 0.000525 7e-05 0 0 0 0 0 0 0 0 0 0 0 0 
1 0.700515 0.3662 0.125155 0.027985 0.003805 0.0004 5.5e-05 5e-06 0 0 0 0 0 0 0 0 0 0 0 
1 0.699865 0.36326 0.12276 0.02661 0.00391 0.0004 4.5e-05 1e-05 0 0 0 0 0 0 0 0 0 0 0 
1 0.70074 0.365005 0.12484 0.027405 0.0041 0.000435 6.5e-05 1.12424e-17 0 0 0 0 0 0 0 0 0 0 0 
1 0.699675 0.36375 0.124895 0.02705 0.00391 0.0004 4.5e-05 0 0 0 0 0 0 0 0 0 0 0 0 
1 0.700115 0.366815 0.124915 0.026485 0.00363 0.00047 5e-05 1e-05 0 0 0 0 0 0 0 0 0 0 0 
1 0.69962 0.36292 0.123445 0.026 0.00391 0.000415 1.5e-05 5e-06 0 0 0 0 0 0 0 0 0 0 0 
1 0.70046 0.363485 0.12365 0.026315 0.00358 0.00038 2.5e-05 0 0 0 0 0 0 0 0 0 0 0 0 
1 0.699925 0.36282 0.12394 0.02756 0.00401 0.00035 2e-05 5e-06 0 0 0 0 0 0 0 0 0 0 0 
1 0.70208 0.367085 0.12633 0.027215 0.00414 0.000415 3.5e-05 0 0 0 0 0 0 0 0 0 0 0 0 
1 0.70069 0.36223 0.123115 0.02575 0.003835 0.00045 3.5e-05 0 0 0 0 0 0 0 0 0 0 0 0 
1 0.69935 0.36274 0.12347 0.02678 0.00396 0.00041 1.5e-05 0 0 0 0 0 0 0 0 0 0 0 0 
1 0.699345 0.36261 0.123805 0.02781 0.004195 0.00045 6e-05 0 0 0 0 0 0 0 0 0 0 0 0 
1 0.70006 0.364225 0.123785 0.02619 0.00428 0.000565 5e-05 0 0 0 0 0 0 0 0 0 0 0 0 
1 0.69911 0.36295 0.123835 0.027725 0.00424 0.00046 3e-05 0 0 0 0 0 0 0 0 0 0 0 0 
1 0.69943 0.363175 0.123215 0.026965 0.00423 0.000545 6e-05 1e-05 0 0 0 0 0 0 0 0 0 0 0 
1 0.69896 0.36281 0.12288 0.02693 0.00415 0.000495 4.5e-05 0 0 0 0 0 0 0 0 0 0 0 0 
1 0.699905 0.3651 0.12508 0.026675 0.003985 0.000485 4.5e-05 0 0 0 0 0 0 0 0 0 0 0 0 
1 0.70146 0.364545 0.124795 0.02736 0.004215 0.000605 7e-05 1e-05 0 0 0 0 0 0 0 0 0 0 0 
1 0.69985 0.36271 0.12102 0.025255 0.003635 0.000385 4e-05 0 0 0 0 0 0 0 0 0 0 0 0 
1 0.702045 0.36624 0.125725 0.02736 0.00399 0.00041 3e-05 0 0 0 0 0 0 0 0 0 0 0 0 
1 0.7022 0.3665 0.124925 0.027195 0.00395 0.00041 4e-05 5e-06 0 0 0 0 0 0 0 0 0 0 0 
1 0.699695 0.362575 0.123115 0.02584 0.0037 0.00039 2.5e-05 0 0 0 0 0 0 0 0 0 0 0 0 
1 0.698785 0.36291 0.12357 0.02618 0.003845 0.00045 3.5e-05 0 0 0 0 0 0 0 0 0 0 0 0 
1 0.701145 0.362645 0.123015 0.0264 0.004065 0.000465 6e-05 5e-06 0 0 0 0 0 0 0 0 0 0 0 
1 0.6982 0.36258 0.12381 0.02671 0.004005 0.00038 1.5e-05 0 0 0 0 0 0 0 0 0 0 0 0 
1 0.699195 0.36304 0.121505 0.02579 0.00366 0.00039 3e-05 0 0 0 0 0 0 0 0 0 0 0 0 
1 0.69951 0.363935 0.124565 0.027105 0.00411 0.000485 6e-05 5e-06 0 0 0 0 0 0 0 0 0 0 0 
1 0.699245 0.360905 0.120485 0.02556 0.00343 0.00039 5e-05 5e-06 0 0 0 0 0 0 0 0 0 0 0 
1 0.70131 0.36615 0.125505 0.02743 0.004025 0.0005 6e-05 1e-05 0 0 0 0 0 0 0 0 0 0 0 
1 0.700665 0.36441 0.124175 0.02779 0.004245 0.000425 2.5e-05 0 0 0 0 0 0 0 0 0 0 0 0 
1 0.701665 0.365355 0.12467 0.027565 0.003975 0.0004 3e-05 5e-06 0 0 0 0 0 0 0 0 0 0 0 
1 0.70013 0.36395 0.12392 0.026305 0.0038 0.000415 5.5e-05 0 0 0 0 0 0 0 0 0 0 0 0 
1 0.69996 0.364945 0.124705 0.02698 0.003795 0.000485 4e-05 1e-05 0 0 0 0 0 0 0 0 0 0 0 
1 0.701675 0.365805 0.124925 0.027265 0.00402 0.00039 5e-05 0 0 0 0 0 0 0 0 0 0 0 0 
1 0.69968 0.36385 0.125015 0.026935 0.00378 0.000335 2e-05 5e-06 0 0 0 0 0 0 0 0 0 0 0 
1 0.70033 0.36537 0.124225 0.02671 0.003915 0.0005 4.5e-05 1e-05 0 0 0 0 0 0 0 0 0 0 0 
1 0.699015 0.363575 0.12263 0.02693 0.00373 0.00043 5e-05 5e-06 0 0 0 0 0 0 0 0 0 0 0 
1 0.702205 0.365035 0.12524 0.02715 0.00395 0.000375 2e-05 0 0 0 0 0 0 0 0 0 0 0 0 
1 0.69824 0.362945 0.12325 0.026515 0.00423 0.00048 3e-05 5e-06 0 0 0 0 0 0 0 0 0 0 0 
1 0.70003 0.362245 0.123465 0.026865 0.003835 0.00042 2e-05 0 0 0 0 0 0 0 0 0 0 0 0 
1 0.69928 0.364285 0.125055 0.026835 0.00409 0.000445 5.5e-05 5e-06 0 0 0 0 0 0 0 0 0 0 0 
1 0.70085 0.365095 0.125425 0.027765 0.004315 0.00047 3e-05 0 0 0 0 0 0 0 0 0 0 0 0 
1 0.701865 0.36423 0.124415 0.027155 0.004155 0.000485 3e-05 5e-06 0 0 0 0 0 0 0 0 0 0 0 
1 0.701725 0.366675 0.126315 0.027155 0.004105 0.00046 7e-05 1e-05 0 0 0 0 0 0 0 0 0 0 0 
1 0.701265 0.36226 0.12178 0.02579 0.003615 0.000315 4.5e-05 1e-05 0 0 0 0 0 0 0 0 0 0 0 
1 0.70003 0.366635 0.1255 0.02758 0.003985 0.00039 1e-05 0 0 0 0 0 0 0 0 0 0 0 0 
1 0.699365 0.362155 0.1242 0.026525 0.00417 0.000465 4.5e-05 5e-06 0 0 0 0 0 0 0 0 0 0 0 
1 0.700785 0.36419 0.124195 0.027455 0.00434 0.000485 4e-05 5e-06 0 0 0 0 0 0 0 0 0 0 0 
1 0.700005 0.363895 0.12606 0.027295 0.00403 0.00057 6.5e-05 5e-06 0 0 0 0 0 0 0 0 0 0 0 
1 0.698875 0.3617 0.122305 0.025765 0.00364 0.00041 5.5e-05 5e-06 0 0 0 0 0 0 0 0 0 0 0 
1 0.698295 0.361995 0.122355 0.02647 0.003685 0.000335 3.5e-05 0 0 0 0 0 0 0 0 0 0 0 0 
1 0.700075 0.36366 0.12343 0.0268 0.004055 0.00045 4.5e-05 1e-05 0 0 0 0 0 0 0 0 0 0 0 
1 0.702405 0.366695 0.12609 0.028025 0.00442 0.000475 6.5e-05 5e-06 0 0 0 0 0 0 0 0 0 0 0 
1 0.70183 0.36626 0.124475 0.026995 0.004105 0.00043 5.5e-05 0 0 0 0 0 0 0 0 0 0 0 0 
1 0.700595 0.367715 0.12485 0.027245 0.00406 0.0005 4e-05 0 0 0 0 0 0 0 0 0 0 0 0 
1 0.699385 0.36392 0.123075 0.02674 0.00393 0.000385 3e-05 0 0 0 0 0 0 0 0 0 0 0 0 
1 0.699215 0.36233 0.12324 0.026175 0.00385 0.00051 4e-05 1e-05 5e-06 0 0 0 0 0 0 0 0 0 0 
1 0.699325 0.3631 0.123515 0.02692 0.00393 0.000455 5e-05 5e-06 0 0 0 0 0 0 0 0 0 0 0 
1 0.699525 0.36299 0.123025 0.02634 0.00394 0.000465 2.5e-05 0 0 0 0 0 0 0 0 0 0 0 0 
1 0.70293 0.36591 0.12558 0.027395 0.00418 0.000585 8e-05 1.5e-05 0 0 0 0 0 0 0 0 0 0 0 
1 0.70001 0.365345 0.122045 0.025825 0.003725 0.000465 6e-05 1.5e-05 0 0 0 0 0 0 0 0 0 0 0 
1 0.69925 0.3633 0.12431 0.02656 0.00381 0.00043 4e-05 0 0 0 0 0 0 0 0 0 0 0 0 
1 0.699155 0.363115 0.12329 0.026795 0.003785 0.000425 5e-05 5e-06 0 0 0 0 0 0 0 0 0 0 0 
1 0.6993 0.36367 0.123635 0.02733 0.00406 0.000475 7e-05 0 0 0 0 0 0 0 0 0 0 0 0 
1 0.699585 0.36263 0.123135 0.026455 0.00374 0.0004 2.5e-05 0 0 0 0 0 0 0 0 0 0 0 0 
1 0.70122 0.362995 0.12421 0.026455 0.00356 0.0003 2.5e-05 5e-06 0 0 0 0 0 0 0 0 0 0 0 
1 0.700765 0.36535 0.12368 0.026695 0.003985 0.000535 7e-05 5e-06 0 0 0 0 0 0 0 0 0 0 0 
1 0.701 0.364495 0.12466 0.027035 0.004 0.000385 2e-05 0 0 0 0 0 0 0 0 0 0 0 0 
1 0.70131 0.365825 0.125415 0.02708 0.0041 0.00046 2.5e-05 5e-06 0 0 0 0 0 0 0 0 0 0 0 
1 0.698795 0.3633 0.12399 0.02676 0.004055 0.000395 2e-05 0 0 0 0 0 0 0 0 0 0 0 0 
1 0.699355 0.364235 0.12304 0.02677 0.00394 0.000425 5e-05 0 0 0 0 0 0 0 0 0 0 0 0 
1 0.69995 0.36379 0.12308 0.02603 0.003425 0.0003 2.5e-05 0 0 0 0 0 0 0 0 0 0 0 0 
1 0.700735 0.36345 0.12349 0.02579 0.003685 0.00042 4.5e-05 5e-06 0 0 0 0 0 0 0 0 0 0 0 
1 0.702525 0.366045 0.12685 0.02794 0.00416 0.00048 3.5e-05 5e-06 0 0 0 0 0 0 0 0 0 0 0 
1 0.7006 0.365135 0.125725 0.02772 0.004085 0.000405 3.5e-05 5e-06 0 0 0 0 0 0 0 0 0 0 0 
1 0.70117 0.366185 0.127085 0.02815 0.00416 0.00044 1.5e-05 5e-06 0 0 0 0 0 0 0 0 0 0 0 
1 0.69798 0.362825 0.123425 0.02699 0.00387 0.00054 3.5e-05 0 0 0 0 0 0 0 0 0 0 0 0 
1 0.70166 0.364515 0.12391 0.0262 0.00374 0.00037 4e-05 1e-05 0 0 0 0 0 0 0 0 0 0 0 
1 0.70139 0.36455 0.125825 0.027325 0.004065 0.000585 5e-05 1e-05 0 0 0 0 0 0 0 0 0 0 0 
1 0.70066 0.36446 0.125315 0.026415 0.003835 0.000395 3.5e-05 0 0 0 0 0 0 0 0 0 0 0 0 
1 0.7011 0.364615 0.12398 0.026755 0.004135 0.000425 2.5e-05 1e-05 0 0 0 0 0 0 0 0 0 0 0 
1 0.698555 0.36253 0.123225 0.025755 0.0038 0.000465 3.5e-05 5e-06 0 0 0 0 0 0 0 0 0 0 0 
1 0.69941 0.363495 0.122875 0.026345 0.003945 0.00041 2.5e-05 5e-06 0 0 0 0 0 0 0 0 0 0 0 
1 0.696945 0.362655 0.12285 0.02672 0.004 0.00041 3.5e-05 5e-06 0 0 0 0 0 0 0 0 0 0 0 
1 0.70197 0.365245 0.12466 0.027075 0.00398 0.00042 6e-05 1.5e-05 0 0 0 0 0 0 0 0 0 0 0 
1 0.70022 0.3651 0.126095 0.02721 0.004035 0.000495 3e-05 5e-06 0 0 0 0 0 0 0 0 0 0 0 
1 0.69971 0.36423 0.125015 0.02753 0.00403 0.00044 5.5e-05 5e-06 0 0 0 0 0 0 0 0 0 0 0 
1 0.7006 0.36436 0.124605 0.02704 0.004135 0.000405 2.5e-05 0 0 0 0 0 0 0 0 0 0 0 0 
1 0.699865 0.36389 0.12364 0.02638 0.00391 0.00043 5e-05 0 0 0 0 0 0 0 0 0 0 0 0 
1 0.69933 0.36558 0.12356 0.02604 0.003625 0.000345 2e-05 0 0 0 0 0 0 0 0 0 0 0 0 
1 0.699885 0.363205 0.122695 0.02584 0.00361 0.000405 2.5e-05 5e-06 0 0 0 0 0 0 0 0 0 0 0 
1 0.697595 0.360395 0.121555 0.02596 0.003645 0.000445 4.5e-05 0 0 0 0 0 0 0 0 0 0 0 0 
1 0.69865 0.36253 0.123015 0.02648 0.003785 0.00046 3e-05 5e-06 0 0 0 0 0 0 0 0 0 0 0 
1 0.70122 0.365945 0.12534 0.026665 0.00372 0.000395 3.5e-05 0 0 0 0 0 0 0 0 0 0 0 0 
1 0.699595 0.364305 0.124005 0.02667 0.003655 0.000365 1.5e-05 0 0 0 0 0 0 0 0 0 0 0 0 
1 0.70023 0.364085 0.12401 0.027015 0.00394 0.00037 3e-05 0 0 0 0 0 0 0 0 0 0 0 0 
1 0.700145 0.36394 0.124075 0.026865 0.00384 0.00039 6.5e-05 0 0 0 0 0 0 0 0 0 0 0 0 
1 0.701315 0.3653 0.124745 0.027755 0.003915 0.000395 3e-05 0 0 0 0 0 0 0 0 0 0 0 0 
1 0.69855 0.36291 0.12266 0.02585 0.003795 0.00035 3.5e-05 0 0 0 0 0 0 0 0 0 0 0 0 
1 0.700175 0.36587 0.126045 0.027155 0.00424 0.000375 1e-05 0 0 0 0 0 0 0 0 0 0 0 0 
1 0.700025 0.36291 0.12246 0.026805 0.003685 0.00038 2.5e-05 1e-05 0 0 0 0 0 0 0 0 0 0 0 
1 0.70061 0.36548 0.124875 0.02713 0.00378 0.0004 3e-05 5e-06 5e-06 0 0 0 0 0 0 0 0 0 0 
1 0.698775 0.362105 0.124115 0.026505 0.003795 0.000335 2.5e-05 0 0 0 0 0 0 0 0 0 0 0 0 
1 0.701625 0.363925 0.123915 0.02659 0.00393 0.00046 3e-05 0 0 0 0 0 0 0 0 0 0 0 0 
1 0.700305 0.365275 0.125725 0.02732 0.003875 0.0004 3.5e-05 5e-06 0 0 0 0 0 0 0 0 0 0 0 
1 0.7 0.362555 0.12426 0.02738 0.004325 0.000535 8e-05 5e-06 0 0 0 0 0 0 0 0 0 0 0 
1 0.698855 0.3636 0.12528 0.02797 0.004405 0.000625 6e-05 5e-06 0 0 0 0 0 0 0 0 0 0 0 
1 0.69922 0.366205 0.124545 0.02738 0.00399 0.00053 4.5e-05 1e-05 0 0 0 0 0 0 0 0 0 0 0 
1 0.69833 0.362275 0.12337 0.02618 0.00367 0.00035 2e-05 5e-06 0 0 0 0 0 0 0 0 0 0 0 
1 0.699335 0.36469 0.1245 0.026475 0.00396 0.000425 3.5e-05 0 0 0 0 0 0 0 0 0 0 0 0 
1 0.7032 0.36671 0.125135 0.026735 0.00396 0.000405 4.5e-05 5e-06 0 0 0 0 0 0 0 0 0 0 0 
1 0.69883 0.364025 0.12493 0.02734 0.00368 0.000405 3e-05 0 0 0 0 0 0 0 0 0 0 0 0 
1 0.700715 0.36326 0.12275 0.02671 0.00394 0.00044 3.5e-05 5e-06 0 0 0 0 0 0 0 0 0 0 0 
1 0.69898 0.36121 0.123545 0.02696 0.004145 0.000545 6e-05 1e-05 0 0 0 0 0 0 0 0 0 0 0 
1 0.699865 0.366835 0.12499 0.02683 0.00377 0.000455 3e-05 5e-06 5e-06 0 0 0 0 0 0 0 0 0 0 
1 0.69956 0.363 0.123105 0.0265 0.004035 0.000425 6.5e-05 0 0 0 0 0 0 0 0 0 0 0 0 
1 0.70066 0.36518 0.12483 0.02644 0.00355 0.00034 3.5e-05 5e-06 0 0 0 0 0 0 0 0 0 0 0 
1 0.699515 0.363265 0.123665 0.026445 0.00393 0.000355 1e-05 0 0 0 0 0 0 0 0 0 0 0 0 
1 0.698345 0.36277 0.122625 0.026995 0.003955 0.000415 4e-05 5e-06 0 0 0 0 0 0 0 0 0 0 0 
1 0.69893 0.36225 0.1231 0.026215 0.003505 0.00045 3e-05 0 0 0 0 0 0 0 0 0 0 0 0 
1 0.697745 0.359345 0.12113 0.026225 0.00382 0.000445 4.5e-05 5e-06 0 0 0 0 0 0 0 0 0 0 0 
1 0.700985 0.363585 0.122835 0.02602 0.00359 0.000415 5e-05 0 0 0 0 0 0 0 0 0 0 0 0 
1 0.700505 0.3619 0.12284 0.026795 0.003975 0.000535 5e-05 5e-06 0 0 0 0 0 0 0 0 0 0 0 
1 0.70225 0.365385 0.124215 0.02731 0.00387 0.00041 6e-05 5e-06 0 0 0 0 0 0 0 0 0 0 0 
1 0.70418 0.36896 0.12831 0.028475 0.004375 0.000515 4e-05 5e-06 5e-06 0 0 0 0 0 0 0 0 0 0 
1 0.701915 0.36652 0.12556 0.027805 0.0039 0.000405 4.5e-05 0 0 0 0 0 0 0 0 0 0 0 0 
1 0.7027 0.365835 0.12553 0.02717 0.003885 0.00046 3.5e-05 5e-06 0 0 0 0 0 0 0 0 0 0 0 
1 0.697005 0.358385 0.120095 0.02505 0.00324 0.00036 5e-05 5e-06 0 0 0 0 0 0 0 0 0 0 0 
1 0.69961 0.363285 0.12483 0.027605 0.0042 0.00049 6e-05 1e-05 0 0 0 0 0 0 0 0 0 0 0 
1 0.69873 0.361845 0.12155 0.02629 0.004055 0.00048 5e-05 0 0 0 0 0 0 0 0 0 0 0 0 
1 0.69951 0.363595 0.123335 0.026235 0.003905 0.000405 5e-05 0 0 0 0 0 0 0 0 0 0 0 0 
1 0.701925 0.367655 0.12611 0.02745 0.00393 0.000445 3.5e-05 0 0 0 0 0 0 0 0 0 0 0 0 
1 0.701685 0.364915 0.12346 0.025675 0.00362 0.000415 1.5e-05 2.77556e-17 0 0 0 0 0 0 0 0 0 0 0 
1 0.69955 0.363695 0.123465 0.027195 0.00404 0.00053 3.5e-05 5e-06 0 0 0 0 0 0 0 0 0 0 0 
1 0.70047 0.36637 0.126015 0.027985 0.004015 0.000345 4.5e-05 1e-05 0 0 0 0 0 0 0 0 0 0 0 
1 0.70049 0.365905 0.123735 0.026355 0.003975 0.0004 2e-05 0 0 0 0 0 0 0 0 0 0 0 0 
1 0.70202 0.367455 0.125055 0.027625 0.00399 0.00037 2.5e-05 0 0 0 0 0 0 0 0 0 0 0 0 
1 0.701085 0.36506 0.125345 0.0269 0.00396 0.000485 6.5e-05 0 0 0 0 0 0 0 0 0 0 0 0 
1 0.69978 0.36411 0.123705 0.027215 0.00418 0.0005 4.5e-05 1e-05 0 0 0 0 0 0 0 0 0 0 0 
1 0.69996 0.36383 0.12424 0.02639 0.00372 0.00037 4.5e-05 0 0 0 0 0 0 0 0 0 0 0 0 
1 0.700365 0.362035 0.12438 0.02663 0.004005 0.00037 3.5e-05 5e-06 0 0 0 0 0 0 0 0 0 0 0 
1 0.70053 0.36583 0.124215 0.026565 0.004015 0.000415 3e-05 0 0 0 0 0 0 0 0 0 0 0 0 
1 0.7 0.364335 0.12372 0.02671 0.003955 0.00041 3e-05 0 0 0 0 0 0 0 0 0 0 0 0 
1 0.701565 0.366795 0.125585 0.02743 0.004425 0.000475 6e-05 0 0 0 0 0 0 0 0 0 0 0 0 
1 0.70212 0.36929 0.127095 0.027705 0.00393 0.00043 4e-05 5e-06 0 0 0 0 0 0 0 0 0 0 0 
1 0.700395 0.364245 0.12433 0.02669 0.003925 0.00039 3e-05 5e-06 0 0 0 0 0 0 0 0 0 0 0 
1 0.69877 0.362875 0.12391 0.025865 0.0038 0.000335 4.5e-05 0 0 0 0 0 0 0 0 0 0 0 0 
1 0.699235 0.36343 0.122445 0.026205 0.004 0.000425 5.5e-05 1.5e-05 0 0 0 0 0 0 0 0 0 0 0 
1 0.70131 0.36713 0.12651 0.0278 0.00408 0.000475 4e-05 0 0 0 0 0 0 0 0 0 0 0 0 
1 0.70148 0.36558 0.1258 0.02766 0.00419 0.000495 5.5e-05 1e-05 0 0 0 0 0 0 0 0 0 0 0 
1 0.699005 0.36341 0.122855 0.02634 0.0038 0.00039 2e-05 5e-06 0 0 0 0 0 0 0 0 0 0 0 
1 0.698255 0.365125 0.124715 0.02707 0.00401 0.000455 3e-05 0 0 0 0 0 0 0 0 0 0 0 0 
1 0.699665 0.36501 0.125015 0.026965 0.00411 0.000375 2e-05 0 0 0 0 0 0 0 0 0 0 0 0 
1 0.700035 0.3661 0.12454 0.02639 0.003665 0.000415 3e-05 5e-06 0 0 0 0 0 0 0 0 0 0 0 
1 0.70177 0.36737 0.12608 0.02782 0.00385 0.00051 2.5e-05 0 0 0 0 0 0 0 0 0 0 0 0 
1 0.69793 0.36312 0.12419 0.026675 0.00381 0.000385 4.5e-05 5e-06 0 0 0 0 0 0 0 0 0 0 0 
1 0.69998 0.362535 0.12263 0.02611 0.00379 0.000345 3e-05 0 0 0 0 0 0 0 0 0 0 0 0 
1 0.70043 0.3643 0.12306 0.02625 0.00367 0.000415 4.5e-05 5e-06 0 0 0 0 0 0 0 0 0 0 0 
1 0.69979 0.364465 0.12543 0.02792 0.004215 0.000525 3e-05 0 0 0 0 0 0 0 0 0 0 0 0 
1 0.70044 0.3635 0.12345 0.02648 0.004035 0.000535 6e-05 0 0 0 0 0 0 0 0 0 0 0 0 
1 0.69743 0.361345 0.123515 0.0268 0.00394 0.00046 2.5e-05 1e-05 0 0 0 0 0 0 0 0 0 0 0 
1 0.69941 0.36357 0.124185 0.027205 0.00406 0.00044 2.5e-05 5e-06 0 0 0 0 0 0 0 0 0 0 0 
1 0.69981 0.362795 0.122975 0.026955 0.003955 0.000375 2.5e-05 0 0 0 0 0 0 0 0 0 0 0 0 
1 0.699575 0.366105 0.12586 0.0278 0.00408 0.000365 5e-05 0 0 0 0 0 0 0 0 0 0 0 0 
1 0.699295 0.36318 0.12468 0.02708 0.004115 0.000435 6.5e-05 5e-06 0 0 0 0 0 0 0 0 0 0 0 
1 0.70243 0.36648 0.125715 0.02709 0.004245 0.0004 1e-05 0 0 0 0 0 0 0 0 0 0 0 0 
1 0.69998 0.364485 0.12458 0.026775 0.00397 0.00059 5e-05 1e-05 0 0 0 0 0 0 0 0 0 0 0 
1 0.698985 0.36386 0.12344 0.02641 0.00386 0.00032 2.5e-05 5e-06 0 0 0 0 0 0 0 0 0 0 0 
1 0.69828 0.36261 0.123655 0.02683 0.00401 0.000405 3.5e-05 5e-06 0 0 0 0 0 0 0 0 0 0 0 
1 0.69773 0.36176 0.12309 0.026435 0.003945 0.00044 7e-05 2.5e-05 0 0 0 0 0 0 0 0 0 0 0 
1 0.70066 0.36499 0.124875 0.027515 0.004155 0.000545 7.5e-05 0 0 0 0 0 0 0 0 0 0 0 0 
1 0.70069 0.36425 0.1248 0.026535 0.00393 0.00039 5.5e-05 5e-06 0 0 0 0 0 0 0 0 0 0 0 
1 0.701405 0.365705 0.124545 0.02741 0.004175 0.000415 5e-05 0 0 0 0 0 0 0 0 0 0 0 0 
1 0.69852 0.362675 0.12333 0.025975 0.00386 0.00037 2.5e-05 0 0 0 0 0 0 0 0 0 0 0 0 
1 0.699705 0.36459 0.122545 0.02539 0.00371 0.00055 4.5e-05 5e-06 0 0 0 0 0 0 0 0 0 0 0 
1 0.700165 0.36496 0.124655 0.02696 0.004025 0.00039 4.5e-05 5e-06 0 0 0 0 0 0 0 0 0 0 0 
1 0.700655 0.365725 0.122755 0.02656 0.00366 0.000455 4.5e-05 0 0 0 0 0 0 0 0 0 0 0 0 
1 0.70015 0.363855 0.123555 0.02613 0.003695 0.000375 3e-05 0 0 0 0 0 0 0 0 0 0 0 0 
1 0.697825 0.362965 0.12263 0.02646 0.00401 0.000505 5e-05 5e-06 0 0 0 0 0 0 0 0 0 0 0 
1 0.70093 0.363855 0.124745 0.027525 0.00414 0.00045 5.5e-05 1e-05 5e-06 0 0 0 0 0 0 0 0 0 0 
1 0.70086 0.36546 0.124365 0.026955 0.00397 0.000445 3e-05 5e-06 0 0 0 0 0 0 0 0 0 0 0 
1 0.69774 0.361665 0.12303 0.026705 0.003955 0.000405 3e-05 0 0 0 0 0 0 0 0 0 0 0 0 
1 0.69973 0.362635 0.122895 0.025885 0.003675 0.000495 5e-05 1.5e-05 5e-06 5e-06 0 0 0 0 0 0 0 0 0 
1 0.698555 0.36034 0.122075 0.026225 0.00396 0.0004 4e-05 1e-05 0 0 0 0 0 0 0 0 0 0 0 
1 0.69888 0.36072 0.122545 0.026235 0.00386 0.00041 1.5e-05 0 0 0 0 0 0 0 0 0 0 0 0 
1 0.69876 0.3632 0.122795 0.026105 0.003535 0.000495 5e-05 5e-06 0 0 0 0 0 0 0 0 0 0 0 
1 0.699705 0.36308 0.12267 0.02587 0.00381 0.000425 3.5e-05 0 0 0 0 0 0 0 0 0 0 0 0 
1 0.700895 0.366675 0.12562 0.027385 0.00407 0.0004 2e-05 0 0 0 0 0 0 0 0 0 0 0 0 
1 0.701535 0.364215 0.123795 0.02644 0.003695 0.00036 4e-05 5e-06 0 0 0 0 0 0 0 0 0 0 0 
1 0.69772 0.36112 0.122865 0.025895 0.003615 0.00041 4.5e-05 0 0 0 0 0 0 0 0 0 0 0 0 
1 0.70108 0.36549 0.12537 0.027535 0.00407 0.000495 4.5e-05 5e-06 0 0 0 0 0 0 0 0 0 0 0 
1 0.699545 0.36297 0.12411 0.02672 0.003885 0.00034 2.5e-05 5e-06 0 0 0 0 0 0 0 0 0 0 0 
1 0.700705 0.363705 0.12441 0.02722 0.004315 0.00043 3e-05 5e-06 5e-06 0 0 0 0 0 0 0 0 0 0 
1 0.70014 0.363375 0.12243 0.026945 0.004185 0.000525 6e-05 5e-06 0 0 0 0 0 0 0 0 0 0 0 
1 0.700475 0.36244 0.121715 0.025395 0.003775 0.000345 2e-05 0 0 0 0 0 0 0 0 0 0 0 0 
1 0.70159 0.366665 0.126695 0.027535 0.00422 0.00048 5e-05 1.5e-05 0 0 0 0 0 0 0 0 0 0 0 
1 0.700705 0.36297 0.12194 0.02594 0.003785 0.00033 4e-05 5e-06 0 0 0 0 0 0 0 0 0 0 0 
1 0.700165 0.36259 0.12404 0.02712 0.003955 0.00039 3e-05 5e-06 0 0 0 0 0 0 0 0 0 0 0 
1 0.698415 0.36331 0.12387 0.026695 0.003955 0.000455 3.5e-05 0 0 0 0 0 0 0 0 0 0 0 0 
1 0.699175 0.3638 0.123205 0.02639 0.00378 0.00046 5e-05 5e-06 0 0 0 0 0 0 0 0 0 0 0 
1 0.699935 0.36443 0.12378 0.02599 0.003635 0.000435 3e-05 5e-06 0 0 0 0 0 0 0 0 0 0 0 
1 0.70061 0.365565 0.125775 0.026825 0.003895 0.000365 2e-05 0 0 0 0 0 0 0 0 0 0 0 0 
1 0.700885 0.365095 0.125405 0.027105 0.00371 0.0004 2.5e-05 0 0 0 0 0 0 0 0 0 0 0 0 
1 0.69923 0.363385 0.12354 0.02643 0.00376 0.000365 2e-05 0 0 0 0 0 0 0 0 0 0 0 0 
1 0.6996 0.36201 0.122805 0.026775 0.004135 0.0004 3e-05 5e-06 0 0 0 0 0 0 0 0 0 0 0 
1 0.70039 0.363155 0.123555 0.026665 0.003835 0.00042 4.5e-05 0 0 0 0 0 0 0 0 0 0 0 0 
1 0.70098 0.364545 0.12486 0.026955 0.004255 0.000555 4.5e-05 0 0 0 0 0 0 0 0 0 0 0 0 
1 0.699285 0.364775 0.125175 0.02748 0.003925 0.000365 3e-05 5e-06 0 0 0 0 0 0 0 0 0 0 0 
1 0.701345 0.36502 0.124685 0.0271 0.00408 0.000395 3e-05 0 0 0 0 0 0 0 0 0 0 0 0 
1 0.701075 0.36422 0.122845 0.025355 0.003525 0.00032 2.5e-05 0 0 0 0 0 0 0 0 0 0 0 0 
1 0.702305 0.368135 0.12657 0.027555 0.004345 0.00054 1.5e-05 0 0 0 0 0 0 0 0 0 0 0 0 
1 0.70023 0.362845 0.12399 0.026785 0.003985 0.000455 6e-05 5e-06 0 0 0 0 0 0 0 0 0 0 0 
1 0.70012 0.36203 0.122895 0.0259 0.003665 0.000395 3.5e-05 5e-06 0 0 0 0 0 0 0 0 0 0 0 
1 0.70205 0.36577 0.12586 0.028005 0.00442 0.0006 4.5e-05 0 0 0 0 0 0 0 0 0 0 0 0 
1 0.701085 0.36438 0.124145 0.02622 0.00397 0.000455 4e-05 5e-06 0 0 0 0 0 0 0 0 0 0 0 
1 0.698985 0.361175 0.120415 0.02529 0.003555 0.00026 2e-05 5e-06 5e-06 0 0 0 0 0 0 0 0 0 0 
1 0.700485 0.36399 0.12392 0.02715 0.00384 0.00038 4.5e-05 0 0 0 0 0 0 0 0 0 0 0 0 
1 0.697845 0.362355 0.122525 0.02756 0.00416 0.000475 3.5e-05 0 0 0 0 0 0 0 0 0 0 0 0 
1 0.701 0.36532 0.1254 0.02728 0.003965 0.00049 5.5e-05 5e-06 5e-06 0 0 0 0 0 0 0 0 0 0 
1 0.702215 0.365785 0.12491 0.027405 0.00401 0.00039 3e-05 0 0 0 0 0 0 0 0 0 0 0 0 
1 0.700975 0.36413 0.124315 0.02662 0.00378 0.000455 2e-05 0 0 0 0 0 0 0 0 0 0 0 0 
1 0.70213 0.36717 0.12511 0.02648 0.00408 0.00049 4.5e-05 5e-06 0 0 0 0 0 0 0 0 0 0 0 
1 0.700045 0.363005 0.12268 0.026335 0.00365 0.00032 4.5e-05 1e-05 0 0 0 0 0 0 0 0 0 0 0 
1 0.698975 0.365085 0.1247 0.02729 0.00406 0.000495 5.5e-05 5e-06 0 0 0 0 0 0 0 0 0 0 0 
1 0.7003 0.362985 0.12343 0.02626 0.00406 0.000415 3e-05 5e-06 0 0 0 0 0 0 0 0 0 0 0 
1 0.69901 0.36259 0.122205 0.025665 0.003695 0.000455 6.5e-05 0 0 0 0 0 0 0 0 0 0 0 0 
1 0.700485 0.364745 0.12338 0.026775 0.00409 0.000515 4.5e-05 0 0 0 0 0 0 0 0 0 0 0 0 
1 0.699095 0.361205 0.12201 0.026065 0.003705 0.000355 1.5e-05 5e-06 0 0 0 0 0 0 0 0 0 0 0 
1 0.70135 0.36456 0.126665 0.02791 0.004085 0.00051 6.5e-05 5e-06 0 0 0 0 0 0 0 0 0 0 0 
1 0.700615 0.36379 0.12278 0.026845 0.003835 0.00048 4.5e-05 5e-06 0 0 0 0 0 0 0 0 0 0 0 
1 0.700985 0.367455 0.12455 0.02716 0.00418 0.000465 4e-05 1e-05 0 0 0 0 0 0 0 0 0 0 0 
1 0.700265 0.363685 0.12274 0.02676 0.003835 0.00038 1.5e-05 0 0 0 0 0 0 0 0 0 0 0 0 
1 0.697215 0.36171 0.1209 0.02564 0.00359 0.000415 4e-05 0 0 0 0 0 0 0 0 0 0 0 0 
1 0.699375 0.363235 0.12402 0.02666 0.004015 0.00033 1e-05 0 0 0 0 0 0 0 0 0 0 0 0 
1 0.700505 0.363 0.12389 0.0266 0.0041 0.000545 7e-05 1e-05 0 0 0 0 0 0 0 0 0 0 0 
1 0.698085 0.361005 0.12274 0.0267 0.004175 0.000495 3.5e-05 5e-06 0 0 0 0 0 0 0 0 0 0 0 
1 0.701 0.36609 0.124775 0.02694 0.003975 0.000445 3e-05 5e-06 0 0 0 0 0 0 0 0 0 0 0 
1 0.700845 0.36542 0.125005 0.02746 0.00433 0.00053 6e-05 5e-06 0 0 0 0 0 0 0 0 0 0 0 
1 0.702095 0.36591 0.12567 0.027645 0.004345 0.000515 5.5e-05 5e-06 0 0 0 0 0 0 0 0 0 0 0 
1 0.702765 0.365665 0.124325 0.02648 0.00396 0.00035 2e-05 0 0 0 0 0 0 0 0 0 0 0 0 
1 0.70044 0.3646 0.12494 0.027035 0.00392 0.0004 3e-05 5e-06 5e-06 0 0 0 0 0 0 0 0 0 0 
1 0.69965 0.363135 0.123335 0.026225 0.00381 0.00042 2.5e-05 0 0 0 0 0 0 0 0 0 0 0 0 
1 0.70047 0.365565 0.125335 0.028045 0.00424 0.000445 2e-05 0 0 0 0 0 0 0 0 0 0 0 0 
1 0.70023 0.365405 0.1247 0.026255 0.00353 0.000365 3e-05 0 0 0 0 0 0 0 0 0 0 0 0 
1 0.699975 0.36328 0.122765 0.026225 0.00371 0.000365 1.5e-05 0 0 0 0 0 0 0 0 0 0 0 0 
1 0.70064 0.363675 0.12381 0.026525 0.003845 0.000405 2e-05 0 0 0 0 0 0 0 0 0 0 0 0 
1 0.69979 0.364865 0.125395 0.02772 0.004275 0.000565 4.5e-05 5e-06 0 0 0 0 0 0 0 0 0 0 0 
1 0.70003 0.36346 0.12397 0.026565 0.00376 0.000495 4.5e-05 5e-06 0 0 0 0 0 0 0 0 0 0 0 
1 0.70159 0.36436 0.123365 0.02659 0.004175 0.00057 7e-05 2e-05 5e-06 0 0 0 0 0 0 0 0 0 0 
1 0.699945 0.36406 0.12439 0.026855 0.00367 0.00036 2.5e-05 0 0 0 0 0 0 0 0 0 0 0 0 
1 0.6999 0.36301 0.12334 0.02668 0.00393 0.00048 2.5e-05 0 0 0 0 0 0 0 0 0 0 0 0 
1 0.701885 0.365555 0.12404 0.02644 0.00366 0.00038 5e-05 0 0 0 0 0 0 0 0 0 0 0 0 
1 0.701565 0.364365 0.124095 0.02706 0.004075 0.000405 3.5e-05 5e-06 0 0 0 0 0 0 0 0 0 0 0 
1 0.700505 0.364785 0.125405 0.02733 0.004145 0.00051 7e-05 0 0 0 0 0 0 0 0 0 0 0 0 
1 0.70021 0.362815 0.12263 0.026085 0.003615 0.00042 4.5e-05 5e-06 0 0 0 0 0 0 0 0 0 0 0 
1 0.699675 0.36426 0.12467 0.02667 0.004055 0.00046 2e-05 5e-06 0 0 0 0 0 0 0 0 0 0 0 
1 0.70131 0.36575 0.12527 0.027315 0.00405 0.000425 7e-05 0 0 0 0 0 0 0 0 0 0 0 0 
1 0.698135 0.361415 0.122485 0.0264 0.00365 0.00046 3e-05 0 0 0 0 0 0 0 0 0 0 0 0 
1 0.703285 0.367355 0.125945 0.027535 0.004145 0.000505 2e-05 5e-06 0 0 0 0 0 0 0 0 0 0 0 
1 0.70162 0.36707 0.125885 0.02751 0.00425 0.000565 6e-05 5e-06 5e-06 0 0 0 0 0 0 0 0 0 0 
1 0.7002 0.36452 0.124315 0.02697 0.003785 0.00043 4.5e-05 5e-06 0 0 0 0 0 0 0 0 0 0 0 
1 0.69943 0.364765 0.12576 0.026935 0.003755 0.000405 4.5e-05 5e-06 0 0 0 0 0 0 0 0 0 0 0 
1 0.698935 0.363305 0.12491 0.0268 0.003915 0.000375 2e-05 0 0 0 0 0 0 0 0 0 0 0 0 
1 0.70143 0.36507 0.122825 0.026815 0.003895 0.00041 2.5e-05 0 0 0 0 0 0 0 0 0 0 0 0 
1 0.701195 0.36276 0.12324 0.0262 0.004025 0.00049 4e-05 5e-06 0 0 0 0 0 0 0 0 0 0 0 
1 0.698325 0.36191 0.122365 0.02604 0.003815 0.00045 2.5e-05 0 0 0 0 0 0 0 0 0 0 0 0 
1 0.69728 0.36129 0.122825 0.026755 0.003905 0.000425 7e-05 5e-06 0 0 0 0 0 0 0 0 0 0 0 
1 0.702165 0.3676 0.124465 0.0271 0.00389 0.00044 5.5e-05 2e-05 5e-06 0 0 0 0 0 0 0 0 0 0 
1 0.70281 0.366735 0.126725 0.0272 0.00413 0.00042 3e-05 1.5e-05 0 0 0 0 0 0 0 0 0 0 0 
1 0.701135 0.36494 0.124655 0.02714 0.004125 0.000555 3e-05 0 0 0 0 0 0 0 0 0 0 0 0 
1 0.70059 0.36592 0.12467 0.026705 0.00399 0.00052 6e-05 5e-06 0 0 0 0 0 0 0 0 0 0 0 
1 0.702085 0.366465 0.12576 0.027465 0.004195 0.00052 3.5e-05 1e-05 0 0 0 0 0 0 0 0 0 0 0 
1 0.699765 0.363915 0.123675 0.027015 0.004045 0.00044 4.5e-05 5e-06 0 0 0 0 0 0 0 0 0 0 0 
1 0.70157 0.3667 0.12524 0.02686 0.00367 0.000375 1.5e-05 5e-06 0 0 0 0 0 0 0 0 0 0 0 
1 0.700435 0.364765 0.12436 0.027205 0.004135 0.000515 9e-05 5e-06 0 0 0 0 0 0 0 0 0 0 0 
1 0.702005 0.364635 0.1239 0.027075 0.003745 0.000455 5e-05 1e-05 0 0 0 0 0 0 0 0 0 0 0 
1 0.700515 0.365355 0.124635 0.026405 0.00359 0.000355 4e-05 0 0 0 0 0 0 0 0 0 0 0 0 
1 0.699465 0.364445 0.1247 0.026855 0.00381 0.000435 2.5e-05 0 0 0 0 0 0 0 0 0 0 0 0 
1 0.701295 0.363805 0.1233 0.02625 0.00391 0.00045 7.5e-05 1e-05 0 0 0 0 0 0 0 0 0 0 0 
1 0.701275 0.364925 0.12488 0.02644 0.00388 0.00052 3.5e-05 5e-06 0 0 0 0 0 0 0 0 0 0 0 
1 0.697125 0.35948 0.122945 0.02632 0.0038 0.00045 8e-05 5e-06 0 0 0 0 0 0 0 0 0 0 0 
1 0.703415 0.367805 0.126875 0.02797 0.004225 0.00059 7e-05 1e-05 0 0 0 0 0 0 0 0 0 0 0 
1 0.698785 0.362435 0.123035 0.02676 0.004095 0.000495 2e-05 5e-06 0 0 0 0 0 0 0 0 0 0 0 
1 0.702525 0.367865 0.1254 0.02754 0.00422 0.0005 8.5e-05 1e-05 0 0 0 0 0 0 0 0 0 0 0 
1 0.70044 0.364835 0.12416 0.026705 0.004045 0.00045 5e-05 5e-06 0 0 0 0 0 0 0 0 0 0 0 
1 0.700275 0.36379 0.12376 0.026385 0.003805 0.000425 3.5e-05 5e-06 0 0 0 0 0 0 0 0 0 0 0 
1 0.700825 0.36395 0.123035 0.026525 0.00395 0.00049 3e-05 5e-06 0 0 0 0 0 0 0 0 0 0 0 
1 0.70069 0.3662 0.126695 0.028015 0.004175 0.000495 6e-05 5e-06 0 0 0 0 0 0 0 0 0 0 0 
1 0.699225 0.363155 0.12435 0.02693 0.00403 0.000455 4e-05 0 0 0 0 0 0 0 0 0 0 0 0 
1 0.700045 0.361105 0.12272 0.025645 0.003645 0.000495 4e-05 0 0 0 0 0 0 0 0 0 0 0 0 
1 0.70159 0.365775 0.12481 0.027215 0.004035 0.000445 7.5e-05 0 0 0 0 0 0 0 0 0 0 0 0 
1 0.698045 0.361005 0.122305 0.02599 0.00387 0.00035 3.5e-05 0 0 0 0 0 0 0 0 0 0 0 0 
1 0.69809 0.36122 0.12068 0.0254 0.003675 0.000405 2e-05 0 0 0 0 0 0 0 0 0 0 0 0 
1 0.70357 0.3689 0.128375 0.027895 0.004005 0.000455 4e-05 0 0 0 0 0 0 0 0 0 0 0 0 
1 0.699245 0.362545 0.123045 0.026095 0.0037 0.000445 3.5e-05 5e-06 0 0 0 0 0 0 0 0 0 0 0 
1 0.700245 0.363895 0.123185 0.02713 0.00441 0.000505 3e-05 5e-06 0 0 0 0 0 0 0 0 0 0 0 
1 0.70067 0.365465 0.125845 0.026945 0.00401 0.00045 2.5e-05 0 0 0 0 0 0 0 0 0 0 0 0 
1 0.698435 0.36427 0.124745 0.02698 0.003635 0.000365 4.5e-05 0 0 0 0 0 0 0 0 0 0 0 0 
1 0.70138 0.365465 0.12521 0.026415 0.003595 0.000405 3.5e-05 5e-06 0 0 0 0 0 0 0 0 0 0 0 
1 0.699795 0.36483 0.123875 0.025825 0.00368 0.000465 3.5e-05 0 0 0 0 0 0 0 0 0 0 0 0 
1 0.702095 0.366665 0.1257 0.02733 0.00391 0.00037 2.5e-05 0 0 0 0 0 0 0 0 0 0 0 0 
1 0.699965 0.364225 0.12505 0.026915 0.004235 0.00053 5.5e-05 5e-06 0 0 0 0 0 0 0 0 0 0 0 
1 0.700605 0.366585 0.126645 0.028045 0.00419 0.00053 8e-05 0 0 0 0 0 0 0 0 0 0 0 0 
1 0.70066 0.364385 0.123125 0.026945 0.00454 0.000615 6.5e-05 5e-06 0 0 0 0 0 0 0 0 0 0 0 
1 0.69998 0.36348 0.123335 0.027365 0.004305 0.000445 6e-05 5e-06 0 0 0 0 0 0 0 0 0 0 0 
1 0.70073 0.366285 0.124755 0.026475 0.003845 0.000375 3.5e-05 0 0 0 0 0 0 0 0 0 0 0 0 
1 0.702795 0.367515 0.126075 0.027235 0.003865 0.00042 1.5e-05 5e-06 0 0 0 0 0 0 0 0 0 0 0 
1 0.702095 0.36809 0.127125 0.02814 0.00423 0.00046 5.5e-05 0 0 0 0 0 0 0 0 0 0 0 0 
1 0.69965 0.36266 0.123695 0.026755 0.00388 0.00041 4e-05 0 0 0 0 0 0 0 0 0 0 0 0 
1 0.699445 0.3653 0.12524 0.02697 0.00406 0.000435 5.5e-05 1e-05 0 0 0 0 0 0 0 0 0 0 0 
1 0.69805 0.36066 0.12188 0.02589 0.00355 0.00037 2e-05 0 0 0 0 0 0 0 0 0 0 0 0 
1 0.698125 0.361535 0.122325 0.025655 0.003785 0.00039 1.5e-05 0 0 0 0 0 0 0 0 0 0 0 0 
1 0.700365 0.364145 0.12372 0.02643 0.00369 0.000395 2.5e-05 0 0 0 0 0 0 0 0 0 0 0 0 
1 0.701165 0.366 0.12337 0.02652 0.003785 0.000385 3e-05 0 0 0 0 0 0 0 0 0 0 0 0 
1 0.701155 0.36706 0.124175 0.02658 0.00381 0.000395 2.5e-05 5e-06 0 0 0 0 0 0 0 0 0 0 0 
1 0.698975 0.362885 0.12383 0.02674 0.00386 0.00048 4.5e-05 0 0 0 0 0 0 0 0 0 0 0 0 
1 0.700105 0.36438 0.124595 0.026895 0.00389 0.00043 4e-05 0 0 0 0 0 0 0 0 0 0 0 0 
1 0.701625 0.367125 0.12746 0.027715 0.00428 0.000475 5.5e-05 0 0 0 0 0 0 0 0 0 0 0 0 
1 0.69832 0.36071 0.12386 0.026235 0.003785 0.000475 5.5e-05 1e-05 5e-06 0 0 0 0 0 0 0 0 0 0 
1 0.69859 0.361095 0.122035 0.02633 0.003725 0.00038 5.5e-05 5e-06 0 0 0 0 0 0 0 0 0 0 0 
1 0.702685 0.367285 0.12653 0.028135 0.00421 0.00044 4e-05 5e-06 0 0 0 0 0 0 0 0 0 0 0 
1 0.699865 0.36603 0.124295 0.026305 0.003865 0.00039 5.5e-05 0 0 0 0 0 0 0 0 0 0 0 0 
1 0.69684 0.3591 0.121345 0.0259 0.00344 0.000395 2.5e-05 5e-06 0 0 0 0 0 0 0 0 0 0 0 
1 0.6999 0.36553 0.125185 0.02748 0.00422 0.00041 3e-05 5e-06 0 0 0 0 0 0 0 0 0 0 0 
1 0.699475 0.361875 0.12213 0.02563 0.0038 0.000415 5e-05 5e-06 0 0 0 0 0 0 0 0 0 0 0 
1 0.69936 0.362765 0.122025 0.025495 0.00372 0.00037 2.5e-05 0 0 0 0 0 0 0 0 0 0 0 0 
1 0.700495 0.363185 0.12227 0.02619 0.003705 0.000455 5.5e-05 0 0 0 0 0 0 0 0 0 0 0 0 
1 0.6997 0.364415 0.124165 0.02642 0.00407 0.000445 3e-05 5e-06 0 0 0 0 0 0 0 0 0 0 0 
1 0.700215 0.364175 0.12256 0.026065 0.0037 0.000315 1.5e-05 0 0 0 0 0 0 0 0 0 0 0 0 
1 0.70046 0.3639 0.1244 0.02673 0.00373 0.00043 4e-05 0 0 0 0 0 0 0 0 0 0 0 0 
1 0.69935 0.364485 0.1246 0.02709 0.00412 0.000445 4e-05 0 0 0 0 0 0 0 0 0 0 0 0 
1 0.699455 0.364805 0.125185 0.02776 0.00453 0.000545 1.5e-05 0 0 0 0 0 0 0 0 0 0 0 0 
1 0.70095 0.365705 0.12462 0.026695 0.00386 0.000425 3.5e-05 0 0 0 0 0 0 0 0 0 0 0 0 
1 0.70075 0.36441 0.125355 0.027765 0.00408 0.000525 4e-05 5e-06 0 0 0 0 0 0 0 0 0 0 0 
1 0.7005 0.3625 0.12352 0.02654 0.00372 0.000395 3e-05 5e-06 0 0 0 0 0 0 0 0 0 0 0 
1 0.698685 0.364955 0.126835 0.02748 0.00382 0.0004 4.5e-05 1e-05 0 0 0 0 0 0 0 0 0 0 0 
1 0.69657 0.36061 0.122215 0.02565 0.00366 0.00038 3e-05 0 0 0 0 0 0 0 0 0 0 0 0 
1 0.698895 0.364305 0.124565 0.027395 0.004065 0.000495 3.5e-05 5e-06 0 0 0 0 0 0 0 0 0 0 0 
1 0.6992 0.36454 0.123265 0.025735 0.00384 0.000375 4e-05 5e-06 0 0 0 0 0 0 0 0 0 0 0 
1 0.701825 0.3662 0.124975 0.026865 0.0041 0.00043 3.5e-05 5e-06 0 0 0 0 0 0 0 0 0 0 0 
1 0.700235 0.365295 0.124575 0.0264 0.003815 0.00047 3.5e-05 0 0 0 0 0 0 0 0 0 0 0 0 
1 0.70047 0.36236 0.12297 0.026255 0.003935 0.000445 4.5e-05 0 0 0 0 0 0 0 0 0 0 0 0 
1 0.699525 0.365365 0.124475 0.02698 0.004115 0.00045 4e-05 1e-05 0 0 0 0 0 0 0 0 0 0 0 
1 0.699435 0.36547 0.12544 0.02791 0.004065 0.000465 6.5e-05 1e-05 0 0 0 0 0 0 0 0 0 0 0 
1 0.699395 0.36181 0.122795 0.026205 0.00367 0.00045 6.5e-05 5e-06 0 0 0 0 0 0 0 0 0 0 0 
1 0.699185 0.36549 0.125055 0.02657 0.00377 0.0004 5.5e-05 5e-06 0 0 0 0 0 0 0 0 0 0 0 
1 0.69976 0.36459 0.1249 0.02735 0.00403 0.000465 3.5e-05 0 0 0 0 0 0 0 0 0 0 0 0 
1 0.700925 0.365975 0.12667 0.027445 0.003835 0.000375 4e-05 0 0 0 0 0 0 0 0 0 0 0 0 
1 0.70141 0.36609 0.12518 0.02755 0.004115 0.00042 3e-05 0 0 0 0 0 0 0 0 0 0 0 0 
1 0.69849 0.36232 0.123535 0.02645 0.003915 0.0004 4e-05 5e-06 0 0 0 0 0 0 0 0 0 0 0 
1 0.70116 0.36557 0.125495 0.02693 0.003975 0.000415 2.5e-05 0 0 0 0 0 0 0 0 0 0 0 0 
1 0.69943 0.36182 0.122485 0.025625 0.003795 0.00043 4.5e-05 5e-06 0 0 0 0 0 0 0 0 0 0 0 
1 0.700435 0.36554 0.124255 0.02619 0.003925 0.000455 2.5e-05 0 0 0 0 0 0 0 0 0 0 0 0 
1 0.701055 0.365515 0.12446 0.02734 0.0041 0.000535 3.5e-05 5e-06 0 0 0 0 0 0 0 0 0 0 0 
1 0.700775 0.36367 0.12365 0.02692 0.00428 0.000625 5e-05 5e-06 0 0 0 0 0 0 0 0 0 0 0 
1 0.70051 0.367975 0.12457 0.02682 0.00395 0.000435 3e-05 5e-06 0 0 0 0 0 0 0 0 0 0 0 
1 0.702055 0.365095 0.12338 0.026255 0.00398 0.00033 3.5e-05 5e-06 0 0 0 0 0 0 0 0 0 0 0 
1 0.69948 0.36362 0.12477 0.026875 0.004225 0.0004 4e-05 1e-05 0 0 0 0 0 0 0 0 0 0 0 
1 0.700935 0.362665 0.12338 0.027105 0.003855 0.000375 3.5e-05 0 0 0 0 0 0 0 0 0 0 0 0 
1 0.69937 0.365385 0.12367 0.027315 0.00391 0.000455 4e-05 5e-06 0 0 0 0 0 0 0 0 0 0 0 
1 0.70219 0.36532 0.124065 0.02734 0.004065 0.000465 6.5e-05 0 0 0 0 0 0 0 0 0 0 0 0 
1 0.697325 0.362875 0.123795 0.02714 0.00392 0.000435 5e-05 0 0 0 0 0 0 0 0 0 0 0 0 
1 0.697155 0.360515 0.12182 0.026065 0.00385 0.000335 3e-05 1e-05 0 0 0 0 0 0 0 0 0 0 0 
1 0.699965 0.365575 0.12509 0.02714 0.004065 0.000365 3.5e-05 0 0 0 0 0 0 0 0 0 0 0 0 
1 0.700715 0.36486 0.125145 0.027365 0.004105 0.00046 4.5e-05 5e-06 0 0 0 0 0 0 0 0 0 0 0 
1 0.69993 0.36111 0.12175 0.026325 0.0037 0.000415 3e-05 0 0 0 0 0 0 0 0 0 0 0 0 
1 0.700815 0.36463 0.123795 0.026995 0.003875 0.000415 4.5e-05 1e-05 0 0 0 0 0 0 0 0 0 0 0 
1 0.699785 0.36482 0.124485 0.026405 0.00352 0.00035 3e-05 5e-06 0 0 0 0 0 0 0 0 0 0 0 
1 0.69875 0.36314 0.123515 0.026605 0.003675 0.00044 5.5e-05 0 0 0 0 0 0 0 0 0 0 0 0 
1 0.698375 0.36308 0.12317 0.025825 0.00363 0.000365 3e-05 0 0 0 0 0 0 0 0 0 0 0 0 
1 0.70097 0.364655 0.122735 0.027125 0.004135 0.000535 7.5e-05 1e-05 0 0 0 0 0 0 0 0 0 0 0 
1 0.698065 0.36119 0.12147 0.02609 0.0037 0.000455 4e-05 1e-05 0 0 0 0 0 0 0 0 0 0 0 
1 0.69778 0.36064 0.12287 0.02544 0.00351 0.0004 4e-05 0 0 0 0 0 0 0 0 0 0 0 0 
1 0.699995 0.36423 0.124305 0.026975 0.00417 0.00045 5e-06 5e-06 0 0 0 0 0 0 0 0 0 0 0 
1 0.699045 0.362415 0.123725 0.026605 0.003895 0.00049 7e-05 0 0 0 0 0 0 0 0 0 0 0 0 
1 0.69899 0.36442 0.122875 0.026265 0.003935 0.000485 6e-05 1.5e-05 0 0 0 0 0 0 0 0 0 0 0 
1 0.699835 0.364205 0.12355 0.026565 0.003755 0.00035 3e-05 0 0 0 0 0 0 0 0 0 0 0 0 
1 0.69876 0.360695 0.12007 0.02481 0.003415 0.00038 2.5e-05 5e-06 0 0 0 0 0 0 0 0 0 0 0 
1 0.70072 0.36475 0.125345 0.027385 0.003865 0.000415 2e-05 5e-06 0 0 0 0 0 0 0 0 0 0 0 
1 0.698305 0.364455 0.12355 0.026775 0.004125 0.00054 5.5e-05 5e-06 0 0 0 0 0 0 0 0 0 0 0 
1 0.69829 0.36007 0.120235 0.025445 0.003595 0.00038 4e-05 0 0 0 0 0 0 0 0 0 0 0 0 
1 0.699105 0.361955 0.12243 0.026335 0.003775 0.000365 2.5e-05 0 0 0 0 0 0 0 0 0 0 0 0 
1 0.70172 0.364815 0.1231 0.02662 0.00391 0.000445 3.5e-05 1e-05 0 0 0 0 0 0 0 0 0 0 0 
1 0.702895 0.366465 0.124335 0.027235 0.003845 0.000385 1.5e-05 0 0 0 0 0 0 0 0 0 0 0 0 
1 0.699635 0.36558 0.1246 0.026705 0.003965 0.00044 6e-05 5e-06 0 0 0 0 0 0 0 0 0 0 0 
1 0.699715 0.36355 0.123975 0.026885 0.00364 0.000375 3e-05 0 0 0 0 0 0 0 0 0 0 0 0 
1 0.699215 0.363385 0.12418 0.026395 0.003815 0.00047 6.5e-05 0 0 0 0 0 0 0 0 0 0 0 0 
1 0.70011 0.364405 0.124355 0.027055 0.0042 0.00047 7e-05 5e-06 0 0 0 0 0 0 0 0 0 0 0 
1 0.698565 0.362135 0.122605 0.0262 0.004005 0.00035 4e-05 0 0 0 0 0 0 0 0 0 0 0 0 
1 0.70245 0.366165 0.12547 0.028055 0.004235 0.00047 2e-05 0 0 0 0 0 0 0 0 0 0 0 0 
1 0.70101 0.364625 0.124445 0.02703 0.004165 0.000495 6e-05 0 0 0 0 0 0 0 0 0 0 0 0 
1 0.69787 0.360975 0.12129 0.026095 0.00377 0.00035 1e-05 0 0 0 0 0 0 0 0 0 0 0 0 
1 0.70175 0.365085 0.12401 0.026685 0.004055 0.00047 9.5e-05 1.5e-05 5e-06 0 0 0 0 0 0 0 0 0 0 
1 0.699925 0.36397 0.123965 0.02628 0.003825 0.000365 1e-05 0 0 0 0 0 0 0 0 0 0 0 0 
1 0.70139 0.366445 0.12511 0.02732 0.00396 0.000475 4.5e-05 1e-05 0 0 0 0 0 0 0 0 0 0 0 
1 0.70271 0.3669 0.12674 0.028435 0.00416 0.000485 3e-05 0 0 0 0 0 0 0 0 0 0 0 0 
1 0.699025 0.362885 0.12319 0.026315 0.00371 0.00038 3.5e-05 0 0 0 0 0 0 0 0 0 0 0 0 
1 0.7007 0.362805 0.12357 0.02655 0.00372 0.00039 3.5e-05 0 0 0 0 0 0 0 0 0 0 0 0 
1 0.698165 0.363195 0.123455 0.027235 0.004085 0.0005 4.5e-05 0 0 0 0 0 0 0 0 0 0 0 0 
1 0.69986 0.3637 0.12391 0.02699 0.00402 0.000585 7e-05 0 0 0 0 0 0 0 0 0 0 0 0 
1 0.697405 0.359795 0.121285 0.0256 0.003555 0.00035 1e-05 0 0 0 0 0 0 0 0 0 0 0 0 
1 0.704245 0.366215 0.124465 0.02684 0.004 0.000525 6.5e-05 1.5e-05 0 0 0 0 0 0 0 0 0 0 0 
1 0.700635 0.365625 0.12566 0.027685 0.004205 0.00057 5e-05 0 0 0 0 0 0 0 0 0 0 0 0 
1 0.697485 0.36201 0.121405 0.02619 0.003835 0.000475 4e-05 1e-05 0 0 0 0 0 0 0 0 0 0 0 
1 0.698355 0.36203 0.12293 0.026475 0.00384 0.00041 3.5e-05 1.5e-05 0 0 0 0 0 0 0 0 0 0 0 
1 0.69866 0.36412 0.123475 0.02618 0.003735 0.000425 3e-05 1e-05 5e-06 0 0 0 0 0 0 0 0 0 0 
1 0.698465 0.361305 0.12231 0.025505 0.003525 0.00033 4e-05 1e-05 1e-05 0 0 0 0 0 0 0 0 0 0 
1 0.699215 0.36172 0.12207 0.02632 0.003855 0.00043 3.5e-05 0 0 0 0 0 0 0 0 0 0 0 0 
1 0.6993 0.36418 0.126175 0.02767 0.00429 0.00046 3.5e-05 0 0 0 0 0 0 0 0 0 0 0 0 
1 0.69912 0.361825 0.12318 0.02708 0.00409 0.00041 2.5e-05 0 0 0 0 0 0 0 0 0 0 0 0 
1 0.703265 0.36642 0.125165 0.02699 0.00376 0.00047 5.5e-05 5e-06 0 0 0 0 0 0 0 0 0 0 0 
1 0.699585 0.36221 0.12394 0.02668 0.003735 0.00036 2.5e-05 0 0 0 0 0 0 0 0 0 0 0 0 
1 0.699885 0.361535 0.12332 0.026365 0.003845 0.00047 6e-05 0 0 0 0 0 0 0 0 0 0 0 0 
1 0.70392 0.367245 0.12626 0.02737 0.0039 0.000445 5.5e-05 9.75053e-18 0 0 0 0 0 0 0 0 0 0 0 
1 0.699785 0.365375 0.123725 0.0277 0.00434 0.000535 7e-05 1e-05 0 0 0 0 0 0 0 0 0 0 0 
1 0.697265 0.360875 0.12281 0.02689 0.003885 0.00036 2e-05 0 0 0 0 0 0 0 0 0 0 0 0 
1 0.70063 0.36398 0.124025 0.026995 0.003875 0.000345 2.5e-05 5e-06 5e-06 0 0 0 0 0 0 0 0 0 0 
1 0.69982 0.36519 0.12456 0.02693 0.00418 0.000475 2e-05 0 0 0 0 0 0 0 0 0 0 0 0 
1 0.700695 0.36492 0.124445 0.02668 0.00388 0.000405 4.5e-05 5e-06 0 0 0 0 0 0 0 0 0 0 0 
1 0.70072 0.36559 0.12479 0.027495 0.003955 0.00038 4.5e-05 1e-05 0 0 0 0 0 0 0 0 0 0 0 
1 0.699205 0.36439 0.12373 0.02688 0.004005 0.00048 3e-05 5e-06 0 0 0 0 0 0 0 0 0 0 0 
1 0.699925 0.365655 0.123915 0.0264 0.003955 0.000465 2e-05 0 0 0 0 0 0 0 0 0 0 0 0 
1 0.6979 0.361895 0.12441 0.026695 0.00373 0.00037 2.5e-05 1e-05 0 0 0 0 0 0 0 0 0 0 0 
1 0.70203 0.36728 0.12604 0.02766 0.004375 0.000515 5.5e-05 0 0 0 0 0 0 0 0 0 0 0 0 
1 0.700205 0.3653 0.12497 0.02741 0.003895 0.00043 2.5e-05 0 0 0 0 0 0 0 0 0 0 0 0 
1 0.698495 0.36162 0.122655 0.02647 0.003745 0.00038 1e-05 0 0 0 0 0 0 0 0 0 0 0 0 
1 0.698625 0.364555 0.12335 0.026345 0.00371 0.000395 2.5e-05 0 0 0 0 0 0 0 0 0 0 0 0 
1 0.700505 0.36397 0.1225 0.02638 0.00403 0.000465 4.5e-05 5e-06 0 0 0 0 0 0 0 0 0 0 0 
1 0.699875 0.362945 0.12425 0.027405 0.00406 0.000465 5e-05 0 0 0 0 0 0 0 0 0 0 0 0 
1 0.700295 0.364545 0.12456 0.02689 0.003945 0.000425 5.5e-05 0 0 0 0 0 0 0 0 0 0 0 0 
1 0.699465 0.364605 0.123965 0.0265 0.003755 0.000355 2e-05 0 0 0 0 0 0 0 0 0 0 0 0 
1 0.700445 0.363885 0.12316 0.02604 0.00387 0.000465 3e-05 0 0 0 0 0 0 0 0 0 0 0 0 
1 0.70028 0.3644 0.12316 0.02688 0.003965 0.000505 5.5e-05 2e-05 0 0 0 0 0 0 0 0 0 0 0 
1 0.699555 0.362965 0.12188 0.02663 0.003755 0.000445 2e-05 0 0 0 0 0 0 0 0 0 0 0 0 
1 0.69933 0.363255 0.12363 0.027205 0.00399 0.00044 3.5e-05 0 0 0 0 0 0 0 0 0 0 0 0 
1 0.700575 0.365795 0.124695 0.027105 0.003685 0.000355 2e-05 0 0 0 0 0 0 0 0 0 0 0 0 
1 0.70072 0.36451 0.125645 0.02691 0.00389 0.000485 4.5e-05 0 0 0 0 0 0 0 0 0 0 0 0 
1 0.699045 0.363215 0.12232 0.026045 0.00369 0.000355 3e-05 0 0 0 0 0 0 0 0 0 0 0 0 
1 0.69973 0.365495 0.124245 0.026695 0.00416 0.00044 5.5e-05 0 0 0 0 0 0 0 0 0 0 0 0 
1 0.698165 0.362525 0.121285 0.02511 0.00337 0.00038 4e-05 0 0 0 0 0 0 0 0 0 0 0 0 
1 0.69752 0.36307 0.12348 0.026515 0.003995 0.000495 3.5e-05 5e-06 0 0 0 0 0 0 0 0 0 0 0 
1 0.697985 0.36312 0.123365 0.026055 0.003915 0.000425 3e-05 5e-06 0 0 0 0 0 0 0 0 0 0 0 
1 0.697505 0.362535 0.124045 0.02702 0.003805 0.000395 5e-05 1e-05 0 0 0 0 0 0 0 0 0 0 0 
1 0.698685 0.364825 0.12199 0.025525 0.003875 0.000455 3e-05 1e-05 0 0 0 0 0 0 0 0 0 0 0 
1 0.69768 0.36237 0.124175 0.02734 0.004115 0.00043 2e-05 0 0 0 0 0 0 0 0 0 0 0 0 
1 0.70091 0.36497 0.127055 0.02803 0.003975 0.000485 4e-05 5e-06 0 0 0 0 0 0 0 0 0 0 0 
1 0.69876 0.362575 0.124185 0.025755 0.003845 0.000445 3e-05 5e-06 0 0 0 0 0 0 0 0 0 0 0 
1 0.698555 0.36375 0.124135 0.026825 0.004 0.000455 7.5e-05 1e-05 0 0 0 0 0 0 0 0 0 0 0 
1 0.697345 0.362445 0.1231 0.025975 0.00368 0.000365 3e-05 0 0 0 0 0 0 0 0 0 0 0 0 
1 0.70052 0.365365 0.12494 0.02701 0.003935 0.00041 5e-05 5e-06 0 0 0 0 0 0 0 0 0 0 0 
1 0.698105 0.36343 0.125655 0.027 0.00405 0.000455 2.5e-05 0 0 0 0 0 0 0 0 0 0 0 0 
1 0.698245 0.36517 0.123975 0.02666 0.00379 0.000385 4.5e-05 0 0 0 0 0 0 0 0 0 0 0 0 
1 0.69691 0.360315 0.121975 0.02527 0.003525 0.000445 5.5e-05 0 0 0 0 0 0 0 0 0 0 0 0 
1 0.69634 0.361205 0.122155 0.026185 0.003975 0.00039 5.5e-05 0 0 0 0 0 0 0 0 0 0 0 0 
1 0.7005 0.363505 0.12517 0.027635 0.004025 0.00043 4.5e-05 0 0 0 0 0 0 0 0 0 0 0 0 
1 0.69823 0.36234 0.122425 0.02653 0.003865 0.00042 5e-05 0 0 0 0 0 0 0 0 0 0 0 0 
1 0.697275 0.36081 0.122055 0.025955 0.003545 0.00033 3e-05 0 0 0 0 0 0 0 0 0 0 0 0 
1 0.6983 0.36295 0.124195 0.02671 0.00404 0.000385 2e-05 1e-05 0 0 0 0 0 0 0 0 0 0 0 
1 0.69873 0.363215 0.124315 0.02714 0.004085 0.000595 6e-05 0 0 0 0 0 0 0 0 0 0 0 0 
1 0.69779 0.361115 0.12136 0.025395 0.00377 0.000375 5.5e-05 0 0 0 0 0 0 0 0 0 0 0 0 
1 0.698805 0.362615 0.122685 0.026325 0.00388 0.0004 2.5e-05 0 0 0 0 0 0 0 0 0 0 0 0 
1 0.700115 0.363315 0.12336 0.027095 0.00409 0.000505 8.5e-05 5e-06 0 0 0 0 0 0 0 0 0 0 0 
1 0.70029 0.36458 0.124145 0.02663 0.003795 0.00046 5.5e-05 1.5e-05 0 0 0 0 0 0 0 0 0 0 0 
