1 0.69856 0.3834 0.15986 0.05339 0.01453 0.0034 0.00093 9e-05 2e-05 1e-05 0 0 0 0 0 0 0 0 0 
1 0.69882 0.38451 0.16072 0.05285 0.01453 0.00341 0.00071 0.00017 3e-05 0 0 0 0 0 0 0 0 0 0 
1 0.69895 0.38472 0.16073 0.05373 0.01648 0.00439 0.00114 0.00036 0.00013 5e-05 2e-05 0 0 0 0 0 0 0 0 
1 0.70102 0.38242 0.16118 0.05243 0.0143 0.00328 0.00081 0.0002 1e-05 0 0 0 0 0 0 0 0 0 0 
1 0.69789 0.37787 0.15812 0.05128 0.01491 0.00359 0.00078 0.00015 5e-05 1e-05 0 0 0 0 0 0 0 0 0 
1 0.70145 0.38597 0.15985 0.05326 0.01495 0.00364 0.00089 0.00018 6e-05 4e-05 1e-05 0 0 0 0 0 0 0 0 
1 0.70087 0.38462 0.16191 0.05268 0.01422 0.00351 0.00088 0.00018 4e-05 1e-05 0 0 0 0 0 0 0 0 0 
1 0.70157 0.38862 0.165 0.05578 0.01545 0.00382 0.00088 0.00018 2e-05 1e-05 0 0 0 0 0 0 0 0 0 
1 0.70409 0.38762 0.16142 0.05422 0.01507 0.00393 0.00094 0.00018 3e-05 1e-05 0 0 0 0 0 0 0 0 0 
1 0.69805 0.38044 0.1606 0.05233 0.01436 0.00361 0.00081 0.00017 4e-05 0 0 0 0 0 0 0 0 0 0 
1 0.69933 0.3827 0.15749 0.05186 0.01411 0.00362 0.00081 0.00014 2e-05 0 0 0 0 0 0 0 0 0 0 
1 0.70085 0.37958 0.157 0.05161 0.01442 0.00326 0.0007 0.00019 5e-05 1e-05 0 0 0 0 0 0 0 0 0 
1 0.70084 0.38522 0.16239 0.05526 0.01558 0.0038 0.00088 0.00014 3e-05 0 0 0 0 0 0 0 0 0 0 
1 0.69976 0.38433 0.16167 0.05317 0.01537 0.00385 0.00086 0.00023 6e-05 3e-05 1e-05 0 0 0 0 0 0 0 0 
1 0.69852 0.38211 0.16061 0.05405 0.01483 0.00398 0.0008 0.00015 4e-05 0 0 0 0 0 0 0 0 0 0 
1 0.69884 0.38198 0.15995 0.05259 0.01475 0.00361 0.00093 0.00012 4e-05 2e-05 0 0 0 0 0 0 0 0 0 
1 0.7007 0.38181 0.16014 0.05268 0.01507 0.00395 0.00087 0.00013 2e-05 0 0 0 0 0 0 0 0 0 0 
1 0.69744 0.37989 0.1571 0.05121 0.01445 0.00376 0.00095 0.00032 6e-05 4.04593e-17 0 0 0 0 0 0 0 0 0 
1 0.69894 0.38503 0.16231 0.05385 0.01469 0.00398 0.00075 0.00016 3e-05 0 0 0 0 0 0 0 0 0 0 
1 0.70034 0.38369 0.15837 0.0531 0.01453 0.00375 0.0009 0.0002 5e-05 3e-05 0 0 0 0 0 0 0 0 0 
1 0.70284 0.384 0.16121 0.05317 0.01499 0.00398 0.00124 0.00043 9e-05 3e-05 1e-05 0 0 0 0 0 0 0 0 
1 0.69816 0.38178 0.16004 0.05206 0.0144 0.00382 0.00121 0.00043 0.00013 7e-05 4e-05 1e-05 0 0 0 0 0 0 0 
1 0.7007 0.38421 0.16249 0.05374 0.01524 0.00347 0.00088 0.00015 2e-05 0 0 0 0 0 0 0 0 0 0 
1 0.69877 0.37908 0.15917 0.053 0.01495 0.00352 0.00099 0.00013 2e-05 0 0 0 0 0 0 0 0 0 0 
1 0.69813 0.3807 0.15847 0.05413 0.0156 0.0038 0.00092 0.00019 6e-05 4e-05 1e-05 0 0 0 0 0 0 0 0 
1 0.69784 0.38129 0.158 0.05279 0.01399 0.00316 0.00078 0.00013 2e-05 0 0 0 0 0 0 0 0 0 0 
1 0.69816 0.38367 0.159 0.05311 0.01463 0.00339 0.00083 0.00024 6e-05 2e-05 0 0 0 0 0 0 0 0 0 
1 0.70183 0.38535 0.15996 0.05181 0.01417 0.00342 0.00073 0.00016 3e-05 2e-05 1e-05 0 0 0 0 0 0 0 0 
1 0.69842 0.38198 0.15869 0.0522 0.01398 0.00319 0.00067 0.0001 1e-05 0 0 0 0 0 0 0 0 0 0 
1 0.70404 0.38892 0.16246 0.0538 0.01534 0.00367 0.00085 0.00015 4e-05 0 0 0 0 0 0 0 0 0 0 
1 0.70049 0.38342 0.15919 0.05249 0.01412 0.00345 0.00077 0.00023 4e-05 1e-05 0 0 0 0 0 0 0 0 0 
1 0.69598 0.37819 0.15616 0.05103 0.01394 0.00323 0.00066 8e-05 2e-05 1e-05 0 0 0 0 0 0 0 0 0 
1 0.69793 0.37915 0.15794 0.05229 0.01458 0.00373 0.00087 0.00019 1e-05 1e-05 0 0 0 0 0 0 0 0 0 
1 0.70035 0.3817 0.16015 0.05284 0.01477 0.00374 0.00084 0.00015 5e-05 1e-05 0 0 0 0 0 0 0 0 0 
1 0.70047 0.38197 0.15968 0.05233 0.01468 0.00356 0.00085 0.00014 3e-05 1e-05 1e-05 0 0 0 0 0 0 0 0 
1 0.70242 0.38555 0.1628 0.05469 0.01621 0.00413 0.00111 0.00023 4e-05 0 0 0 0 0 0 0 0 0 0 
1 0.6992 0.38132 0.15951 0.05326 0.01449 0.0037 0.00084 0.00011 3e-05 0 0 0 0 0 0 0 0 0 0 
1 0.7 0.38426 0.16123 0.05363 0.01485 0.00396 0.00092 0.00022 4e-05 1e-05 0 0 0 0 0 0 0 0 0 
1 0.70241 0.38511 0.15997 0.05309 0.01515 0.00382 0.00079 0.00021 8e-05 0 0 0 0 0 0 0 0 0 0 
1 0.69783 0.38178 0.16023 0.05348 0.01523 0.0039 0.00087 0.00021 6e-05 1e-05 0 0 0 0 0 0 0 0 0 
1 0.69934 0.38233 0.15979 0.05276 0.01537 0.00345 0.00082 0.00014 5e-05 0 0 0 0 0 0 0 0 0 0 
1 0.70037 0.38497 0.1614 0.05415 0.01505 0.0036 0.00083 0.00015 3e-05 0 0 0 0 0 0 0 0 0 0 
1 0.70052 0.38561 0.16212 0.05435 0.01567 0.00424 0.00106 0.00019 4e-05 3e-05 1e-05 0 0 0 0 0 0 0 0 
1 0.69858 0.38046 0.1594 0.05267 0.01359 0.00353 0.00078 0.0002 6e-05 0 0 0 0 0 0 0 0 0 0 
1 0.6995 0.38593 0.16319 0.05527 0.01592 0.00405 0.00092 0.00019 6e-05 2e-05 0 0 0 0 0 0 0 0 0 
1 0.70101 0.38529 0.15979 0.05288 0.01505 0.00368 0.00085 0.0002 2e-05 0 0 0 0 0 0 0 0 0 0 
1 0.70061 0.38516 0.16118 0.05385 0.0146 0.00368 0.00077 0.00019 2e-05 1e-05 0 0 0 0 0 0 0 0 0 
1 0.70196 0.38307 0.15989 0.05365 0.01472 0.0035 0.00073 0.00013 2e-05 0 0 0 0 0 0 0 0 0 0 
1 0.69959 0.38077 0.15783 0.05303 0.01458 0.00341 0.00081 0.00018 1e-05 1e-05 0 0 0 0 0 0 0 0 0 
1 0.70042 0.38164 0.15855 0.05245 0.01525 0.00375 0.00098 0.00022 5e-05 0 0 0 0 0 0 0 0 0 0 
1 0.69983 0.38428 0.15956 0.05389 0.01546 0.00382 0.00068 0.00018 3e-05 0 0 0 0 0 0 0 0 0 0 
1 0.69951 0.38442 0.16153 0.05532 0.01572 0.00383 0.00096 0.00019 5e-05 0 0 0 0 0 0 0 0 0 0 
1 0.69885 0.38207 0.16076 0.05386 0.01576 0.0042 0.00113 0.00023 8e-05 2e-05 3.90937e-17 3.90937e-17 0 0 0 0 0 0 0 
1 0.69904 0.38158 0.15858 0.05235 0.01452 0.00391 0.00083 0.00019 0 0 0 0 0 0 0 0 0 0 0 
1 0.69887 0.38196 0.15826 0.05188 0.0145 0.00361 0.00077 0.00015 2e-05 0 0 0 0 0 0 0 0 0 0 
1 0.69989 0.38541 0.16359 0.05478 0.01539 0.00373 0.00093 0.00019 4e-05 0 0 0 0 0 0 0 0 0 0 
1 0.6976 0.38063 0.1574 0.05147 0.01402 0.00364 0.00076 0.00019 2e-05 0 0 0 0 0 0 0 0 0 0 
1 0.69585 0.3782 0.15721 0.05239 0.01505 0.00367 0.00093 0.00035 0.00012 3e-05 1e-05 0 0 0 0 0 0 0 0 
1 0.69768 0.38362 0.16152 0.05349 0.01555 0.00367 0.0007 9e-05 2e-05 0 0 0 0 0 0 0 0 0 0 
1 0.69958 0.38516 0.16233 0.05535 0.0153 0.00374 0.00095 0.00018 4e-05 0 0 0 0 0 0 0 0 0 0 
1 0.69803 0.38055 0.15939 0.05311 0.01532 0.00442 0.00102 0.00017 7e-05 0 0 0 0 0 0 0 0 0 0 
1 0.69928 0.38233 0.15925 0.05227 0.01388 0.00324 0.00086 0.00016 0 0 0 0 0 0 0 0 0 0 0 
1 0.69866 0.38024 0.15831 0.05265 0.01444 0.00345 0.00086 0.00021 6e-05 2e-05 0 0 0 0 0 0 0 0 0 
1 0.7005 0.38298 0.15913 0.05214 0.01449 0.00348 0.00093 0.00017 5e-05 1e-05 1e-05 0 0 0 0 0 0 0 0 
1 0.70284 0.38809 0.16578 0.05583 0.01592 0.00429 0.001 0.00026 5e-05 1e-05 0 0 0 0 0 0 0 0 0 
1 0.69755 0.3822 0.16086 0.05314 0.01521 0.00384 0.0009 9e-05 5.39679e-17 0 0 0 0 0 0 0 0 0 0 
1 0.69924 0.3817 0.15845 0.05277 0.01457 0.0033 0.0005 0.00016 1e-05 0 0 0 0 0 0 0 0 0 0 
1 0.69986 0.38236 0.15828 0.05215 0.01545 0.00369 0.00085 0.00025 6e-05 2e-05 0 0 0 0 0 0 0 0 0 
1 0.70146 0.38655 0.16123 0.05369 0.0157 0.00418 0.00097 0.00021 3e-05 1e-05 0 0 0 0 0 0 0 0 0 
1 0.69883 0.38085 0.15968 0.05213 0.01404 0.00324 0.00072 0.00014 3e-05 0 0 0 0 0 0 0 0 0 0 
1 0.70161 0.38485 0.15977 0.05306 0.015 0.00361 0.0009 0.0002 3e-05 0 0 0 0 0 0 0 0 0 0 
1 0.69924 0.38449 0.1615 0.05382 0.01533 0.00384 0.00071 0.00018 4e-05 0 0 0 0 0 0 0 0 0 0 
1 0.70137 0.38613 0.16213 0.05458 0.0153 0.00354 0.00066 9e-05 0 0 0 0 0 0 0 0 0 0 0 
1 0.69984 0.38335 0.15882 0.05316 0.01558 0.00378 0.00083 0.00018 5e-05 1.22402e-17 0 0 0 0 0 0 0 0 0 
1 0.69931 0.38286 0.15977 0.05175 0.01378 0.00316 0.00081 0.00016 3e-05 0 0 0 0 0 0 0 0 0 0 
1 0.70142 0.38485 0.1607 0.05348 0.01475 0.0035 0.00064 0.00012 2e-05 0 0 0 0 0 0 0 0 0 0 
1 0.69935 0.38339 0.161 0.05231 0.01435 0.00367 0.00089 0.00025 6e-05 2e-05 0 0 0 0 0 0 0 0 0 
1 0.70111 0.38279 0.1619 0.05405 0.01521 0.00378 0.0008 0.0002 6e-05 0 0 0 0 0 0 0 0 0 0 
1 0.69859 0.37903 0.15712 0.05173 0.01419 0.00321 0.0007 0.00014 0 0 0 0 0 0 0 0 0 0 0 
1 0.70077 0.3837 0.15987 0.05256 0.01498 0.0037 0.00085 0.00017 5e-05 1e-05 0 0 0 0 0 0 0 0 0 
1 0.7005 0.38456 0.15962 0.05239 0.01434 0.00345 0.00066 0.00015 3e-05 1e-05 0 0 0 0 0 0 0 0 0 
1 0.70177 0.38485 0.16221 0.05477 0.01617 0.00455 0.00114 0.00033 9e-05 1e-05 1e-05 1e-05 0 0 0 0 0 0 0 
1 0.7018 0.39041 0.16566 0.05615 0.01541 0.00403 0.00089 0.00024 3e-05 2e-05 0 0 0 0 0 0 0 0 0 
1 0.69989 0.38342 0.16069 0.05374 0.01583 0.00406 0.00105 0.00032 5e-05 1e-05 0 0 0 0 0 0 0 0 0 
1 0.70271 0.38531 0.16211 0.05534 0.016 0.00369 0.00086 0.00019 2e-05 0 0 0 0 0 0 0 0 0 0 
1 0.70432 0.38648 0.16221 0.05466 0.01522 0.00329 0.00073 0.00015 5e-05 2e-05 1e-05 0 0 0 0 0 0 0 0 
1 0.69831 0.38366 0.15996 0.05244 0.01441 0.00349 0.00082 0.00014 1e-05 0 0 0 0 0 0 0 0 0 0 
1 0.69751 0.37904 0.15806 0.05144 0.01454 0.00364 0.00075 0.00017 8e-05 2e-05 0 0 0 0 0 0 0 0 0 
1 0.70188 0.38167 0.15892 0.05213 0.01474 0.00339 0.00066 8e-05 1e-05 0 0 0 0 0 0 0 0 0 0 
1 0.70069 0.38089 0.15931 0.05303 0.01501 0.00392 0.00084 0.00015 2e-05 0 0 0 0 0 0 0 0 0 0 
1 0.6984 0.38254 0.15852 0.05144 0.01423 0.00336 0.00071 5e-05 2e-05 0 0 0 0 0 0 0 0 0 0 
1 0.69974 0.3835 0.16026 0.05393 0.01524 0.00398 0.00074 0.00018 3e-05 1e-05 0 0 0 0 0 0 0 0 0 
1 0.70238 0.38415 0.16146 0.05324 0.01485 0.00377 0.00089 0.00022 7e-05 1e-05 3.53606e-17 0 0 0 0 0 0 0 0 
1 0.70079 0.38271 0.15807 0.05166 0.01397 0.00352 0.00066 6e-05 4e-05 0 0 0 0 0 0 0 0 0 0 
1 0.69973 0.38198 0.15993 0.05255 0.01505 0.00371 0.00091 0.00016 4e-05 2e-05 2e-05 0 0 0 0 0 0 0 0 
1 0.69951 0.38195 0.15833 0.05213 0.0139 0.00346 0.0008 0.00013 2e-05 0 0 0 0 0 0 0 0 0 0 
1 0.6999 0.38338 0.16019 0.05463 0.0156 0.0043 0.00103 0.00028 4e-05 0 0 0 0 0 0 0 0 0 0 
1 0.69884 0.38516 0.16186 0.0542 0.01561 0.00413 0.0009 0.00013 6.8251e-18 0 0 0 0 0 0 0 0 0 0 
1 0.70247 0.38601 0.16179 0.05398 0.01548 0.00377 0.00105 0.00022 9e-05 1e-05 0 0 0 0 0 0 0 0 0 
1 0.70192 0.38509 0.16053 0.05468 0.01528 0.00381 0.00077 0.00018 1e-05 0 0 0 0 0 0 0 0 0 0 
1 0.70077 0.38237 0.16081 0.05327 0.01482 0.00377 0.00092 0.00018 3e-05 0 0 0 0 0 0 0 0 0 0 
1 0.70154 0.37903 0.15921 0.05299 0.01507 0.0039 0.0009 0.00017 2e-05 0 0 0 0 0 0 0 0 0 0 
1 0.69618 0.38267 0.16087 0.05339 0.01552 0.00393 0.00091 0.00013 2e-05 0 0 0 0 0 0 0 0 0 0 
1 0.70151 0.38485 0.16195 0.05496 0.01512 0.00371 0.00081 0.0001 2.55934e-17 0 0 0 0 0 0 0 0 0 0 
1 0.70045 0.38364 0.16034 0.05355 0.01508 0.00363 0.00091 0.00015 2e-05 0 0 0 0 0 0 0 0 0 0 
1 0.70049 0.38334 0.16062 0.05437 0.01497 0.00408 0.00083 0.00015 4e-05 1e-05 0 0 0 0 0 0 0 0 0 
1 0.7003 0.38458 0.16123 0.05335 0.01537 0.00349 0.00081 0.00015 3e-05 0 0 0 0 0 0 0 0 0 0 
1 0.69844 0.37869 0.15904 0.05353 0.01507 0.00403 0.00098 0.00024 2e-05 0 0 0 0 0 0 0 0 0 0 
1 0.70129 0.38607 0.16218 0.0545 0.01608 0.00404 0.00089 0.0002 5e-05 1.39055e-17 0 0 0 0 0 0 0 0 0 
1 0.69979 0.38109 0.15976 0.05412 0.01513 0.00403 0.0009 0.00017 2e-05 1.07359e-17 0 0 0 0 0 0 0 0 0 
1 0.6977 0.38213 0.16031 0.05244 0.01534 0.00409 0.00088 0.00013 4e-05 3e-05 0 0 0 0 0 0 0 0 0 
1 0.70109 0.38522 0.16189 0.05448 0.01555 0.00364 0.00099 0.00021 4e-05 0 0 0 0 0 0 0 0 0 0 
1 0.7007 0.38309 0.16036 0.05403 0.01542 0.00357 0.00068 3e-05 0 0 0 0 0 0 0 0 0 0 0 
1 0.69894 0.38354 0.15852 0.05186 0.0147 0.00359 0.00072 0.00011 3e-05 1e-05 0 0 0 0 0 0 0 0 0 
1 0.69988 0.38352 0.16143 0.0543 0.01561 0.00373 0.00087 0.00025 8e-05 1e-05 0 0 0 0 0 0 0 0 0 
1 0.69758 0.38266 0.16121 0.0536 0.01478 0.0038 0.00087 0.00028 8e-05 2e-05 0 0 0 0 0 0 0 0 0 
1 0.70142 0.38528 0.16197 0.05343 0.01494 0.00343 0.00084 0.00023 9e-05 3e-05 2e-05 1e-05 0 0 0 0 0 0 0 
1 0.70107 0.3844 0.16236 0.05401 0.01472 0.00361 0.00071 0.00019 2e-05 1e-05 0 0 0 0 0 0 0 0 0 
1 0.69854 0.38197 0.1577 0.05223 0.0142 0.00365 0.00089 0.00021 7e-05 2e-05 1e-05 0 0 0 0 0 0 0 0 
1 0.70077 0.38354 0.15976 0.05227 0.01446 0.00339 0.00059 0.00014 1e-05 0 0 0 0 0 0 0 0 0 0 
1 0.69879 0.38463 0.16087 0.05414 0.01539 0.00407 0.00107 0.00018 4e-05 1e-05 0 0 0 0 0 0 0 0 0 
1 0.69899 0.38399 0.15926 0.05231 0.01428 0.00366 0.00088 0.00018 5e-05 0 0 0 0 0 0 0 0 0 0 
1 0.69966 0.38403 0.16116 0.05409 0.01524 0.00396 0.00086 0.00016 2e-05 0 0 0 0 0 0 0 0 0 0 
1 0.69666 0.37923 0.15934 0.052 0.01493 0.00392 0.00104 0.00021 9e-05 1e-05 1e-05 0 0 0 0 0 0 0 0 
1 0.69692 0.38196 0.16131 0.05343 0.01504 0.00339 0.00074 0.00014 2e-05 0 0 0 0 0 0 0 0 0 0 
1 0.69837 0.38139 0.15904 0.05322 0.01517 0.00393 0.0011 0.00027 0.0001 4e-05 0 0 0 0 0 0 0 0 0 
1 0.69997 0.38251 0.15842 0.05212 0.01511 0.00392 0.00094 0.00018 4e-05 0 0 0 0 0 0 0 0 0 0 
1 0.70182 0.38488 0.16076 0.05284 0.01535 0.00375 0.00082 0.00021 3e-05 2e-05 0 0 0 0 0 0 0 0 0 
1 0.69801 0.38306 0.16198 0.05378 0.01568 0.00394 0.00078 0.0002 4e-05 0 0 0 0 0 0 0 0 0 0 
1 0.69865 0.38188 0.15962 0.05329 0.01518 0.00353 0.00087 0.00016 2e-05 1e-05 0 0 0 0 0 0 0 0 0 
1 0.69587 0.38095 0.16036 0.05287 0.0146 0.00368 0.001 0.00024 5e-05 1e-05 0 0 0 0 0 0 0 0 0 
1 0.7002 0.38155 0.15828 0.05208 0.01472 0.00362 0.00091 0.00027 8e-05 1e-05 1e-05 0 0 0 0 0 0 0 0 
1 0.69653 0.38061 0.15976 0.05397 0.01483 0.00355 0.00084 0.00019 0.0001 2e-05 0 0 0 0 0 0 0 0 0 
1 0.70046 0.38585 0.16157 0.05375 0.01434 0.00323 0.00083 0.00017 4e-05 0 0 0 0 0 0 0 0 0 0 
1 0.69971 0.38119 0.15957 0.05332 0.01473 0.00348 0.00073 0.00018 2e-05 0 0 0 0 0 0 0 0 0 0 
1 0.70014 0.3822 0.1597 0.05429 0.01504 0.00392 0.00102 0.00024 5e-05 1e-05 1e-05 1e-05 1e-05 0 0 0 0 0 0 
1 0.69785 0.37679 0.15592 0.0511 0.01354 0.00322 0.00087 0.0002 4e-05 0 0 0 0 0 0 0 0 0 0 
1 0.7022 0.38545 0.16166 0.05405 0.01558 0.00415 0.0008 0.00021 2e-05 1e-05 1e-05 1e-05 0 0 0 0 0 0 0 
1 0.70104 0.38481 0.16211 0.05411 0.01529 0.0037 0.00096 0.00019 5e-05 0 0 0 0 0 0 0 0 0 0 
1 0.704 0.38355 0.16032 0.05305 0.01527 0.00416 0.00081 0.00017 6e-05 0 0 0 0 0 0 0 0 0 0 
1 0.70117 0.38605 0.16488 0.0557 0.01544 0.00395 0.00085 0.00024 1e-05 0 0 0 0 0 0 0 0 0 0 
1 0.6997 0.38364 0.16183 0.05365 0.01479 0.00344 0.00074 0.00015 4e-05 1e-05 0 0 0 0 0 0 0 0 0 
1 0.70212 0.38426 0.1611 0.05327 0.01501 0.00358 0.00074 0.00017 2e-05 0 0 0 0 0 0 0 0 0 0 
1 0.69858 0.38103 0.1581 0.05232 0.01432 0.00348 0.00071 0.0002 2e-05 0 0 0 0 0 0 0 0 0 0 
1 0.70245 0.38781 0.16122 0.05468 0.01548 0.00392 0.00081 0.00012 1e-05 0 0 0 0 0 0 0 0 0 0 
1 0.69795 0.37843 0.15901 0.05342 0.01479 0.00341 0.0008 0.00024 5e-05 0 0 0 0 0 0 0 0 0 0 
1 0.70162 0.38428 0.15991 0.05251 0.01516 0.00378 0.00092 0.00022 4e-05 1e-05 0 0 0 0 0 0 0 0 0 
1 0.69954 0.38477 0.16038 0.05309 0.01465 0.00393 0.00086 0.00016 1e-05 0 0 0 0 0 0 0 0 0 0 
1 0.701 0.38481 0.16116 0.05335 0.01518 0.00399 0.00082 0.00014 0 0 0 0 0 0 0 0 0 0 0 
1 0.69835 0.37769 0.15826 0.05345 0.01445 0.00349 0.00072 0.00014 1e-05 1e-05 0 0 0 0 0 0 0 0 0 
1 0.69776 0.3797 0.15724 0.05176 0.01462 0.00366 0.00092 0.00017 1e-05 0 0 0 0 0 0 0 0 0 0 
1 0.69974 0.38257 0.15919 0.0529 0.01495 0.00366 0.00084 0.00023 1e-05 1e-05 0 0 0 0 0 0 0 0 0 
1 0.69764 0.38213 0.16104 0.05409 0.01481 0.00334 0.00082 0.0001 3e-05 1e-05 0 0 0 0 0 0 0 0 0 
1 0.69838 0.38152 0.16001 0.05184 0.01465 0.00367 0.00082 0.00015 3e-05 1e-05 0 0 0 0 0 0 0 0 0 
1 0.70128 0.3842 0.16207 0.05408 0.01555 0.00402 0.00093 0.00012 1e-05 0 0 0 0 0 0 0 0 0 0 
1 0.70081 0.37944 0.15717 0.05133 0.01377 0.00315 0.00063 9e-05 1e-05 1e-05 0 0 0 0 0 0 0 0 0 
1 0.69864 0.38353 0.16027 0.05402 0.01542 0.00384 0.00085 0.00022 3e-05 0 0 0 0 0 0 0 0 0 0 
1 0.70107 0.38388 0.16153 0.05343 0.01516 0.0034 0.0007 0.0001 1e-05 0 0 0 0 0 0 0 0 0 0 
1 0.70283 0.38242 0.15938 0.05314 0.01447 0.00376 0.00099 0.00023 6e-05 1e-05 1e-05 0 0 0 0 0 0 0 0 
1 0.70125 0.3876 0.16376 0.05576 0.01616 0.0037 0.00087 0.0003 7e-05 1e-05 0 0 0 0 0 0 0 0 0 
1 0.70049 0.38562 0.16241 0.0554 0.01571 0.00388 0.00095 0.00018 4e-05 1e-05 0 0 0 0 0 0 0 0 0 
1 0.70128 0.38286 0.158 0.05345 0.01449 0.00352 0.00085 0.00012 0 0 0 0 0 0 0 0 0 0 0 
1 0.69954 0.38413 0.16088 0.05247 0.01465 0.00374 0.00073 0.00012 1e-05 0 0 0 0 0 0 0 0 0 0 
1 0.69999 0.3821 0.16047 0.05339 0.01522 0.00353 0.00073 0.00014 1e-05 0 0 0 0 0 0 0 0 0 0 
1 0.70074 0.38359 0.16018 0.05334 0.01466 0.00354 0.00086 0.00015 2e-05 0 0 0 0 0 0 0 0 0 0 
1 0.70112 0.38577 0.16296 0.05347 0.01474 0.00339 0.00068 0.00012 3e-05 1e-05 0 0 0 0 0 0 0 0 0 
1 0.70299 0.38406 0.16061 0.05347 0.01486 0.00356 0.00078 0.00014 3e-05 1e-05 0 0 0 0 0 0 0 0 0 
1 0.69844 0.38355 0.16017 0.05398 0.01488 0.00388 0.00092 0.00022 1e-05 1e-05 0 0 0 0 0 0 0 0 0 
1 0.69917 0.38217 0.15908 0.05214 0.01462 0.00339 0.00093 0.00021 6e-05 2e-05 1e-05 0 0 0 0 0 0 0 0 
1 0.69771 0.38104 0.15885 0.05366 0.01437 0.00387 0.00066 0.00019 5e-05 0 0 0 0 0 0 0 0 0 0 
1 0.7007 0.38455 0.16109 0.05431 0.0154 0.00381 0.0009 0.00029 0.00012 7e-05 6e-05 3e-05 0 0 0 0 0 0 0 
1 0.70232 0.38447 0.15996 0.05199 0.01465 0.00326 0.00072 0.0002 5e-05 1e-05 0 0 0 0 0 0 0 0 0 
1 0.6981 0.38249 0.15945 0.05222 0.01401 0.00324 0.00083 0.00021 4e-05 1e-05 0 0 0 0 0 0 0 0 0 
1 0.6977 0.38089 0.16075 0.05314 0.01506 0.00387 0.00088 0.00015 2e-05 0 0 0 0 0 0 0 0 0 0 
1 0.69958 0.38046 0.16039 0.05345 0.01532 0.00382 0.00089 0.00023 4e-05 0 0 0 0 0 0 0 0 0 0 
1 0.70125 0.38169 0.15883 0.05238 0.01468 0.00398 0.00081 0.00012 4e-05 1e-05 0 0 0 0 0 0 0 0 0 
1 0.69813 0.37971 0.15928 0.05338 0.015 0.00365 0.00083 0.00018 4e-05 0 0 0 0 0 0 0 0 0 0 
1 0.70088 0.38131 0.16018 0.05398 0.01523 0.00373 0.00095 0.00018 3e-05 1e-05 1e-05 0 0 0 0 0 0 0 0 
1 0.70267 0.38618 0.16119 0.05431 0.01508 0.00375 0.00092 0.00023 5e-05 0 0 0 0 0 0 0 0 0 0 
1 0.69876 0.38284 0.16001 0.05337 0.01524 0.004 0.00089 0.00024 4e-05 0 0 0 0 0 0 0 0 0 0 
1 0.7009 0.38392 0.15946 0.05334 0.01456 0.00338 0.00069 0.00017 4e-05 1e-05 0 0 0 0 0 0 0 0 0 
1 0.69706 0.38066 0.15763 0.05183 0.01465 0.00381 0.00093 0.0002 5e-05 2e-05 0 0 0 0 0 0 0 0 0 
1 0.7 0.38219 0.16013 0.05327 0.01507 0.00385 0.00109 0.00021 4e-05 1e-05 0 0 0 0 0 0 0 0 0 
1 0.69873 0.38099 0.16 0.05262 0.01499 0.00367 0.00082 0.0001 1e-05 0 0 0 0 0 0 0 0 0 0 
1 0.69831 0.38324 0.16159 0.05527 0.01643 0.00413 0.00087 0.00015 4e-05 1e-05 0 0 0 0 0 0 0 0 0 
1 0.70284 0.38738 0.1626 0.0552 0.01615 0.00408 0.0009 0.00017 3e-05 1e-05 0 0 0 0 0 0 0 0 0 
1 0.70041 0.38547 0.15976 0.05235 0.01478 0.00391 0.00097 0.00028 5e-05 1e-05 0 0 0 0 0 0 0 0 0 
1 0.70155 0.3843 0.16313 0.0544 0.01546 0.00371 0.00065 0.00013 3e-05 1e-05 0 0 0 0 0 0 0 0 0 
1 0.69782 0.38091 0.16168 0.0543 0.01569 0.00381 0.00093 0.00018 3e-05 1e-05 0 0 0 0 0 0 0 0 0 
1 0.69667 0.38045 0.1592 0.05303 0.01522 0.00353 0.00081 0.00016 4e-05 2e-05 1e-05 0 0 0 0 0 0 0 0 
1 0.70189 0.3857 0.16105 0.05419 0.01487 0.00355 0.00073 0.00013 2e-05 1e-05 0 0 0 0 0 0 0 0 0 
1 0.69645 0.37922 0.15786 0.05071 0.0139 0.00329 0.00067 0.00013 2e-05 0 0 0 0 0 0 0 0 0 0 
1 0.70056 0.38394 0.15962 0.05325 0.01555 0.0042 0.0011 0.0003 9e-05 3e-05 2e-05 1e-05 0 0 0 0 0 0 0 
1 0.69773 0.38304 0.15743 0.05157 0.01348 0.00303 0.00078 0.00021 2e-05 1e-05 0 0 0 0 0 0 0 0 0 
1 0.70101 0.38464 0.16018 0.05221 0.01432 0.00328 0.00061 8e-05 1e-05 0 0 0 0 0 0 0 0 0 0 
1 0.69863 0.38132 0.16003 0.05373 0.01502 0.00409 0.00106 0.00033 8e-05 1e-05 0 0 0 0 0 0 0 0 0 
1 0.69862 0.3843 0.16085 0.0536 0.01438 0.00324 0.00079 0.00014 1e-05 0 0 0 0 0 0 0 0 0 0 
1 0.70003 0.38369 0.15958 0.05315 0.01525 0.00383 0.00111 0.00031 0.0001 3e-05 0 0 0 0 0 0 0 0 0 
1 0.70067 0.38252 0.15868 0.052 0.01361 0.00336 0.00083 0.00019 1e-05 0 0 0 0 0 0 0 0 0 0 
1 0.69971 0.38179 0.15959 0.05304 0.01508 0.00387 0.00087 0.00019 2e-05 0 0 0 0 0 0 0 0 0 0 
1 0.70005 0.38244 0.15854 0.0528 0.0148 0.00418 0.00097 0.00026 2e-05 1e-05 0 0 0 0 0 0 0 0 0 
1 0.70184 0.38495 0.16021 0.05336 0.01516 0.00362 0.00084 0.00015 4e-05 0 0 0 0 0 0 0 0 0 0 
1 0.69842 0.38249 0.15928 0.05188 0.01431 0.00374 0.00071 0.00013 0 0 0 0 0 0 0 0 0 0 0 
1 0.69938 0.38094 0.15852 0.05133 0.01389 0.0031 0.00063 8e-05 0 0 0 0 0 0 0 0 0 0 0 
1 0.69962 0.38126 0.15854 0.05209 0.01451 0.00375 0.00078 0.00017 2e-05 1e-05 0 0 0 0 0 0 0 0 0 
1 0.70254 0.38592 0.16228 0.05393 0.01522 0.00381 0.00091 0.00021 3e-05 0 0 0 0 0 0 0 0 0 0 
1 0.70083 0.38214 0.15924 0.05267 0.0148 0.00366 0.00091 0.00027 0.00011 4e-05 0 0 0 0 0 0 0 0 0 
1 0.69969 0.38469 0.1606 0.05392 0.01474 0.00384 0.00087 0.00014 4e-05 1e-05 0 0 0 0 0 0 0 0 0 
1 0.69917 0.38117 0.15837 0.05134 0.01465 0.00351 0.00074 9e-05 3e-05 1e-05 0 0 0 0 0 0 0 0 0 
1 0.7027 0.38437 0.16143 0.05362 0.01532 0.0038 0.00107 0.00026 8e-05 1e-05 0 0 0 0 0 0 0 0 0 
1 0.69813 0.37908 0.15854 0.05308 0.01466 0.00363 0.00076 0.00014 3e-05 0 0 0 0 0 0 0 0 0 0 
1 0.6988 0.38348 0.16095 0.05417 0.01556 0.00363 0.00081 0.00016 0 0 0 0 0 0 0 0 0 0 0 
1 0.69881 0.38036 0.15786 0.05247 0.01414 0.00336 0.00085 0.00013 4e-05 1e-05 0 0 0 0 0 0 0 0 0 
1 0.70025 0.38758 0.16379 0.05565 0.01565 0.00352 0.00083 0.00024 8e-05 2e-05 0 0 0 0 0 0 0 0 0 
1 0.69999 0.38123 0.15893 0.05282 0.01565 0.00384 0.00093 0.00026 7e-05 0 0 0 0 0 0 0 0 0 0 
1 0.69916 0.38041 0.1594 0.05223 0.01479 0.00362 0.00075 0.00014 1e-05 0 0 0 0 0 0 0 0 0 0 
1 0.69599 0.38117 0.1587 0.05206 0.01478 0.00378 0.00083 0.0001 2e-05 0 0 0 0 0 0 0 0 0 0 
1 0.69704 0.38096 0.15911 0.05265 0.01426 0.00331 0.00075 0.00019 3e-05 0 0 0 0 0 0 0 0 0 0 
1 0.70169 0.38327 0.16055 0.05266 0.01407 0.0035 0.00071 0.00017 4e-05 0 0 0 0 0 0 0 0 0 0 
1 0.70085 0.38321 0.16049 0.05243 0.0152 0.00368 0.00069 0.00011 0 0 0 0 0 0 0 0 0 0 0 
1 0.70282 0.38668 0.16488 0.05721 0.01675 0.00467 0.00121 0.00033 4e-05 1e-05 0 0 0 0 0 0 0 0 0 
1 0.70085 0.38276 0.15977 0.0525 0.01477 0.00357 0.00075 0.00013 3e-05 3.73868e-18 0 0 0 0 0 0 0 0 0 
1 0.69831 0.3807 0.15866 0.05184 0.01425 0.00357 0.00073 0.00015 2e-05 0 0 0 0 0 0 0 0 0 0 
1 0.69823 0.38072 0.15668 0.05249 0.01489 0.00378 0.00073 0.00018 1e-05 0 0 0 0 0 0 0 0 0 0 
1 0.70073 0.38744 0.16436 0.05467 0.01524 0.0039 0.00085 0.00023 5e-05 0 0 0 0 0 0 0 0 0 0 
1 0.7025 0.38476 0.15838 0.05201 0.01507 0.00367 0.00067 0.0001 5e-05 0 0 0 0 0 0 0 0 0 0 
1 0.69632 0.3822 0.15856 0.05251 0.01476 0.00355 0.00069 9e-05 4e-05 1e-05 0 0 0 0 0 0 0 0 0 
1 0.70075 0.38224 0.15738 0.0518 0.01451 0.00335 0.00064 0.0001 3e-05 0 0 0 0 0 0 0 0 0 0 
1 0.69678 0.38248 0.16222 0.05522 0.01597 0.00423 0.00102 0.00025 3e-05 0 0 0 0 0 0 0 0 0 0 
1 0.70075 0.3828 0.16015 0.05364 0.0148 0.00389 0.00093 0.00019 2e-05 0 0 0 0 0 0 0 0 0 0 
1 0.69939 0.37914 0.15777 0.05129 0.01425 0.00347 0.0007 8e-05 2e-05 0 0 0 0 0 0 0 0 0 0 
1 0.69921 0.38046 0.15896 0.05295 0.01457 0.00343 0.00076 0.00013 5e-05 1e-05 0 0 0 0 0 0 0 0 0 
1 0.70114 0.38209 0.1584 0.05134 0.01433 0.00329 0.00066 0.00016 4e-05 0 0 0 0 0 0 0 0 0 0 
1 0.69987 0.38235 0.16043 0.05447 0.01502 0.0037 0.00078 0.0002 7e-05 2e-05 0 0 0 0 0 0 0 0 0 
1 0.69687 0.37712 0.15824 0.0524 0.01456 0.00327 0.00074 0.00015 3e-05 1e-05 0 0 0 0 0 0 0 0 0 
1 0.69896 0.38433 0.15991 0.05164 0.01427 0.00352 0.0008 0.00019 3e-05 1e-05 1e-05 1e-05 0 0 0 0 0 0 0 
1 0.7031 0.38713 0.16591 0.05699 0.01588 0.00392 0.0009 0.00017 6e-05 0 0 0 0 0 0 0 0 0 0 
1 0.69979 0.38414 0.15976 0.05438 0.01526 0.00394 0.00087 0.00013 2e-05 0 0 0 0 0 0 0 0 0 0 
1 0.70257 0.38203 0.1574 0.05273 0.01456 0.00369 0.00087 0.0001 0 0 0 0 0 0 0 0 0 0 0 
1 0.70377 0.38571 0.16096 0.0525 0.01474 0.00344 0.00071 0.00011 4e-05 1e-05 0 0 0 0 0 0 0 0 0 
1 0.69935 0.3825 0.16071 0.05331 0.01541 0.00373 0.00076 0.00017 1e-05 1e-05 0 0 0 0 0 0 0 0 0 
1 0.69918 0.38358 0.16022 0.05282 0.01454 0.00347 0.00073 0.00015 2.47635e-17 0 0 0 0 0 0 0 0 0 0 
1 0.69875 0.38262 0.16084 0.05331 0.01504 0.00387 0.00068 0.00015 1e-05 1e-05 0 0 0 0 0 0 0 0 0 
1 0.69924 0.37885 0.15644 0.05213 0.01428 0.00345 0.00094 0.00022 4e-05 0 0 0 0 0 0 0 0 0 0 
1 0.69846 0.38131 0.15955 0.0537 0.01463 0.00349 0.00079 0.00021 3e-05 0 0 0 0 0 0 0 0 0 0 
1 0.70148 0.38416 0.15923 0.05255 0.01535 0.00402 0.00097 0.00027 9e-05 3.27627e-17 0 0 0 0 0 0 0 0 0 
1 0.69954 0.38293 0.1592 0.0523 0.01479 0.00381 0.00086 0.00017 2e-05 0 0 0 0 0 0 0 0 0 0 
1 0.6984 0.38288 0.16112 0.05323 0.01497 0.00335 0.00071 0.00013 3e-05 1e-05 0 0 0 0 0 0 0 0 0 
1 0.69987 0.3846 0.16272 0.05302 0.01527 0.00344 0.00074 0.00013 1e-05 0 0 0 0 0 0 0 0 0 0 
1 0.70117 0.3834 0.1606 0.05322 0.01445 0.00334 0.00063 0.00013 3e-05 1e-05 0 0 0 0 0 0 0 0 0 
1 0.70072 0.38282 0.16125 0.05208 0.01432 0.00342 0.0008 9e-05 0 0 0 0 0 0 0 0 0 0 0 
1 0.70063 0.38542 0.16174 0.05366 0.01507 0.00375 0.00081 0.00018 8e-05 5e-05 0 0 0 0 0 0 0 0 0 
1 0.69838 0.38053 0.15871 0.05257 0.01537 0.00407 0.00095 0.00024 8e-05 1e-05 0 0 0 0 0 0 0 0 0 
1 0.69803 0.38051 0.15899 0.05337 0.01443 0.00364 0.00073 0.00014 3e-05 0 0 0 0 0 0 0 0 0 0 
1 0.69985 0.38145 0.15968 0.05342 0.01489 0.00384 0.0009 0.00022 4e-05 0 0 0 0 0 0 0 0 0 0 
1 0.69875 0.38023 0.15805 0.05253 0.01458 0.00374 0.00074 0.00014 5e-05 2e-05 0 0 0 0 0 0 0 0 0 
1 0.7021 0.38691 0.16278 0.05475 0.01529 0.00366 0.00069 0.00013 1e-05 0 0 0 0 0 0 0 0 0 0 
1 0.69996 0.3847 0.16048 0.05376 0.01518 0.0038 0.00089 0.00017 3e-05 0 0 0 0 0 0 0 0 0 0 
1 0.70094 0.38499 0.1627 0.05457 0.01556 0.00383 0.0008 0.00015 1e-05 0 0 0 0 0 0 0 0 0 0 
1 0.69972 0.38185 0.15928 0.05303 0.0144 0.00341 0.00086 0.0002 6e-05 3e-05 0 0 0 0 0 0 0 0 0 
1 0.70127 0.38344 0.16085 0.05385 0.01468 0.00367 0.00084 0.00022 2e-05 1e-05 0 0 0 0 0 0 0 0 0 
1 0.70023 0.38334 0.16028 0.05371 0.01513 0.00374 0.00088 0.00031 4e-05 1e-05 1e-05 0 0 0 0 0 0 0 0 
1 0.69872 0.38118 0.15764 0.05223 0.01396 0.00355 0.00079 0.00015 5e-05 2e-05 1e-05 0 0 0 0 0 0 0 0 
1 0.69895 0.38565 0.16285 0.0543 0.01639 0.00422 0.00105 0.0003 9e-05 1e-05 0 0 0 0 0 0 0 0 0 
1 0.702 0.38441 0.16134 0.05383 0.01512 0.00397 0.00076 0.00014 2e-05 0 0 0 0 0 0 0 0 0 0 
1 0.70133 0.38358 0.16282 0.05395 0.01511 0.00395 0.00089 0.00013 3e-05 1e-05 0 0 0 0 0 0 0 0 0 
1 0.6993 0.38553 0.16093 0.05333 0.01506 0.0039 0.00086 0.00015 2e-05 0 0 0 0 0 0 0 0 0 0 
1 0.70098 0.38511 0.16284 0.05574 0.0157 0.00366 0.00093 0.0002 3e-05 5.26218e-17 0 0 0 0 0 0 0 0 0 
1 0.70561 0.38848 0.16345 0.05544 0.01602 0.00418 0.00086 0.00015 2e-05 0 0 0 0 0 0 0 0 0 0 
1 0.70291 0.38595 0.15984 0.05289 0.01438 0.00338 0.00066 0.0001 2e-05 0 0 0 0 0 0 0 0 0 0 
1 0.70116 0.38358 0.16123 0.05429 0.01501 0.00358 0.00089 0.00016 3e-05 0 0 0 0 0 0 0 0 0 0 
1 0.70026 0.38403 0.16045 0.05311 0.01467 0.00317 0.00066 0.00013 1e-05 0 0 0 0 0 0 0 0 0 0 
1 0.70196 0.38342 0.16036 0.05337 0.01466 0.00388 0.00087 0.00019 7e-05 2e-05 0 0 0 0 0 0 0 0 0 
1 0.70174 0.38645 0.16321 0.05448 0.01507 0.00373 0.00075 0.00019 4e-05 2e-05 1e-05 0 0 0 0 0 0 0 0 
1 0.69946 0.384 0.16162 0.05366 0.01543 0.00431 0.00098 0.00013 2e-05 1e-05 0 0 0 0 0 0 0 0 0 
1 0.69972 0.38065 0.15986 0.05364 0.01526 0.00375 0.00075 0.00016 6e-05 1e-05 0 0 0 0 0 0 0 0 0 
1 0.69873 0.3831 0.15928 0.05397 0.01559 0.00385 0.00075 0.00019 2e-05 0 0 0 0 0 0 0 0 0 0 
1 0.7013 0.38552 0.16106 0.05323 0.0146 0.00384 0.00085 0.00014 2e-05 0 0 0 0 0 0 0 0 0 0 
1 0.69881 0.38199 0.15795 0.05198 0.01412 0.00345 0.00074 0.00016 2e-05 0 0 0 0 0 0 0 0 0 0 
1 0.69992 0.38334 0.15905 0.0529 0.01461 0.00335 0.00062 6e-05 0 0 0 0 0 0 0 0 0 0 0 
1 0.7008 0.38733 0.16368 0.05461 0.01576 0.0041 0.00093 0.00017 2e-05 0 0 0 0 0 0 0 0 0 0 
1 0.6993 0.38272 0.1614 0.05415 0.01508 0.00386 0.00086 0.00017 4e-05 4.83613e-17 0 0 0 0 0 0 0 0 0 
1 0.69963 0.3843 0.15908 0.05345 0.0152 0.00355 0.00088 0.0001 2e-05 0 0 0 0 0 0 0 0 0 0 
1 0.69851 0.38171 0.16068 0.05458 0.01529 0.00375 0.00078 0.00018 6e-05 1e-05 1e-05 0 0 0 0 0 0 0 0 
1 0.70104 0.38471 0.16179 0.05502 0.01562 0.00419 0.00106 0.00026 8e-05 3e-05 1e-05 0 0 0 0 0 0 0 0 
1 0.70261 0.38475 0.16031 0.05286 0.01457 0.00366 0.00086 0.00018 3e-05 2e-05 0 0 0 0 0 0 0 0 0 
1 0.70153 0.38563 0.1609 0.05363 0.01522 0.00389 0.00104 0.00017 0 0 0 0 0 0 0 0 0 0 0 
1 0.70034 0.38215 0.15812 0.0512 0.01354 0.00313 0.00076 9e-05 4e-05 1e-05 0 0 0 0 0 0 0 0 0 
1 0.69675 0.38089 0.15843 0.05336 0.01537 0.00402 0.00083 0.00015 2e-05 0 0 0 0 0 0 0 0 0 0 
1 0.6993 0.38381 0.1609 0.05373 0.01477 0.00372 0.0009 0.00022 4e-05 2e-05 1e-05 0 0 0 0 0 0 0 0 
1 0.70238 0.38468 0.16137 0.05281 0.01513 0.00364 0.00072 0.00015 3e-05 1e-05 0 0 0 0 0 0 0 0 0 
1 0.69861 0.38496 0.15926 0.05415 0.01474 0.00355 0.00067 0.00014 4e-05 3e-05 0 0 0 0 0 0 0 0 0 
1 0.69908 0.38336 0.16326 0.0546 0.0158 0.004 0.00071 0.00013 2e-05 0 0 0 0 0 0 0 0 0 0 
1 0.70341 0.38795 0.16177 0.05312 0.01521 0.00375 0.00085 0.00025 5e-05 2e-05 1e-05 0 0 0 0 0 0 0 0 
1 0.70333 0.38679 0.16139 0.0531 0.01505 0.00357 0.0008 0.00012 1e-05 0 0 0 0 0 0 0 0 0 0 
1 0.70203 0.38401 0.16009 0.05169 0.01406 0.00306 0.00057 0.00011 0 0 0 0 0 0 0 0 0 0 0 
1 0.69973 0.38421 0.16082 0.05399 0.0151 0.00337 0.00063 0.0002 5e-05 1e-05 1e-05 0 0 0 0 0 0 0 0 
1 0.69967 0.38042 0.158 0.05262 0.01444 0.0037 0.00072 0.00016 1e-05 0 0 0 0 0 0 0 0 0 0 
1 0.69928 0.38231 0.15934 0.05124 0.01342 0.00332 0.0007 0.00015 3e-05 1e-05 0 0 0 0 0 0 0 0 0 
1 0.70192 0.38464 0.16142 0.05252 0.01445 0.00391 0.0009 0.00024 3e-05 2e-05 0 0 0 0 0 0 0 0 0 
1 0.69875 0.38266 0.16073 0.05277 0.01466 0.00365 0.00093 0.00021 7e-05 1e-05 0 0 0 0 0 0 0 0 0 
1 0.70031 0.38274 0.15832 0.0529 0.01482 0.00384 0.00094 0.00025 0.00011 4e-05 3e-05 0 0 0 0 0 0 0 0 
1 0.70098 0.38266 0.15918 0.05252 0.01409 0.0036 0.00088 0.00014 1e-05 0 0 0 0 0 0 0 0 0 0 
1 0.7016 0.38213 0.16006 0.05273 0.01431 0.0035 0.00082 0.00021 2e-05 0 0 0 0 0 0 0 0 0 0 
1 0.70265 0.38501 0.16034 0.05397 0.01464 0.00357 0.00067 9e-05 3e-05 1e-05 0 0 0 0 0 0 0 0 0 
1 0.70062 0.38458 0.16145 0.05418 0.01496 0.00356 0.0007 0.00015 7e-05 0 0 0 0 0 0 0 0 0 0 
1 0.69822 0.38079 0.15706 0.05154 0.0146 0.00357 0.0006 0.00013 2.2532e-17 0 0 0 0 0 0 0 0 0 0 
1 0.69958 0.38142 0.15987 0.05319 0.01533 0.00388 0.00098 0.00028 9e-05 2e-05 0 0 0 0 0 0 0 0 0 
1 0.69947 0.38081 0.15907 0.05328 0.0147 0.00345 0.00081 0.00021 6e-05 0 0 0 0 0 0 0 0 0 0 
1 0.70049 0.38676 0.16367 0.05498 0.01557 0.00404 0.0008 0.00015 1e-05 0 0 0 0 0 0 0 0 0 0 
1 0.69733 0.38188 0.15841 0.05253 0.01408 0.00359 0.00072 0.00011 3e-05 0 0 0 0 0 0 0 0 0 0 
1 0.70052 0.38361 0.1615 0.0532 0.01528 0.00384 0.0007 0.00013 1e-05 0 0 0 0 0 0 0 0 0 0 
1 0.70077 0.38209 0.15858 0.05357 0.01534 0.00379 0.00095 0.00024 1e-05 1e-05 0 0 0 0 0 0 0 0 0 
1 0.69844 0.38241 0.16001 0.053 0.01394 0.00333 0.00067 0.00014 1e-05 0 0 0 0 0 0 0 0 0 0 
1 0.70107 0.38526 0.1608 0.05481 0.01498 0.00374 0.00075 0.00011 3e-05 0 0 0 0 0 0 0 0 0 0 
1 0.70027 0.38439 0.16067 0.05389 0.01566 0.00395 0.00093 0.00025 2e-05 1e-05 0 0 0 0 0 0 0 0 0 
1 0.70058 0.38294 0.16142 0.05355 0.01528 0.00396 0.00114 0.00029 7e-05 2e-05 0 0 0 0 0 0 0 0 0 
1 0.70153 0.38197 0.15816 0.05268 0.01439 0.00324 0.00062 9e-05 2e-05 0 0 0 0 0 0 0 0 0 0 
1 0.70273 0.38498 0.16232 0.05422 0.01578 0.00386 0.00093 0.0001 2e-05 0 0 0 0 0 0 0 0 0 0 
1 0.69796 0.38053 0.15923 0.05276 0.01423 0.00362 0.00087 0.00014 5e-05 1e-05 0 0 0 0 0 0 0 0 0 
1 0.6999 0.38344 0.16162 0.05381 0.01527 0.00399 0.00089 0.0002 2e-05 0 0 0 0 0 0 0 0 0 0 
1 0.69988 0.38176 0.15876 0.05311 0.01482 0.00386 0.00085 0.00023 7e-05 3e-05 0 0 0 0 0 0 0 0 0 
1 0.69933 0.38343 0.1613 0.05387 0.01536 0.00349 0.00072 0.00014 3e-05 1e-05 0 0 0 0 0 0 0 0 0 
1 0.70023 0.38137 0.15909 0.05276 0.01474 0.00362 0.00077 0.00013 1e-05 0 0 0 0 0 0 0 0 0 0 
1 0.69942 0.3834 0.15937 0.05184 0.01463 0.00382 0.00086 0.00015 3e-05 1e-05 0 0 0 0 0 0 0 0 0 
1 0.70058 0.38372 0.15981 0.0531 0.01524 0.00368 0.00073 0.00012 2e-05 0 0 0 0 0 0 0 0 0 0 
1 0.70106 0.38299 0.16037 0.05294 0.01495 0.00378 0.00101 0.00024 7e-05 0 0 0 0 0 0 0 0 0 0 
1 0.69964 0.38088 0.16056 0.05292 0.01465 0.00351 0.00077 0.00015 1e-05 0 0 0 0 0 0 0 0 0 0 
1 0.7009 0.38488 0.15984 0.05463 0.01574 0.00395 0.00077 0.00013 5e-05 0 0 0 0 0 0 0 0 0 0 
1 0.70075 0.38198 0.1613 0.05397 0.01468 0.00358 0.00086 0.00015 1e-05 0 0 0 0 0 0 0 0 0 0 
1 0.69849 0.38443 0.16176 0.05453 0.01539 0.00418 0.00102 0.00021 6e-05 0 0 0 0 0 0 0 0 0 0 
1 0.70204 0.38626 0.16246 0.0539 0.01523 0.00402 0.0009 0.00015 1e-05 0 0 0 0 0 0 0 0 0 0 
1 0.69992 0.3815 0.15946 0.0538 0.01479 0.00393 0.00071 0.00012 2e-05 0 0 0 0 0 0 0 0 0 0 
1 0.7011 0.38283 0.15832 0.05227 0.01431 0.00372 0.00074 0.00012 2e-05 0 0 0 0 0 0 0 0 0 0 
1 0.70032 0.3841 0.1609 0.05331 0.01466 0.00358 0.00078 0.00018 1e-05 0 0 0 0 0 0 0 0 0 0 
1 0.7006 0.3842 0.16092 0.05358 0.01547 0.00415 0.00091 0.00018 5e-05 2e-05 0 0 0 0 0 0 0 0 0 
1 0.69941 0.38391 0.16126 0.05435 0.01559 0.00398 0.00076 0.00014 2e-05 0 0 0 0 0 0 0 0 0 0 
1 0.6994 0.38396 0.15879 0.05255 0.01495 0.00407 0.00086 0.0002 5e-05 0 0 0 0 0 0 0 0 0 0 
1 0.69984 0.38323 0.15828 0.05179 0.01436 0.00367 0.00106 0.00022 3e-05 0 0 0 0 0 0 0 0 0 0 
1 0.69914 0.38192 0.15786 0.05296 0.01503 0.00363 0.00091 0.0001 2e-05 0 0 0 0 0 0 0 0 0 0 
1 0.7001 0.38312 0.16046 0.05333 0.0152 0.00385 0.00095 0.00023 4e-05 0 0 0 0 0 0 0 0 0 0 
1 0.70037 0.38155 0.15904 0.05216 0.01443 0.00328 0.0007 0.00021 5e-05 1e-05 0 0 0 0 0 0 0 0 0 
1 0.69982 0.38151 0.15959 0.05301 0.01525 0.00409 0.00099 0.00026 2e-05 1e-05 0 0 0 0 0 0 0 0 0 
1 0.70106 0.3845 0.16235 0.05318 0.01472 0.00347 0.00075 0.00014 1e-05 0 0 0 0 0 0 0 0 0 0 
1 0.70187 0.38937 0.16504 0.05627 0.01566 0.00404 0.00097 0.0002 5e-05 0 0 0 0 0 0 0 0 0 0 
1 0.70044 0.38307 0.15926 0.05184 0.0139 0.00323 0.00066 0.00013 3e-05 1e-05 0 0 0 0 0 0 0 0 0 
1 0.69737 0.38062 0.15934 0.05371 0.01491 0.00363 0.00105 0.00018 6e-05 0 0 0 0 0 0 0 0 0 0 
1 0.69566 0.37975 0.15767 0.05237 0.01435 0.00325 0.00067 0.00012 2e-05 0 0 0 0 0 0 0 0 0 0 
1 0.70011 0.38497 0.15978 0.05462 0.01532 0.00395 0.00094 0.00014 3e-05 0 0 0 0 0 0 0 0 0 0 
1 0.70076 0.38411 0.1607 0.05214 0.01419 0.00315 0.00074 0.00018 4e-05 2e-05 1e-05 0 0 0 0 0 0 0 0 
1 0.70012 0.38341 0.16114 0.05442 0.01519 0.00397 0.00106 0.00019 1e-05 0 0 0 0 0 0 0 0 0 0 
1 0.69947 0.38535 0.15977 0.05363 0.01526 0.00356 0.00082 0.0001 1e-05 1e-05 0 0 0 0 0 0 0 0 0 
1 0.69706 0.3802 0.15666 0.05163 0.01397 0.00321 0.00076 9e-05 1e-05 0 0 0 0 0 0 0 0 0 0 
1 0.69903 0.38015 0.15976 0.05236 0.01448 0.00349 0.00055 0.0001 2e-05 0 0 0 0 0 0 0 0 0 0 
1 0.6982 0.38096 0.15901 0.05314 0.01515 0.00383 0.00068 9e-05 2e-05 0 0 0 0 0 0 0 0 0 0 
1 0.69969 0.38114 0.1589 0.0535 0.0152 0.00351 0.0008 0.0002 4e-05 0 0 0 0 0 0 0 0 0 0 
1 0.69917 0.38125 0.16159 0.05237 0.01445 0.00307 0.00059 8e-05 2e-05 1e-05 0 0 0 0 0 0 0 0 0 
1 0.69799 0.38004 0.15722 0.05224 0.01502 0.00371 0.00101 0.00021 2e-05 0 0 0 0 0 0 0 0 0 0 
1 0.69447 0.37707 0.15691 0.05334 0.015 0.00367 0.00076 0.00013 5e-05 0 0 0 0 0 0 0 0 0 0 
1 0.69968 0.38341 0.16021 0.05296 0.01497 0.00395 0.00091 0.00023 3e-05 0 0 0 0 0 0 0 0 0 0 
1 0.70019 0.38523 0.16197 0.05485 0.0156 0.00402 0.00105 0.0002 8e-05 3e-05 1e-05 0 0 0 0 0 0 0 0 
1 0.69782 0.38153 0.15767 0.05245 0.01451 0.0037 0.00093 0.00024 8e-05 1e-05 0 0 0 0 0 0 0 0 0 
1 0.69883 0.38109 0.15881 0.05257 0.01456 0.00357 0.0006 0.00012 0 0 0 0 0 0 0 0 0 0 0 
1 0.69832 0.38368 0.16225 0.05437 0.01472 0.00363 0.00107 0.00028 3e-05 0 0 0 0 0 0 0 0 0 0 
1 0.69741 0.38198 0.15911 0.05364 0.01572 0.00409 0.00116 0.00023 0 0 0 0 0 0 0 0 0 0 0 
1 0.70065 0.383 0.16146 0.05546 0.01646 0.00406 0.0011 0.00022 4e-05 1e-05 0 0 0 0 0 0 0 0 0 
1 0.70024 0.38278 0.16126 0.05316 0.01455 0.00381 0.00095 0.00024 7e-05 5e-05 1e-05 0 0 0 0 0 0 0 0 
1 0.70132 0.38277 0.15954 0.05248 0.01451 0.00384 0.00097 0.0002 2e-05 0 0 0 0 0 0 0 0 0 0 
1 0.69789 0.38101 0.15911 0.05287 0.01467 0.00381 0.00098 0.00016 4e-05 0 0 0 0 0 0 0 0 0 0 
1 0.6968 0.38013 0.15771 0.05312 0.01499 0.00353 0.00075 0.00025 9e-05 2e-05 0 0 0 0 0 0 0 0 0 
1 0.69782 0.37939 0.15692 0.0537 0.01527 0.00351 0.00061 0.00018 3e-05 1e-05 0 0 0 0 0 0 0 0 0 
1 0.69918 0.38094 0.15871 0.05258 0.01523 0.00359 0.0007 0.00012 1e-05 0 0 0 0 0 0 0 0 0 0 
1 0.69741 0.37967 0.15829 0.05212 0.01471 0.00345 0.00079 0.00015 1e-05 1e-05 0 0 0 0 0 0 0 0 0 
1 0.70137 0.38583 0.16323 0.05542 0.01626 0.00413 0.00119 0.00029 5e-05 1e-05 0 0 0 0 0 0 0 0 0 
1 0.70025 0.38278 0.15884 0.05284 0.01493 0.00385 0.00103 0.00024 5e-05 1e-05 0 0 0 0 0 0 0 0 0 
1 0.69997 0.38306 0.16117 0.05426 0.01472 0.00347 0.00094 0.00025 3e-05 1e-05 0 0 0 0 0 0 0 0 0 
1 0.69727 0.3823 0.15926 0.0535 0.01461 0.0036 0.00096 0.00023 2e-05 0 0 0 0 0 0 0 0 0 0 
1 0.69841 0.38153 0.15723 0.05225 0.01443 0.00364 0.00076 0.00021 4e-05 1e-05 0 0 0 0 0 0 0 0 0 
1 0.70025 0.3841 0.15894 0.05311 0.01417 0.00347 0.00064 0.00013 2e-05 0 0 0 0 0 0 0 0 0 0 
1 0.70086 0.38029 0.15873 0.05167 0.01445 0.00371 0.001 0.00021 5e-05 0 0 0 0 0 0 0 0 0 0 
1 0.6986 0.38313 0.16015 0.05326 0.01449 0.00352 0.00061 7e-05 1e-05 0 0 0 0 0 0 0 0 0 0 
1 0.70024 0.3827 0.16118 0.05477 0.01538 0.00395 0.00108 0.00023 7e-05 2e-05 1e-05 0 0 0 0 0 0 0 0 
1 0.70066 0.38221 0.1599 0.0535 0.01491 0.0037 0.00077 0.00022 3e-05 2e-05 0 0 0 0 0 0 0 0 0 
1 0.70267 0.38379 0.15966 0.05433 0.01581 0.004 0.00093 0.00024 7e-05 0 0 0 0 0 0 0 0 0 0 
1 0.70162 0.3862 0.16389 0.05449 0.01492 0.00338 0.00065 0.00014 4e-05 0 0 0 0 0 0 0 0 0 0 
1 0.69787 0.38138 0.16043 0.05305 0.0148 0.00367 0.00084 0.00022 8e-05 1e-05 1e-05 0 0 0 0 0 0 0 0 
1 0.70053 0.38339 0.15888 0.05273 0.01436 0.00355 0.00074 0.00016 0 0 0 0 0 0 0 0 0 0 0 
1 0.70111 0.38394 0.1578 0.05221 0.01511 0.00372 0.0008 0.00018 6e-05 1e-05 0 0 0 0 0 0 0 0 0 
1 0.70084 0.38377 0.15921 0.05331 0.01454 0.00371 0.00096 0.00022 3e-05 0 0 0 0 0 0 0 0 0 0 
1 0.69867 0.38398 0.15981 0.05183 0.01484 0.00353 0.00062 0.00012 1e-05 1e-05 0 0 0 0 0 0 0 0 0 
1 0.70196 0.38519 0.16134 0.05368 0.01539 0.00393 0.00094 0.00018 2e-05 0 0 0 0 0 0 0 0 0 0 
1 0.69867 0.383 0.15916 0.05276 0.01439 0.00342 0.00084 0.00016 2e-05 0 0 0 0 0 0 0 0 0 0 
1 0.6969 0.38131 0.16229 0.05443 0.01522 0.00376 0.00088 0.00019 3e-05 0 0 0 0 0 0 0 0 0 0 
1 0.70047 0.38165 0.15939 0.05216 0.01423 0.00335 0.00068 0.00013 3e-05 2e-05 0 0 0 0 0 0 0 0 0 
1 0.7028 0.38433 0.15992 0.05252 0.01414 0.00361 0.00078 0.00025 3e-05 0 0 0 0 0 0 0 0 0 0 
1 0.69961 0.38227 0.16077 0.05252 0.01397 0.00352 0.00076 0.00021 8e-05 2e-05 0 0 0 0 0 0 0 0 0 
1 0.70027 0.38326 0.15923 0.05196 0.01375 0.00321 0.00063 0.0001 3e-05 0 0 0 0 0 0 0 0 0 0 
1 0.70053 0.38091 0.15824 0.05182 0.01475 0.00348 0.00093 0.00026 4e-05 1e-05 1e-05 0 0 0 0 0 0 0 0 
1 0.7031 0.3848 0.16073 0.05298 0.01459 0.00363 0.00085 0.00022 2e-05 1e-05 0 0 0 0 0 0 0 0 0 
1 0.70138 0.38525 0.16284 0.05399 0.0149 0.00382 0.00098 0.00032 6e-05 0 0 0 0 0 0 0 0 0 0 
1 0.69913 0.38291 0.16031 0.05328 0.01452 0.00377 0.00094 0.0002 6e-05 3e-05 2e-05 0 0 0 0 0 0 0 0 
1 0.70028 0.38452 0.16219 0.05481 0.01644 0.00453 0.00123 0.00024 7e-05 0 0 0 0 0 0 0 0 0 0 
1 0.69628 0.3807 0.16112 0.05438 0.01549 0.00389 0.00074 0.00014 2e-05 1e-05 0 0 0 0 0 0 0 0 0 
1 0.69962 0.38165 0.15697 0.05181 0.01417 0.00337 0.00077 0.00015 3e-05 0 0 0 0 0 0 0 0 0 0 
1 0.69855 0.38127 0.15848 0.05066 0.01428 0.00359 0.00081 0.00021 9e-05 3e-05 1e-05 0 0 0 0 0 0 0 0 
1 0.70092 0.38498 0.16021 0.05406 0.01491 0.00392 0.00107 0.00018 6e-05 0 0 0 0 0 0 0 0 0 0 
1 0.70079 0.38283 0.16029 0.0542 0.01513 0.00407 0.00113 0.00022 0.00015 3e-05 0 0 0 0 0 0 0 0 0 
1 0.699 0.38088 0.1576 0.05135 0.01413 0.00339 0.00086 0.00028 7e-05 0 0 0 0 0 0 0 0 0 0 
1 0.70348 0.38633 0.16247 0.05527 0.01521 0.00394 0.00082 0.00019 5e-05 1e-05 1e-05 0 0 0 0 0 0 0 0 
1 0.69748 0.38065 0.15984 0.05275 0.01495 0.00386 0.00075 0.00014 2e-05 1e-05 0 0 0 0 0 0 0 0 0 
1 0.70046 0.38458 0.16208 0.05433 0.01532 0.00386 0.00093 0.00017 4e-05 1e-05 0 0 0 0 0 0 0 0 0 
1 0.70295 0.38603 0.16226 0.05455 0.01558 0.00383 0.00077 0.00021 8e-05 0 0 0 0 0 0 0 0 0 0 
1 0.69989 0.38285 0.15801 0.05302 0.01391 0.00326 0.00068 0.00018 4e-05 1e-05 0 0 0 0 0 0 0 0 0 
1 0.70045 0.38048 0.15779 0.05177 0.01445 0.00326 0.00078 0.00018 4e-05 1e-05 0 0 0 0 0 0 0 0 0 
1 0.70182 0.38319 0.15809 0.05266 0.01438 0.00356 0.00071 0.00012 4e-05 0 0 0 0 0 0 0 0 0 0 
1 0.70087 0.3811 0.16045 0.05398 0.01446 0.00357 0.00088 0.00019 3e-05 0 0 0 0 0 0 0 0 0 0 
1 0.70073 0.38233 0.15922 0.0529 0.01414 0.00322 0.00071 0.00015 7e-05 1e-05 0 0 0 0 0 0 0 0 0 
1 0.69857 0.37942 0.15717 0.0524 0.01488 0.00361 0.00091 0.0001 3e-05 0 0 0 0 0 0 0 0 0 0 
1 0.69841 0.38258 0.15985 0.05397 0.01522 0.00379 0.00085 0.00022 3e-05 1e-05 0 0 0 0 0 0 0 0 0 
1 0.7011 0.38612 0.16103 0.05343 0.01545 0.00419 0.00086 0.00024 2e-05 0 0 0 0 0 0 0 0 0 0 
1 0.69738 0.38441 0.16174 0.05465 0.01547 0.00403 0.00083 0.00023 6e-05 0 0 0 0 0 0 0 0 0 0 
1 0.70005 0.38121 0.16011 0.05088 0.01412 0.00354 0.00075 0.00017 5e-05 3e-05 0 0 0 0 0 0 0 0 0 
1 0.70149 0.3865 0.16244 0.0545 0.01513 0.00424 0.00115 0.00033 7e-05 1e-05 0 0 0 0 0 0 0 0 0 
1 0.69829 0.37985 0.15813 0.05261 0.0148 0.00364 0.00078 0.00012 2e-05 0 0 0 0 0 0 0 0 0 0 
1 0.69897 0.38104 0.15784 0.05258 0.01488 0.0033 0.00064 0.00015 4e-05 0 0 0 0 0 0 0 0 0 0 
1 0.70103 0.38404 0.1588 0.05357 0.01506 0.00339 0.00087 0.00025 5e-05 1e-05 0 0 0 0 0 0 0 0 0 
1 0.70146 0.38289 0.16142 0.05311 0.01417 0.00334 0.00079 0.00017 5e-05 2e-05 0 0 0 0 0 0 0 0 0 
1 0.69788 0.38268 0.16155 0.05333 0.01441 0.00309 0.00076 0.00013 5e-05 0 0 0 0 0 0 0 0 0 0 
1 0.70021 0.38388 0.15867 0.05193 0.0141 0.00355 0.00078 0.00014 2e-05 0 0 0 0 0 0 0 0 0 0 
1 0.69992 0.38196 0.15904 0.05255 0.01465 0.00373 0.00074 0.00017 5e-05 0 0 0 0 0 0 0 0 0 0 
1 0.70032 0.38437 0.16116 0.05358 0.01527 0.00405 0.00086 0.00015 5e-05 1e-05 1e-05 0 0 0 0 0 0 0 0 
1 0.69838 0.37775 0.15718 0.05332 0.01511 0.00374 0.00103 0.00017 3e-05 0 0 0 0 0 0 0 0 0 0 
1 0.69885 0.38002 0.15816 0.05259 0.01491 0.00399 0.00093 0.00019 2e-05 0 0 0 0 0 0 0 0 0 0 
1 0.69809 0.38248 0.16 0.05195 0.01415 0.00363 0.00074 0.00018 2e-05 0 0 0 0 0 0 0 0 0 0 
1 0.70072 0.38321 0.16109 0.05429 0.01508 0.00405 0.00087 0.00017 4e-05 0 0 0 0 0 0 0 0 0 0 
1 0.70012 0.38467 0.1621 0.05474 0.01498 0.00373 0.00082 0.0002 4e-05 1e-05 0 0 0 0 0 0 0 0 0 
1 0.69962 0.38266 0.16138 0.05331 0.01568 0.004 0.00086 0.00023 3e-05 0 0 0 0 0 0 0 0 0 0 
1 0.69703 0.38095 0.15958 0.05209 0.01444 0.0036 0.0007 0.00013 1e-05 0 0 0 0 0 0 0 0 0 0 
1 0.69987 0.38413 0.1621 0.05323 0.01492 0.00363 0.00089 0.00011 1e-05 0 0 0 0 0 0 0 0 0 0 
1 0.70143 0.38456 0.15902 0.0532 0.01503 0.00334 0.00073 0.00015 4e-05 1e-05 0 0 0 0 0 0 0 0 0 
1 0.69752 0.38203 0.15923 0.05366 0.01526 0.0038 0.00098 0.00014 4e-05 2e-05 1e-05 0 0 0 0 0 0 0 0 
1 0.69994 0.38196 0.16042 0.05287 0.01434 0.00379 0.00078 0.00021 6e-05 1e-05 0 0 0 0 0 0 0 0 0 
1 0.70076 0.38407 0.16025 0.05327 0.0145 0.00369 0.001 0.00021 5e-05 0 0 0 0 0 0 0 0 0 0 
1 0.70135 0.38557 0.16053 0.05202 0.01437 0.00355 0.00075 0.00015 2e-05 0 0 0 0 0 0 0 0 0 0 
1 0.69999 0.38681 0.16123 0.05391 0.01535 0.00378 0.00084 0.00012 3e-05 1e-05 0 0 0 0 0 0 0 0 0 
1 0.70039 0.38462 0.15995 0.05229 0.01438 0.00347 0.00075 0.00021 5e-05 1e-05 0 0 0 0 0 0 0 0 0 
1 0.69762 0.38055 0.15817 0.05273 0.01495 0.00377 0.0008 0.00013 4.07729e-17 0 0 0 0 0 0 0 0 0 0 
1 0.69913 0.38102 0.15909 0.05296 0.01469 0.00377 0.00092 0.00019 7e-05 1e-05 0 0 0 0 0 0 0 0 0 
1 0.69535 0.37904 0.1593 0.05357 0.01553 0.00408 0.00113 0.00039 0.0001 3e-05 0 0 0 0 0 0 0 0 0 
1 0.69914 0.38406 0.15979 0.053 0.01429 0.00372 0.00082 0.00015 3e-05 0 0 0 0 0 0 0 0 0 0 
1 0.69801 0.38212 0.15921 0.05189 0.01467 0.00363 0.00077 7e-05 2e-05 0 0 0 0 0 0 0 0 0 0 
1 0.70124 0.38603 0.16172 0.05497 0.01613 0.00421 0.00096 0.00022 6e-05 0 0 0 0 0 0 0 0 0 0 
1 0.69751 0.38289 0.16053 0.05432 0.01533 0.00384 0.0008 0.0002 3e-05 1e-05 1e-05 0 0 0 0 0 0 0 0 
1 0.70072 0.385 0.16181 0.05262 0.01405 0.00361 0.00078 0.00018 4e-05 2e-05 1e-05 0 0 0 0 0 0 0 0 
1 0.70081 0.38591 0.16314 0.05508 0.01563 0.00397 0.00095 0.00018 3e-05 1e-05 0 0 0 0 0 0 0 0 0 
1 0.69823 0.38203 0.15899 0.05393 0.01495 0.00334 0.00087 0.00028 6e-05 3e-05 1e-05 0 0 0 0 0 0 0 0 
1 0.69647 0.38122 0.16019 0.05384 0.01553 0.0038 0.00088 0.00022 1e-05 0 0 0 0 0 0 0 0 0 0 
1 0.69783 0.37989 0.15788 0.05302 0.01444 0.00346 0.00073 0.00018 5e-05 0 0 0 0 0 0 0 0 0 0 
1 0.70053 0.38353 0.1587 0.05226 0.0151 0.00357 0.0007 0.00014 1e-05 0 0 0 0 0 0 0 0 0 0 
1 0.70096 0.38443 0.16328 0.05504 0.01564 0.00408 0.00098 0.00023 8e-05 0 0 0 0 0 0 0 0 0 0 
1 0.69898 0.3794 0.15868 0.05231 0.01509 0.00361 0.00095 0.00023 8e-05 3e-05 0 0 0 0 0 0 0 0 0 
1 0.69981 0.38581 0.16384 0.05679 0.01659 0.00436 0.00102 0.00024 5e-05 1e-05 0 0 0 0 0 0 0 0 0 
1 0.69956 0.38361 0.16259 0.05466 0.01553 0.00375 0.00071 0.00014 3e-05 0 0 0 0 0 0 0 0 0 0 
1 0.70046 0.38369 0.1603 0.05247 0.0156 0.00401 0.00076 0.00017 1e-05 0 0 0 0 0 0 0 0 0 0 
1 0.70426 0.38769 0.16242 0.05462 0.01535 0.00375 0.00081 0.00017 5e-05 1e-05 0 0 0 0 0 0 0 0 0 
1 0.69958 0.38264 0.16084 0.05377 0.01464 0.00356 0.00084 0.00017 2e-05 0 0 0 0 0 0 0 0 0 0 
1 0.70226 0.38585 0.16233 0.0531 0.01443 0.0035 0.00073 0.0001 3e-05 0 0 0 0 0 0 0 0 0 0 
1 0.70102 0.38629 0.16328 0.0545 0.01514 0.00391 0.00089 0.00019 3e-05 0 0 0 0 0 0 0 0 0 0 
1 0.69808 0.38049 0.15981 0.0518 0.01485 0.00334 0.00065 0.00015 2e-05 0 0 0 0 0 0 0 0 0 0 
1 0.69978 0.38406 0.16182 0.05382 0.01505 0.00365 0.00085 0.00025 0.00011 4e-05 1e-05 0 0 0 0 0 0 0 0 
1 0.69917 0.38241 0.15975 0.05287 0.01576 0.00379 0.00093 0.00019 5e-05 0 0 0 0 0 0 0 0 0 0 
1 0.69933 0.38117 0.1562 0.05227 0.01522 0.00391 0.0009 0.00019 3e-05 1e-05 0 0 0 0 0 0 0 0 0 
1 0.69875 0.3811 0.15688 0.05239 0.01467 0.00373 0.00098 0.00024 4e-05 1e-05 0 0 0 0 0 0 0 0 0 
1 0.70177 0.38559 0.16197 0.05399 0.01519 0.00346 0.00078 0.00016 1e-05 0 0 0 0 0 0 0 0 0 0 
1 0.69948 0.38185 0.15999 0.05333 0.01485 0.00345 0.00074 0.00012 1e-05 0 0 0 0 0 0 0 0 0 0 
1 0.69973 0.38434 0.15998 0.05315 0.015 0.0035 0.00068 0.00016 1e-05 0 0 0 0 0 0 0 0 0 0 
1 0.70023 0.38242 0.15772 0.05295 0.01507 0.00402 0.0009 0.00023 3e-05 2e-05 1e-05 0 0 0 0 0 0 0 0 
1 0.69714 0.38045 0.15655 0.05192 0.01474 0.00347 0.0009 0.0002 2e-05 1e-05 0 0 0 0 0 0 0 0 0 
1 0.70239 0.38528 0.16018 0.05344 0.01459 0.0036 0.00095 0.00019 3e-05 0 0 0 0 0 0 0 0 0 0 
1 0.69932 0.38202 0.16039 0.05366 0.0153 0.00375 0.00096 0.0002 5e-05 1e-05 0 0 0 0 0 0 0 0 0 
1 0.70208 0.38133 0.16004 0.05342 0.01427 0.00318 0.00079 0.00019 8e-05 0 0 0 0 0 0 0 0 0 0 
1 0.70213 0.38273 0.16028 0.05324 0.01444 0.00345 0.00073 0.0002 3e-05 1e-05 0 0 0 0 0 0 0 0 0 
1 0.69756 0.38253 0.15792 0.05224 0.01398 0.00338 0.00097 0.00019 4e-05 0 0 0 0 0 0 0 0 0 0 
1 0.69824 0.38078 0.15914 0.05373 0.01512 0.00416 0.00102 0.00031 0.00011 3e-05 1e-05 0 0 0 0 0 0 0 0 
1 0.69897 0.38393 0.16017 0.05346 0.01557 0.00407 0.00108 0.00032 0.00011 3e-05 0 0 0 0 0 0 0 0 0 
1 0.70446 0.3868 0.16318 0.05478 0.01486 0.00352 0.00076 0.00024 5e-05 2e-05 0 0 0 0 0 0 0 0 0 
1 0.69894 0.38244 0.15785 0.05242 0.01416 0.00316 0.00085 0.00016 1e-05 0 0 0 0 0 0 0 0 0 0 
1 0.6986 0.38553 0.16197 0.05433 0.01535 0.00397 0.00098 0.00019 4e-05 2e-05 0 0 0 0 0 0 0 0 0 
1 0.70086 0.38577 0.16249 0.05424 0.01539 0.00383 0.00088 0.0002 3e-05 0 0 0 0 0 0 0 0 0 0 
1 0.69939 0.38225 0.15868 0.05256 0.01441 0.00413 0.00094 0.00022 5e-05 1e-05 0 0 0 0 0 0 0 0 0 
1 0.69923 0.38553 0.16077 0.05416 0.01527 0.00367 0.00098 0.00017 2e-05 0 0 0 0 0 0 0 0 0 0 
1 0.70026 0.38537 0.16003 0.05462 0.01557 0.00441 0.00101 0.00022 2e-05 1e-05 0 0 0 0 0 0 0 0 0 
1 0.69787 0.37947 0.15824 0.05235 0.01489 0.00409 0.0009 0.00023 5e-05 1e-05 1e-05 0 0 0 0 0 0 0 0 
1 0.70484 0.38823 0.16272 0.05347 0.01526 0.0037 0.00073 0.00017 3e-05 0 0 0 0 0 0 0 0 0 0 
1 0.69939 0.38572 0.16283 0.05385 0.01478 0.00362 0.00087 0.00026 6e-05 1e-05 1e-05 0 0 0 0 0 0 0 0 
1 0.7017 0.38404 0.16111 0.05435 0.01501 0.0039 0.00083 0.00021 7e-05 1e-05 0 0 0 0 0 0 0 0 0 
1 0.70224 0.38278 0.16252 0.05352 0.01506 0.00376 0.00095 0.00016 3e-05 0 0 0 0 0 0 0 0 0 0 
1 0.69787 0.38295 0.16138 0.05464 0.01576 0.00389 0.00094 0.00021 5e-05 0 0 0 0 0 0 0 0 0 0 
1 0.69763 0.37987 0.15852 0.05307 0.01528 0.00393 0.0008 0.00024 8e-05 1e-05 0 0 0 0 0 0 0 0 0 
1 0.6994 0.37953 0.15742 0.0528 0.01401 0.0031 0.0008 0.00019 5e-05 1e-05 0 0 0 0 0 0 0 0 0 
1 0.69757 0.3824 0.15847 0.05344 0.01504 0.00384 0.00096 0.00027 2e-05 0 0 0 0 0 0 0 0 0 0 
1 0.69971 0.38185 0.15928 0.05255 0.01529 0.00396 0.00094 0.00019 4e-05 1e-05 0 0 0 0 0 0 0 0 0 
1 0.70223 0.38474 0.16097 0.05374 0.0149 0.00367 0.00071 0.00014 3e-05 0 0 0 0 0 0 0 0 0 0 
1 0.69684 0.37992 0.1571 0.0529 0.01443 0.00356 0.00071 0.00015 3e-05 0 0 0 0 0 0 0 0 0 0 
1 0.70183 0.38498 0.15992 0.05266 0.01415 0.00352 0.00077 0.00012 4e-05 1e-05 0 0 0 0 0 0 0 0 0 
1 0.70061 0.38575 0.16057 0.05428 0.01518 0.00425 0.00112 0.00025 3e-05 0 0 0 0 0 0 0 0 0 0 
1 0.69955 0.38244 0.1574 0.0513 0.0141 0.00352 0.00073 0.00014 2e-05 1e-05 0 0 0 0 0 0 0 0 0 
1 0.70083 0.38319 0.15887 0.05358 0.015 0.00379 0.00072 0.00022 1e-05 0 0 0 0 0 0 0 0 0 0 
1 0.70129 0.38266 0.15993 0.05306 0.01536 0.00372 0.00095 0.00028 5e-05 0 0 0 0 0 0 0 0 0 0 
1 0.6984 0.38205 0.16024 0.05265 0.01488 0.0036 0.0007 0.00017 2e-05 1e-05 0 0 0 0 0 0 0 0 0 
1 0.69981 0.384 0.16022 0.05398 0.01473 0.00382 0.00077 0.00016 4e-05 2e-05 0 0 0 0 0 0 0 0 0 
1 0.70127 0.38052 0.15795 0.05272 0.01465 0.00365 0.00076 0.00013 1e-05 0 0 0 0 0 0 0 0 0 0 
1 0.69804 0.38074 0.16019 0.05317 0.01401 0.00346 0.00082 0.00018 7e-05 1e-05 0 0 0 0 0 0 0 0 0 
1 0.69945 0.38389 0.15966 0.05232 0.01446 0.00393 0.00093 0.00027 5e-05 1e-05 0 0 0 0 0 0 0 0 0 
1 0.69993 0.38279 0.15835 0.05227 0.01438 0.00366 0.00098 0.00019 4e-05 0 0 0 0 0 0 0 0 0 0 
1 0.69946 0.38248 0.16034 0.05313 0.01547 0.00407 0.00084 0.00017 2e-05 1e-05 0 0 0 0 0 0 0 0 0 
1 0.6995 0.38309 0.16004 0.05428 0.01571 0.00397 0.00081 0.00012 4.15556e-17 0 0 0 0 0 0 0 0 0 0 
1 0.69826 0.37974 0.15936 0.05389 0.0152 0.00359 0.00082 0.00021 7e-05 1e-05 0 0 0 0 0 0 0 0 0 
1 0.69676 0.38311 0.16111 0.05339 0.01536 0.0037 0.00086 0.00028 6e-05 1e-05 0 0 0 0 0 0 0 0 0 
1 0.69986 0.38399 0.15989 0.05332 0.01531 0.00386 0.00091 0.00025 6e-05 0 0 0 0 0 0 0 0 0 0 
1 0.69906 0.38132 0.16025 0.05296 0.01462 0.00383 0.00098 0.00021 8e-05 3e-05 0 0 0 0 0 0 0 0 0 
1 0.6983 0.38062 0.16075 0.05352 0.0154 0.00437 0.00106 0.0002 6e-05 4e-05 0 0 0 0 0 0 0 0 0 
1 0.70017 0.38538 0.1614 0.05381 0.01482 0.00351 0.00083 0.00016 5e-05 3e-05 0 0 0 0 0 0 0 0 0 
1 0.70298 0.38622 0.16183 0.05356 0.0147 0.00357 0.00073 0.00019 5e-05 1e-05 0 0 0 0 0 0 0 0 0 
1 0.70271 0.38642 0.16208 0.05476 0.01604 0.00384 0.00094 0.00016 2e-05 0 0 0 0 0 0 0 0 0 0 
1 0.70122 0.38317 0.15775 0.05312 0.01481 0.0036 0.00075 0.00016 2e-05 0 0 0 0 0 0 0 0 0 0 
1 0.7004 0.38475 0.16205 0.05441 0.01549 0.00395 0.00094 0.00025 7e-05 0 0 0 0 0 0 0 0 0 0 
1 0.70077 0.38169 0.16139 0.05278 0.01476 0.00355 0.00085 0.00018 4e-05 2e-05 0 0 0 0 0 0 0 0 0 
1 0.69888 0.38335 0.16024 0.05333 0.01485 0.00361 0.00083 0.00018 5e-05 0 0 0 0 0 0 0 0 0 0 
1 0.70111 0.38364 0.15932 0.05289 0.01509 0.00394 0.00087 0.00018 3e-05 1e-05 0 0 0 0 0 0 0 0 0 
1 0.69895 0.38245 0.15885 0.05241 0.01435 0.00326 0.00072 0.00016 2e-05 0 0 0 0 0 0 0 0 0 0 
1 0.69884 0.38534 0.16205 0.05496 0.01539 0.004 0.00093 0.00016 1e-05 0 0 0 0 0 0 0 0 0 0 
1 0.69699 0.38223 0.16022 0.05484 0.01587 0.00432 0.00096 0.00024 7e-05 2e-05 0 0 0 0 0 0 0 0 0 
1 0.69979 0.38659 0.16294 0.05582 0.01573 0.00415 0.00098 0.00017 4e-05 2e-05 0 0 0 0 0 0 0 0 0 
1 0.70039 0.38512 0.16228 0.05488 0.01526 0.0037 0.00078 0.00011 1e-05 0 0 0 0 0 0 0 0 0 0 
1 0.70084 0.38273 0.15844 0.05378 0.0158 0.00392 0.00091 0.0002 4e-05 1e-05 0 0 0 0 0 0 0 0 0 
1 0.70056 0.38424 0.16025 0.05382 0.01558 0.00384 0.00092 9e-05 1e-05 0 0 0 0 0 0 0 0 0 0 
1 0.70281 0.38712 0.16274 0.05337 0.01499 0.00364 0.00087 0.00021 4e-05 1e-05 0 0 0 0 0 0 0 0 0 
1 0.70019 0.37927 0.1569 0.05139 0.01487 0.00367 0.00084 0.00016 2e-05 0 0 0 0 0 0 0 0 0 0 
1 0.69822 0.38143 0.15882 0.05237 0.01424 0.00355 0.0009 0.00014 1e-05 0 0 0 0 0 0 0 0 0 0 
1 0.69697 0.38044 0.15658 0.05155 0.01451 0.00351 0.00081 0.00015 3e-05 0 0 0 0 0 0 0 0 0 0 
1 0.70041 0.3851 0.16258 0.05407 0.01498 0.00389 0.00082 0.00011 2e-05 0 0 0 0 0 0 0 0 0 0 
1 0.70084 0.38227 0.15843 0.05291 0.01489 0.0038 0.00094 0.00023 5e-05 0 0 0 0 0 0 0 0 0 0 
1 0.69598 0.3826 0.1607 0.05278 0.01505 0.00433 0.00106 0.00018 2e-05 0 0 0 0 0 0 0 0 0 0 
1 0.70202 0.38376 0.16031 0.05337 0.01465 0.00352 0.00075 0.00013 1e-05 0 0 0 0 0 0 0 0 0 0 
1 0.70146 0.38411 0.16053 0.05332 0.01484 0.00311 0.00065 0.00012 2e-05 0 0 0 0 0 0 0 0 0 0 
1 0.7024 0.38356 0.16019 0.05327 0.01484 0.00345 0.00076 0.00016 2e-05 0 0 0 0 0 0 0 0 0 0 
1 0.70126 0.38434 0.16032 0.05405 0.01509 0.00348 0.00079 0.00016 3e-05 0 0 0 0 0 0 0 0 0 0 
1 0.69665 0.38041 0.15775 0.05106 0.01427 0.00342 0.00073 8e-05 1e-05 1e-05 1e-05 0 0 0 0 0 0 0 0 
1 0.70303 0.3864 0.16208 0.05509 0.01573 0.00397 0.00081 0.00019 1e-05 1e-05 0 0 0 0 0 0 0 0 0 
1 0.70152 0.38732 0.1633 0.05507 0.01591 0.00388 0.00079 0.00017 1e-05 0 0 0 0 0 0 0 0 0 0 
1 0.6978 0.38174 0.15812 0.05377 0.01507 0.00378 0.00093 0.00019 4e-05 1e-05 0 0 0 0 0 0 0 0 0 
1 0.69781 0.38314 0.16099 0.05402 0.01509 0.00382 0.00094 0.00023 4e-05 2e-05 1e-05 0 0 0 0 0 0 0 0 
1 0.70014 0.38232 0.16129 0.055 0.01552 0.00399 0.0011 0.00016 2e-05 1e-05 1e-05 0 0 0 0 0 0 0 0 
1 0.70013 0.38054 0.15823 0.05208 0.01475 0.00352 0.00082 0.00019 3e-05 1e-05 0 0 0 0 0 0 0 0 0 
1 0.69876 0.3852 0.16178 0.05475 0.01489 0.00342 0.00064 0.00013 3e-05 0 0 0 0 0 0 0 0 0 0 
1 0.70158 0.38088 0.16169 0.0551 0.01561 0.00356 0.00077 0.00018 3e-05 1e-05 0 0 0 0 0 0 0 0 0 
1 0.70271 0.38632 0.16321 0.05284 0.01427 0.00334 0.00078 0.00019 5e-05 0 0 0 0 0 0 0 0 0 0 
1 0.69936 0.38356 0.16006 0.05399 0.01519 0.0039 0.00108 0.00019 4e-05 0 0 0 0 0 0 0 0 0 0 
1 0.69886 0.38372 0.15947 0.05239 0.01507 0.00384 0.00085 0.00016 1e-05 0 0 0 0 0 0 0 0 0 0 
1 0.70102 0.38502 0.15931 0.05406 0.01511 0.00411 0.00086 0.00019 5e-05 1e-05 0 0 0 0 0 0 0 0 0 
1 0.70164 0.38323 0.16086 0.05267 0.01426 0.00318 0.00066 0.0001 1e-05 1e-05 0 0 0 0 0 0 0 0 0 
1 0.7025 0.38566 0.16289 0.05533 0.01542 0.00393 0.0009 0.00017 6e-05 1e-05 0 0 0 0 0 0 0 0 0 
1 0.69985 0.38214 0.16219 0.05443 0.01526 0.0038 0.00074 0.00017 4e-05 2e-05 2e-05 0 0 0 0 0 0 0 0 
1 0.69856 0.3824 0.15778 0.05191 0.01417 0.00339 0.00093 0.00018 5e-05 0 0 0 0 0 0 0 0 0 0 
1 0.70096 0.38421 0.16246 0.05502 0.01591 0.00423 0.00084 0.0002 4e-05 0 0 0 0 0 0 0 0 0 0 
1 0.70126 0.38343 0.16109 0.05371 0.01536 0.00409 0.00087 0.00014 1e-05 0 0 0 0 0 0 0 0 0 0 
1 0.69822 0.37812 0.15705 0.05227 0.01486 0.00334 0.00058 0.00014 2e-05 0 0 0 0 0 0 0 0 0 0 
1 0.70107 0.3882 0.16281 0.0545 0.01491 0.00373 0.00083 0.00019 2e-05 5.55112e-17 0 0 0 0 0 0 0 0 0 
1 0.70099 0.3872 0.16191 0.05519 0.0158 0.00429 0.00102 0.00021 8e-05 1e-05 0 0 0 0 0 0 0 0 0 
1 0.69965 0.38329 0.16044 0.05349 0.01539 0.00402 0.00098 0.00026 5e-05 2e-05 0 0 0 0 0 0 0 0 0 
1 0.69826 0.38016 0.15726 0.05097 0.01405 0.00366 0.00083 0.00018 3e-05 2e-05 0 0 0 0 0 0 0 0 0 
1 0.70336 0.38615 0.16346 0.05455 0.01629 0.00453 0.00116 0.00031 5e-05 1e-05 0 0 0 0 0 0 0 0 0 
1 0.69889 0.38274 0.15986 0.05376 0.01505 0.00386 0.00088 0.00013 2e-05 2e-05 1e-05 1e-05 0 0 0 0 0 0 0 
1 0.69897 0.38261 0.16092 0.05393 0.01527 0.00353 0.00085 0.0002 4e-05 0 0 0 0 0 0 0 0 0 0 
1 0.69943 0.38327 0.15905 0.05315 0.01582 0.00389 0.00086 0.00018 5e-05 1e-05 0 0 0 0 0 0 0 0 0 
1 0.7005 0.38401 0.1598 0.05245 0.01454 0.00348 0.00084 0.00021 7e-05 1e-05 0 0 0 0 0 0 0 0 0 
1 0.69946 0.38113 0.15957 0.05379 0.01531 0.00424 0.00096 0.00019 7e-05 1e-05 0 0 0 0 0 0 0 0 0 
1 0.69947 0.38381 0.15953 0.0515 0.01446 0.00374 0.00095 0.00021 7e-05 2e-05 0 0 0 0 0 0 0 0 0 
1 0.69926 0.38232 0.15636 0.05065 0.01424 0.00344 0.00075 0.00014 4e-05 1e-05 0 0 0 0 0 0 0 0 0 
1 0.69808 0.38278 0.15889 0.05228 0.01455 0.00398 0.00088 0.00022 5e-05 2e-05 1e-05 0 0 0 0 0 0 0 0 
1 0.69969 0.38228 0.16006 0.05437 0.01455 0.00346 0.00087 0.00017 3e-05 0 0 0 0 0 0 0 0 0 0 
1 0.70036 0.38476 0.16198 0.05521 0.01533 0.00396 0.0009 0.00021 4e-05 1e-05 0 0 0 0 0 0 0 0 0 
1 0.70062 0.38206 0.1569 0.05102 0.01416 0.00349 0.00079 0.00012 2e-05 0 0 0 0 0 0 0 0 0 0 
1 0.69805 0.38145 0.15904 0.05236 0.01457 0.00335 0.00089 0.0001 1e-05 0 0 0 0 0 0 0 0 0 0 
1 0.69958 0.38406 0.16148 0.05328 0.01529 0.00358 0.00087 0.00015 3e-05 0 0 0 0 0 0 0 0 0 0 
1 0.70028 0.38339 0.16111 0.05307 0.01473 0.00364 0.00082 0.00021 6e-05 0 0 0 0 0 0 0 0 0 0 
1 0.70132 0.38356 0.16147 0.05388 0.01437 0.00338 0.00078 0.00012 3e-05 0 0 0 0 0 0 0 0 0 0 
1 0.69839 0.38259 0.15909 0.05253 0.01425 0.00344 0.00079 0.00018 3e-05 1e-05 0 0 0 0 0 0 0 0 0 
1 0.69888 0.3828 0.16062 0.05273 0.01477 0.00358 0.00078 0.00015 2e-05 0 0 0 0 0 0 0 0 0 0 
1 0.69925 0.38564 0.16295 0.05366 0.0149 0.00339 0.00076 0.00014 1e-05 1e-05 0 0 0 0 0 0 0 0 0 
1 0.69939 0.38192 0.1611 0.0537 0.01519 0.00423 0.00109 0.00036 0.00019 6e-05 2e-05 0 0 0 0 0 0 0 0 
1 0.70123 0.38693 0.16202 0.05418 0.01523 0.00377 0.00087 0.00023 7e-05 1e-05 0 0 0 0 0 0 0 0 0 
1 0.70223 0.38318 0.15909 0.05303 0.01516 0.00371 0.00084 0.00026 5e-05 2e-05 0 0 0 0 0 0 0 0 0 
1 0.69873 0.38313 0.16046 0.05299 0.0148 0.00366 0.00085 0.00024 7e-05 2e-05 1e-05 0 0 0 0 0 0 0 0 
1 0.70196 0.38406 0.16122 0.05355 0.01493 0.00368 0.00081 0.00013 2e-05 1e-05 0 0 0 0 0 0 0 0 0 
1 0.69995 0.38433 0.15988 0.05259 0.01399 0.0032 0.00092 0.00013 2e-05 0 0 0 0 0 0 0 0 0 0 
1 0.70148 0.38366 0.15977 0.05264 0.01493 0.00385 0.00097 0.00019 6e-05 2e-05 0 0 0 0 0 0 0 0 0 
1 0.7003 0.38056 0.15701 0.05177 0.01455 0.00367 0.00089 0.0002 3e-05 1e-05 0 0 0 0 0 0 0 0 0 
1 0.69798 0.38089 0.15998 0.05285 0.01479 0.00366 0.00083 0.00026 6e-05 1e-05 1e-05 0 0 0 0 0 0 0 0 
1 0.70113 0.38202 0.15867 0.05205 0.01453 0.00328 0.0007 0.0001 1e-05 0 0 0 0 0 0 0 0 0 0 
1 0.70154 0.38543 0.16312 0.05454 0.01499 0.00371 0.00071 0.00019 5e-05 0 0 0 0 0 0 0 0 0 0 
1 0.70245 0.38298 0.1606 0.05367 0.01504 0.00359 0.00081 0.00017 3e-05 0 0 0 0 0 0 0 0 0 0 
1 0.69825 0.38316 0.15917 0.05266 0.0148 0.00352 0.00082 0.00012 1e-05 0 0 0 0 0 0 0 0 0 0 
1 0.70309 0.38782 0.16248 0.0547 0.01624 0.00454 0.0013 0.00029 0.00011 3e-05 1e-05 0 0 0 0 0 0 0 0 
1 0.70186 0.38278 0.15801 0.05298 0.01495 0.00342 0.00074 0.00014 3e-05 1e-05 1e-05 0 0 0 0 0 0 0 0 
1 0.69874 0.38165 0.15839 0.05152 0.0144 0.00307 0.00076 0.00015 0 0 0 0 0 0 0 0 0 0 0 
1 0.70062 0.38516 0.16096 0.0532 0.01479 0.00375 0.00089 0.00024 3e-05 0 0 0 0 0 0 0 0 0 0 
1 0.70036 0.38402 0.161 0.05368 0.01499 0.0037 0.00091 0.00025 5e-05 4.49224e-17 0 0 0 0 0 0 0 0 0 
1 0.7004 0.38451 0.16121 0.0532 0.0143 0.0033 0.00075 7e-05 1e-05 0 0 0 0 0 0 0 0 0 0 
1 0.69931 0.38226 0.15933 0.05222 0.01448 0.00345 0.00062 0.00014 3e-05 0 0 0 0 0 0 0 0 0 0 
1 0.70116 0.38482 0.1586 0.05251 0.01432 0.00331 0.00084 0.00012 0 0 0 0 0 0 0 0 0 0 0 
1 0.70008 0.38594 0.16215 0.05267 0.01471 0.00363 0.00083 0.00022 3e-05 1e-05 0 0 0 0 0 0 0 0 0 
1 0.70072 0.3819 0.15802 0.05158 0.01375 0.00318 0.00065 0.0001 1e-05 1e-05 0 0 0 0 0 0 0 0 0 
1 0.69847 0.38296 0.16239 0.05471 0.01593 0.00412 0.00106 0.00023 7e-05 2e-05 0 0 0 0 0 0 0 0 0 
1 0.69999 0.38436 0.15988 0.05296 0.01478 0.00389 0.0008 0.00014 4e-05 1e-05 0 0 0 0 0 0 0 0 0 
1 0.70009 0.38277 0.16056 0.05454 0.01553 0.00397 0.00111 0.00022 2e-05 1e-05 0 0 0 0 0 0 0 0 0 
1 0.70242 0.38514 0.16114 0.05383 0.01471 0.00369 0.00084 0.00019 5e-05 1e-05 0 0 0 0 0 0 0 0 0 
1 0.70103 0.38333 0.1593 0.05305 0.01457 0.00339 0.00072 0.00014 2e-05 0 0 0 0 0 0 0 0 0 0 
1 0.70161 0.38209 0.15729 0.05209 0.01495 0.00374 0.00094 0.00022 6e-05 0 0 0 0 0 0 0 0 0 0 
1 0.70175 0.38504 0.16043 0.05473 0.0163 0.00387 0.00089 0.00016 7e-05 0 0 0 0 0 0 0 0 0 0 
1 0.69999 0.38102 0.15961 0.05282 0.01493 0.00364 0.0009 0.00018 3e-05 1e-05 0 0 0 0 0 0 0 0 0 
1 0.69909 0.3825 0.15857 0.05338 0.01491 0.00352 0.00084 0.00017 4e-05 0 0 0 0 0 0 0 0 0 0 
1 0.69952 0.38246 0.15771 0.05188 0.01403 0.00337 0.00068 0.00011 0 0 0 0 0 0 0 0 0 0 0 
1 0.70542 0.38571 0.16103 0.05251 0.01474 0.00392 0.00094 0.00028 0.0001 6e-05 3e-05 1.14408e-17 0 0 0 0 0 0 0 
1 0.69896 0.38091 0.16148 0.05375 0.01539 0.00393 0.00106 0.00022 4.24688e-17 0 0 0 0 0 0 0 0 0 0 
1 0.69987 0.38012 0.15666 0.05 0.014 0.00369 0.00089 0.00023 6e-05 0 0 0 0 0 0 0 0 0 0 
1 0.70112 0.38502 0.16235 0.05481 0.0159 0.00409 0.00097 0.00021 4e-05 0 0 0 0 0 0 0 0 0 0 
1 0.69951 0.38146 0.16083 0.05414 0.01458 0.00394 0.00075 0.00014 6e-05 1e-05 0 0 0 0 0 0 0 0 0 
1 0.69819 0.3828 0.15948 0.05138 0.01413 0.00351 0.00083 0.00012 1e-05 0 0 0 0 0 0 0 0 0 0 
1 0.69971 0.37964 0.1576 0.05298 0.01457 0.00373 0.00092 0.00021 5e-05 1e-05 0 0 0 0 0 0 0 0 0 
1 0.6978 0.38248 0.16021 0.05398 0.01486 0.00388 0.001 0.00018 5e-05 2e-05 1e-05 0 0 0 0 0 0 0 0 
1 0.70294 0.38596 0.161 0.05281 0.01449 0.00337 0.00082 7e-05 0 0 0 0 0 0 0 0 0 0 0 
1 0.69773 0.38102 0.15654 0.05188 0.01453 0.00369 0.00093 0.00021 4e-05 0 0 0 0 0 0 0 0 0 0 
1 0.70077 0.38301 0.16101 0.05465 0.01605 0.00415 0.00103 0.00021 5e-05 1e-05 3.54827e-17 0 0 0 0 0 0 0 0 
1 0.69789 0.37955 0.15672 0.05204 0.01411 0.00326 0.0007 0.00012 1e-05 0 0 0 0 0 0 0 0 0 0 
1 0.69953 0.3827 0.16087 0.05448 0.01588 0.00421 0.00103 0.00022 5e-05 1e-05 1e-05 1e-05 0 0 0 0 0 0 0 
1 0.6988 0.38312 0.15971 0.05291 0.01485 0.00341 0.00065 7e-05 1e-05 0 0 0 0 0 0 0 0 0 0 
1 0.70189 0.38723 0.16162 0.05431 0.01515 0.00335 0.00086 0.00014 4e-05 2e-05 1e-05 0 0 0 0 0 0 0 0 
1 0.69891 0.38149 0.15926 0.05325 0.01456 0.00364 0.0009 0.00016 3e-05 0 0 0 0 0 0 0 0 0 0 
1 0.70124 0.38258 0.1605 0.05356 0.01503 0.00352 0.00094 0.0002 3e-05 0 0 0 0 0 0 0 0 0 0 
1 0.70461 0.38422 0.16157 0.0535 0.01482 0.00372 0.00097 0.00026 6e-05 0 0 0 0 0 0 0 0 0 0 
1 0.70067 0.38389 0.15845 0.05212 0.01455 0.00368 0.00083 0.00016 5e-05 1e-05 0 0 0 0 0 0 0 0 0 
1 0.70118 0.38119 0.15575 0.05101 0.01399 0.00341 0.0007 0.00016 2e-05 1e-05 0 0 0 0 0 0 0 0 0 
1 0.69979 0.38198 0.16037 0.05405 0.01558 0.00382 0.00088 0.00016 3e-05 0 0 0 0 0 0 0 0 0 0 
1 0.69975 0.38382 0.16077 0.05433 0.01515 0.00371 0.00098 0.00032 9e-05 3e-05 2.66925e-17 0 0 0 0 0 0 0 0 
1 0.69778 0.38124 0.15876 0.05364 0.0156 0.00352 0.00083 0.00018 2e-05 0 0 0 0 0 0 0 0 0 0 
1 0.70103 0.38448 0.1619 0.05461 0.01612 0.00399 0.00075 0.00011 2e-05 2e-05 0 0 0 0 0 0 0 0 0 
1 0.70279 0.38643 0.16151 0.05411 0.01523 0.00379 0.00076 9e-05 2e-05 0 0 0 0 0 0 0 0 0 0 
1 0.70127 0.38369 0.15955 0.05349 0.01476 0.00326 0.00077 0.00019 4e-05 0 0 0 0 0 0 0 0 0 0 
1 0.69932 0.38287 0.15949 0.05345 0.0156 0.00406 0.00103 0.00019 2e-05 0 0 0 0 0 0 0 0 0 0 
1 0.69919 0.3832 0.16143 0.05518 0.01545 0.00384 0.0008 0.00014 3e-05 0 0 0 0 0 0 0 0 0 0 
1 0.70158 0.38459 0.15964 0.05368 0.01486 0.00363 0.00075 0.00013 1e-05 0 0 0 0 0 0 0 0 0 0 
1 0.70165 0.38568 0.16364 0.05496 0.01593 0.00396 0.00105 0.00032 0.00014 4e-05 2e-05 1e-05 0 0 0 0 0 0 0 
1 0.70072 0.38483 0.16079 0.05391 0.01535 0.00379 0.00091 0.00017 4e-05 1e-05 0 0 0 0 0 0 0 0 0 
1 0.70023 0.38068 0.15869 0.05342 0.01447 0.00399 0.00104 0.00024 5e-05 1e-05 0 0 0 0 0 0 0 0 0 
1 0.69965 0.38336 0.1597 0.05236 0.01474 0.0037 0.00066 0.00013 5e-05 2e-05 1e-05 0 0 0 0 0 0 0 0 
1 0.69953 0.38382 0.15937 0.05162 0.01418 0.0036 0.00096 0.00029 5e-05 4.88332e-17 0 0 0 0 0 0 0 0 0 
1 0.70168 0.38522 0.16198 0.05306 0.01528 0.00375 0.00095 0.00022 1e-05 0 0 0 0 0 0 0 0 0 0 
1 0.69835 0.38276 0.16124 0.05384 0.01513 0.00379 0.00097 0.00028 3e-05 1e-05 0 0 0 0 0 0 0 0 0 
1 0.69986 0.38222 0.15834 0.05292 0.01526 0.00383 0.00092 0.00025 8e-05 1e-05 0 0 0 0 0 0 0 0 0 
1 0.69944 0.38398 0.16316 0.05506 0.01508 0.00385 0.00096 0.0002 2e-05 0 0 0 0 0 0 0 0 0 0 
1 0.6993 0.3796 0.15785 0.05176 0.01434 0.00384 0.00068 0.00013 2e-05 1e-05 0 0 0 0 0 0 0 0 0 
1 0.70152 0.38692 0.16086 0.05446 0.01544 0.00381 0.00107 0.0002 5e-05 1e-05 0 0 0 0 0 0 0 0 0 
1 0.70004 0.37976 0.15969 0.05358 0.01497 0.00377 0.00087 0.00024 5e-05 1e-05 1e-05 0 0 0 0 0 0 0 0 
1 0.69859 0.38444 0.16238 0.0534 0.01525 0.00336 0.00056 9e-05 0 0 0 0 0 0 0 0 0 0 0 
1 0.70202 0.38572 0.16108 0.05363 0.01522 0.00347 0.00073 0.00017 4e-05 1e-05 0 0 0 0 0 0 0 0 0 
1 0.69962 0.38449 0.1626 0.05408 0.01571 0.00421 0.00101 0.00023 4e-05 1e-05 0 0 0 0 0 0 0 0 0 
1 0.70148 0.3863 0.16337 0.05468 0.01515 0.00357 0.00067 0.00017 2e-05 0 0 0 0 0 0 0 0 0 0 
1 0.70311 0.38653 0.16194 0.05536 0.01547 0.00406 0.00082 0.00014 5e-05 2e-05 1e-05 0 0 0 0 0 0 0 0 
1 0.70053 0.38539 0.1609 0.05202 0.01383 0.00312 0.00078 0.0002 3e-05 0 0 0 0 0 0 0 0 0 0 
1 0.6982 0.38089 0.15872 0.0543 0.01505 0.00378 0.00096 0.00021 5e-05 0 0 0 0 0 0 0 0 0 0 
1 0.7002 0.38403 0.15982 0.05402 0.01484 0.0041 0.00092 0.00029 0.00012 0 0 0 0 0 0 0 0 0 0 
1 0.69789 0.37978 0.15925 0.05221 0.01423 0.00335 0.00075 0.00012 0 0 0 0 0 0 0 0 0 0 0 
1 0.70063 0.38317 0.15989 0.05276 0.01534 0.00361 0.0008 0.00022 5e-05 1e-05 0 0 0 0 0 0 0 0 0 
1 0.7008 0.38131 0.15959 0.05277 0.01396 0.00349 0.00073 8e-05 1e-05 0 0 0 0 0 0 0 0 0 0 
1 0.70255 0.38427 0.1605 0.05221 0.01493 0.00376 0.00085 0.00022 2e-05 0 0 0 0 0 0 0 0 0 0 
1 0.69884 0.38213 0.15822 0.05144 0.01416 0.00373 0.0008 0.00018 4e-05 1e-05 0 0 0 0 0 0 0 0 0 
1 0.70118 0.38451 0.15952 0.05377 0.01596 0.00394 0.00087 0.00015 1e-05 0 0 0 0 0 0 0 0 0 0 
1 0.69894 0.37936 0.15738 0.05246 0.01478 0.00354 0.00085 0.00018 4e-05 1e-05 0 0 0 0 0 0 0 0 0 
1 0.70104 0.38353 0.16118 0.05496 0.01587 0.00429 0.00103 0.00026 3e-05 0 0 0 0 0 0 0 0 0 0 
1 0.69583 0.38061 0.15742 0.05226 0.01443 0.00331 0.00059 0.00013 3e-05 0 0 0 0 0 0 0 0 0 0 
1 0.70212 0.38573 0.16229 0.05353 0.01458 0.00367 0.00074 0.00012 1e-05 0 0 0 0 0 0 0 0 0 0 
1 0.70032 0.38503 0.15993 0.05344 0.01533 0.00363 0.00067 0.00013 1e-05 0 0 0 0 0 0 0 0 0 0 
1 0.69946 0.38208 0.15904 0.05291 0.01522 0.00361 0.00088 0.00026 5e-05 2e-05 1e-05 0 0 0 0 0 0 0 0 
1 0.70162 0.38078 0.15811 0.05231 0.0143 0.00342 0.00066 0.00017 0 0 0 0 0 0 0 0 0 0 0 
1 0.70204 0.38239 0.16173 0.05327 0.01499 0.0041 0.00076 0.00015 5e-05 3e-05 0 0 0 0 0 0 0 0 0 
1 0.69997 0.38103 0.1596 0.05394 0.01577 0.00437 0.00079 0.00025 5e-05 1e-05 1e-05 1e-05 0 0 0 0 0 0 0 
1 0.69797 0.38304 0.16011 0.0539 0.01504 0.00373 0.00083 0.00011 3e-05 0 0 0 0 0 0 0 0 0 0 
1 0.69676 0.3814 0.16107 0.05403 0.01487 0.0037 0.00086 0.00022 1e-05 0 0 0 0 0 0 0 0 0 0 
1 0.69994 0.38266 0.15944 0.05372 0.01494 0.00393 0.00093 0.00021 7e-05 3e-05 0 0 0 0 0 0 0 0 0 
1 0.70213 0.38328 0.15913 0.05329 0.01533 0.00356 0.00047 0.00012 4e-05 2e-05 0 0 0 0 0 0 0 0 0 
1 0.69981 0.38129 0.15844 0.05336 0.01501 0.00362 0.00083 0.00016 0 0 0 0 0 0 0 0 0 0 0 
1 0.70111 0.3847 0.15939 0.05239 0.01504 0.00366 0.001 0.00021 3e-05 0 0 0 0 0 0 0 0 0 0 
1 0.70088 0.38323 0.16097 0.05362 0.015 0.00381 0.00085 0.00019 5e-05 1e-05 0 0 0 0 0 0 0 0 0 
1 0.70066 0.38434 0.16252 0.05546 0.01597 0.00404 0.001 0.00016 2e-05 0 0 0 0 0 0 0 0 0 0 
1 0.69753 0.37989 0.1577 0.05163 0.0147 0.00351 0.00097 0.00021 1e-05 0 0 0 0 0 0 0 0 0 0 
1 0.70174 0.38319 0.16053 0.05249 0.01515 0.00383 0.00087 0.00011 0 0 0 0 0 0 0 0 0 0 0 
1 0.70084 0.38387 0.16241 0.0533 0.01481 0.00399 0.00103 0.00029 4e-05 1e-05 1e-05 0 0 0 0 0 0 0 0 
1 0.70085 0.38306 0.15996 0.05283 0.01428 0.00337 0.00076 0.00016 1e-05 0 0 0 0 0 0 0 0 0 0 
1 0.69868 0.38502 0.16122 0.0545 0.01588 0.00394 0.00086 0.00023 7e-05 1e-05 1e-05 0 0 0 0 0 0 0 0 
1 0.70162 0.38432 0.16012 0.05186 0.01467 0.00347 0.00068 0.00016 4e-05 1e-05 1e-05 0 0 0 0 0 0 0 0 
1 0.69706 0.38207 0.16219 0.05485 0.01531 0.00396 0.00078 0.00019 3e-05 0 0 0 0 0 0 0 0 0 0 
1 0.69911 0.38187 0.15925 0.05278 0.01441 0.00344 0.00065 0.00024 5e-05 0 0 0 0 0 0 0 0 0 0 
1 0.69875 0.38305 0.1597 0.05231 0.01416 0.00338 0.0008 0.00013 2e-05 0 0 0 0 0 0 0 0 0 0 
1 0.7001 0.38411 0.16083 0.05419 0.01525 0.00357 0.0007 0.00011 4e-05 0 0 0 0 0 0 0 0 0 0 
1 0.7006 0.38437 0.16174 0.05411 0.01493 0.0037 0.00094 0.00021 2e-05 0 0 0 0 0 0 0 0 0 0 
1 0.69623 0.38117 0.15906 0.05238 0.01453 0.0034 0.0006 0.00014 4e-05 0 0 0 0 0 0 0 0 0 0 
1 0.70045 0.38196 0.15866 0.05294 0.01462 0.00316 0.00059 0.00011 1e-05 0 0 0 0 0 0 0 0 0 0 
1 0.70085 0.38565 0.16178 0.05215 0.0142 0.00355 0.00083 0.00017 2e-05 1e-05 0 0 0 0 0 0 0 0 0 
1 0.70203 0.38474 0.16195 0.05426 0.0154 0.00406 0.00094 0.00018 3e-05 1e-05 0 0 0 0 0 0 0 0 0 
1 0.70006 0.38004 0.1586 0.05249 0.01466 0.004 0.00104 0.0002 4e-05 1e-05 0 0 0 0 0 0 0 0 0 
1 0.6991 0.38218 0.15866 0.05241 0.01515 0.00387 0.0008 0.00017 5e-05 2e-05 0 0 0 0 0 0 0 0 0 
1 0.69798 0.38096 0.15816 0.05268 0.0146 0.00324 0.00073 0.00012 2e-05 0 0 0 0 0 0 0 0 0 0 
1 0.70149 0.38625 0.16052 0.05366 0.01522 0.00372 0.00072 0.00015 4e-05 1e-05 0 0 0 0 0 0 0 0 0 
1 0.6983 0.38199 0.15751 0.05188 0.01446 0.00341 0.00066 0.00026 2e-05 0 0 0 0 0 0 0 0 0 0 
1 0.70373 0.38871 0.16097 0.05357 0.015 0.00377 0.00095 0.00019 8e-05 1e-05 0 0 0 0 0 0 0 0 0 
1 0.70159 0.38568 0.16238 0.05447 0.01599 0.00425 0.00087 0.00017 2e-05 1e-05 0 0 0 0 0 0 0 0 0 
1 0.69866 0.38156 0.15835 0.05364 0.01512 0.00367 0.00093 0.00013 2e-05 0 0 0 0 0 0 0 0 0 0 
1 0.70187 0.38426 0.16169 0.05492 0.01596 0.00422 0.00102 0.00027 0.0001 7e-05 5e-05 1.99729e-17 0 0 0 0 0 0 0 
1 0.69728 0.38226 0.15985 0.0535 0.015 0.00366 0.00097 0.0003 0.00013 0.0001 7e-05 4e-05 0 0 0 0 0 0 0 
1 0.69908 0.38422 0.16048 0.05346 0.01464 0.00339 0.00073 0.00016 2e-05 2e-05 0 0 0 0 0 0 0 0 0 
1 0.6998 0.38265 0.16058 0.05369 0.01528 0.00367 0.00078 0.00015 2e-05 0 0 0 0 0 0 0 0 0 0 
1 0.69828 0.38215 0.16111 0.05308 0.01471 0.00347 0.00074 0.00012 5e-05 2e-05 0 0 0 0 0 0 0 0 0 
1 0.69911 0.38216 0.16141 0.05426 0.01581 0.00402 0.00101 0.00029 4e-05 1e-05 1e-05 0 0 0 0 0 0 0 0 
1 0.69985 0.38398 0.16097 0.05428 0.01569 0.0041 0.00097 0.0002 2e-05 1e-05 1e-05 1e-05 0 0 0 0 0 0 0 
1 0.70226 0.38473 0.16251 0.05429 0.01472 0.00349 0.0009 0.00016 3e-05 1e-05 0 0 0 0 0 0 0 0 0 
1 0.69568 0.38021 0.1592 0.05318 0.01541 0.00357 0.0009 0.00028 5e-05 1e-05 5.4079e-17 0 0 0 0 0 0 0 0 
1 0.70407 0.38858 0.16425 0.05596 0.01546 0.00362 0.0008 0.00019 3e-05 1e-05 0 0 0 0 0 0 0 0 0 
1 0.69769 0.38147 0.15896 0.05359 0.01517 0.0038 0.00085 0.00019 5e-05 2e-05 0 0 0 0 0 0 0 0 0 
1 0.69921 0.38273 0.16232 0.05395 0.01524 0.00381 0.00078 0.00023 5e-05 1e-05 1e-05 0 0 0 0 0 0 0 0 
1 0.69998 0.38308 0.15995 0.05315 0.01538 0.0037 0.00075 0.00015 3e-05 0 0 0 0 0 0 0 0 0 0 
1 0.70047 0.38221 0.16092 0.0528 0.01456 0.00367 0.0009 0.00025 3e-05 0 0 0 0 0 0 0 0 0 0 
1 0.70026 0.38225 0.16172 0.05327 0.01472 0.00367 0.00081 0.00019 1e-05 0 0 0 0 0 0 0 0 0 0 
1 0.70124 0.38328 0.15941 0.05265 0.01456 0.00382 0.00084 0.00022 7e-05 0 0 0 0 0 0 0 0 0 0 
1 0.70106 0.38472 0.16296 0.05564 0.01601 0.00422 0.0011 0.00023 6e-05 1e-05 0 0 0 0 0 0 0 0 0 
1 0.69956 0.385 0.15975 0.05263 0.01489 0.00369 0.00081 0.00017 2e-05 0 0 0 0 0 0 0 0 0 0 
1 0.69957 0.37971 0.15752 0.05186 0.01495 0.00387 0.0009 0.00023 4e-05 0 0 0 0 0 0 0 0 0 0 
1 0.70005 0.38175 0.15955 0.05398 0.01508 0.00349 0.00071 0.00011 1e-05 0 0 0 0 0 0 0 0 0 0 
1 0.70099 0.38477 0.16165 0.05393 0.0153 0.00401 0.00075 0.00013 2e-05 1e-05 0 0 0 0 0 0 0 0 0 
1 0.6977 0.37907 0.15647 0.05181 0.01422 0.0034 0.00077 0.00017 2e-05 0 0 0 0 0 0 0 0 0 0 
1 0.69816 0.38069 0.15888 0.05316 0.01545 0.00377 0.00082 0.00021 8e-05 3e-05 1e-05 0 0 0 0 0 0 0 0 
1 0.70075 0.3858 0.165 0.05517 0.01505 0.0036 0.00086 0.00019 4e-05 0 0 0 0 0 0 0 0 0 0 
1 0.70122 0.38673 0.16328 0.05429 0.01538 0.00366 0.00087 0.0003 7e-05 0 0 0 0 0 0 0 0 0 0 
1 0.69909 0.38283 0.16041 0.05367 0.01505 0.00383 0.00082 0.00019 5e-05 2e-05 1e-05 0 0 0 0 0 0 0 0 
1 0.70179 0.38487 0.16158 0.05408 0.01544 0.004 0.00091 0.00025 3e-05 1e-05 0 0 0 0 0 0 0 0 0 
1 0.69906 0.38104 0.15842 0.05209 0.01497 0.00382 0.0009 0.00013 0 0 0 0 0 0 0 0 0 0 0 
1 0.69899 0.38022 0.15621 0.05165 0.01471 0.00379 0.00079 0.0002 3e-05 0 0 0 0 0 0 0 0 0 0 
1 0.70033 0.38269 0.16043 0.05196 0.01485 0.00395 0.00089 0.00017 7e-05 0 0 0 0 0 0 0 0 0 0 
1 0.69965 0.38221 0.15684 0.05246 0.01546 0.00422 0.00099 0.00016 3e-05 1e-05 0 0 0 0 0 0 0 0 0 
1 0.69914 0.38143 0.16007 0.05279 0.01509 0.00393 0.00084 0.00022 3e-05 1e-05 0 0 0 0 0 0 0 0 0 
1 0.70001 0.38287 0.16191 0.0546 0.01491 0.00346 0.00072 0.00013 1e-05 0 0 0 0 0 0 0 0 0 0 
1 0.69944 0.38251 0.15887 0.05118 0.01396 0.00307 0.00066 0.00017 4e-05 1e-05 0 0 0 0 0 0 0 0 0 
1 0.69962 0.38082 0.15849 0.05276 0.01486 0.00371 0.00079 0.00021 9e-05 0 0 0 0 0 0 0 0 0 0 
1 0.70132 0.38534 0.16259 0.05258 0.01499 0.00369 0.0008 0.00014 3e-05 0 0 0 0 0 0 0 0 0 0 
1 0.70104 0.38182 0.1599 0.05296 0.01458 0.00386 0.00081 0.00021 5e-05 3e-05 1e-05 0 0 0 0 0 0 0 0 
1 0.69886 0.38167 0.15792 0.05369 0.01475 0.00407 0.001 0.00022 3e-05 1e-05 1e-05 0 0 0 0 0 0 0 0 
1 0.69941 0.38488 0.16321 0.05502 0.01604 0.00443 0.00096 0.00024 6e-05 1e-05 0 0 0 0 0 0 0 0 0 
1 0.70261 0.38276 0.15811 0.05181 0.01479 0.00361 0.00079 0.00014 2e-05 0 0 0 0 0 0 0 0 0 0 
1 0.70185 0.38193 0.15821 0.05218 0.01442 0.00347 0.00084 0.00014 4e-05 2e-05 0 0 0 0 0 0 0 0 0 
1 0.70312 0.38695 0.16122 0.05376 0.015 0.00388 0.001 0.00018 2e-05 0 0 0 0 0 0 0 0 0 0 
1 0.69707 0.38022 0.15716 0.05167 0.01373 0.00333 0.00075 8e-05 1e-05 0 0 0 0 0 0 0 0 0 0 
1 0.69745 0.38159 0.15826 0.05169 0.01444 0.00335 0.0008 0.00018 4e-05 0 0 0 0 0 0 0 0 0 0 
1 0.70306 0.38754 0.16223 0.05392 0.01492 0.00343 0.00076 0.0002 2e-05 0 0 0 0 0 0 0 0 0 0 
1 0.70013 0.3829 0.15848 0.05127 0.01405 0.00335 0.00076 0.0002 4e-05 1e-05 0 0 0 0 0 0 0 0 0 
1 0.70114 0.3817 0.15948 0.05399 0.01528 0.00366 0.0008 0.00017 4e-05 2e-05 0 0 0 0 0 0 0 0 0 
1 0.70145 0.38544 0.16242 0.0544 0.01587 0.00385 0.00072 8e-05 1e-05 0 0 0 0 0 0 0 0 0 0 
1 0.7013 0.38475 0.16311 0.05335 0.01426 0.00375 0.00083 0.00013 2e-05 1e-05 1e-05 0 0 0 0 0 0 0 0 
1 0.70282 0.38491 0.16124 0.05303 0.01549 0.00364 0.00073 0.00012 1e-05 0 0 0 0 0 0 0 0 0 0 
1 0.70024 0.38083 0.15764 0.05312 0.01487 0.00349 0.00069 0.00012 3e-05 0 0 0 0 0 0 0 0 0 0 
1 0.69714 0.3809 0.15754 0.05356 0.01445 0.0033 0.00068 9e-05 1e-05 1e-05 0 0 0 0 0 0 0 0 0 
1 0.69865 0.38292 0.16203 0.05525 0.01645 0.00413 0.00102 0.00028 0.00012 4e-05 0 0 0 0 0 0 0 0 0 
1 0.70114 0.38359 0.15975 0.05374 0.0147 0.00347 0.00066 0.00014 2e-05 0 0 0 0 0 0 0 0 0 0 
1 0.70074 0.38436 0.16037 0.05234 0.01388 0.00313 0.00069 0.00012 3e-05 1e-05 0 0 0 0 0 0 0 0 0 
1 0.69676 0.38369 0.16095 0.05459 0.01511 0.00363 0.00096 0.00021 3e-05 0 0 0 0 0 0 0 0 0 0 
1 0.69599 0.37801 0.15876 0.05104 0.01426 0.00355 0.0007 0.00012 1e-05 0 0 0 0 0 0 0 0 0 0 
1 0.69778 0.37937 0.1581 0.05256 0.01441 0.0037 0.00092 0.0001 5.02515e-17 0 0 0 0 0 0 0 0 0 0 
1 0.69908 0.38534 0.15942 0.05244 0.01374 0.0033 0.00065 0.00015 1e-05 0 0 0 0 0 0 0 0 0 0 
1 0.70178 0.38647 0.1605 0.0539 0.01487 0.00365 0.00077 0.00012 2e-05 0 0 0 0 0 0 0 0 0 0 
1 0.69677 0.38089 0.15958 0.05528 0.01594 0.00405 0.00094 0.00024 6e-05 2e-05 0 0 0 0 0 0 0 0 0 
1 0.69751 0.38042 0.15962 0.05373 0.01562 0.00356 0.00065 0.00015 3e-05 0 0 0 0 0 0 0 0 0 0 
1 0.69822 0.38115 0.16086 0.05433 0.01558 0.00389 0.00099 0.00021 5e-05 1e-05 0 0 0 0 0 0 0 0 0 
1 0.69848 0.38135 0.15986 0.05186 0.01447 0.00345 0.00083 0.00016 6e-05 0 0 0 0 0 0 0 0 0 0 
1 0.69982 0.38295 0.15982 0.05254 0.01456 0.00329 0.00082 0.00015 3e-05 0 0 0 0 0 0 0 0 0 0 
1 0.70197 0.38305 0.16141 0.05401 0.01536 0.00377 0.00086 0.00022 4e-05 1e-05 0 0 0 0 0 0 0 0 0 
1 0.69926 0.38121 0.16199 0.05555 0.01651 0.00431 0.00091 0.00021 6e-05 1e-05 1e-05 0 0 0 0 0 0 0 0 
1 0.69843 0.38397 0.16082 0.0531 0.01556 0.00391 0.00091 0.00019 3e-05 0 0 0 0 0 0 0 0 0 0 
1 0.70146 0.38522 0.16363 0.05458 0.01499 0.00398 0.00085 0.00018 1e-05 0 0 0 0 0 0 0 0 0 0 
1 0.70097 0.38454 0.16094 0.05333 0.01506 0.0038 0.00084 0.00014 3e-05 0 0 0 0 0 0 0 0 0 0 
1 0.69711 0.38006 0.15897 0.05339 0.01487 0.0035 0.00058 0.00014 3e-05 0 0 0 0 0 0 0 0 0 0 
1 0.70178 0.38474 0.16067 0.05349 0.01497 0.00368 0.00074 0.00017 2e-05 0 0 0 0 0 0 0 0 0 0 
1 0.70053 0.38519 0.16116 0.05449 0.0151 0.00363 0.00086 0.00016 5e-05 1e-05 0 0 0 0 0 0 0 0 0 
1 0.70021 0.38317 0.15891 0.05351 0.01465 0.00374 0.00079 0.00019 6e-05 3e-05 0 0 0 0 0 0 0 0 0 
1 0.69698 0.37973 0.15666 0.05209 0.01422 0.00348 0.00082 0.00017 1e-05 1e-05 1e-05 0 0 0 0 0 0 0 0 
1 0.6997 0.38122 0.15998 0.05246 0.01474 0.00367 0.00085 0.00013 2e-05 0 0 0 0 0 0 0 0 0 0 
1 0.70294 0.38722 0.16241 0.05378 0.01488 0.00354 0.00072 0.00021 3e-05 0 0 0 0 0 0 0 0 0 0 
1 0.69989 0.38167 0.15677 0.05113 0.01439 0.00348 0.0009 0.00016 1e-05 0 0 0 0 0 0 0 0 0 0 
1 0.70184 0.38613 0.16137 0.05454 0.01549 0.00385 0.00077 0.0002 3e-05 0 0 0 0 0 0 0 0 0 0 
1 0.69915 0.38189 0.15897 0.05332 0.01519 0.00377 0.00085 0.00015 7e-05 1e-05 1e-05 0 0 0 0 0 0 0 0 
1 0.69911 0.38249 0.15885 0.05253 0.01443 0.00385 0.00088 0.00014 3e-05 1e-05 0 0 0 0 0 0 0 0 0 
1 0.69948 0.38326 0.16325 0.05392 0.01565 0.00403 0.0008 0.0001 3e-05 0 0 0 0 0 0 0 0 0 0 
1 0.70303 0.38642 0.16085 0.05381 0.01478 0.0035 0.00078 0.00017 6e-05 3e-05 0 0 0 0 0 0 0 0 0 
1 0.69834 0.38057 0.15909 0.05219 0.01476 0.00394 0.00091 0.00017 6e-05 0 0 0 0 0 0 0 0 0 0 
1 0.69683 0.3793 0.15901 0.05378 0.01484 0.00375 0.00105 0.00022 3e-05 0 0 0 0 0 0 0 0 0 0 
1 0.69827 0.38251 0.16036 0.05258 0.01495 0.00358 0.00063 0.00014 5e-05 1e-05 0 0 0 0 0 0 0 0 0 
1 0.70107 0.38393 0.1639 0.05454 0.01557 0.00391 0.00105 0.00025 3e-05 0 0 0 0 0 0 0 0 0 0 
1 0.69894 0.38134 0.15953 0.05481 0.01557 0.00399 0.00085 0.00012 2e-05 0 0 0 0 0 0 0 0 0 0 
1 0.70101 0.38051 0.15905 0.05352 0.01498 0.0037 0.00086 0.00013 2e-05 0 0 0 0 0 0 0 0 0 0 
1 0.69932 0.3819 0.15859 0.05372 0.01513 0.00372 0.00064 0.00014 0 0 0 0 0 0 0 0 0 0 0 
1 0.6989 0.3809 0.15983 0.05329 0.01518 0.00375 0.00101 0.00029 9e-05 2e-05 0 0 0 0 0 0 0 0 0 
1 0.70234 0.38372 0.16061 0.0532 0.01464 0.00352 0.00072 0.00018 4e-05 2e-05 0 0 0 0 0 0 0 0 0 
1 0.70124 0.38333 0.16027 0.05423 0.01552 0.00407 0.00094 0.0002 4e-05 0 0 0 0 0 0 0 0 0 0 
1 0.69887 0.37942 0.15751 0.05172 0.01381 0.00307 0.0008 0.00023 8e-05 2e-05 0 0 0 0 0 0 0 0 0 
1 0.69731 0.37968 0.15892 0.05186 0.01427 0.00358 0.00093 0.00025 0 0 0 0 0 0 0 0 0 0 0 
1 0.70212 0.38546 0.16292 0.05498 0.01574 0.00403 0.00092 0.00018 3e-05 0 0 0 0 0 0 0 0 0 0 
1 0.70659 0.38998 0.16438 0.05517 0.01567 0.00409 0.00092 0.00014 2e-05 2.81997e-18 0 0 0 0 0 0 0 0 0 
1 0.70147 0.38239 0.16003 0.05357 0.01511 0.0037 0.00087 0.00015 2e-05 0 0 0 0 0 0 0 0 0 0 
1 0.69805 0.38307 0.15845 0.0521 0.01415 0.00364 0.00084 0.00028 0.0001 3e-05 0 0 0 0 0 0 0 0 0 
1 0.69861 0.38111 0.15885 0.05354 0.01506 0.00406 0.00098 0.00033 0.0001 1e-05 0 0 0 0 0 0 0 0 0 
1 0.69957 0.38361 0.16099 0.05373 0.01483 0.00326 0.00059 9e-05 1e-05 0 0 0 0 0 0 0 0 0 0 
1 0.70025 0.38436 0.15973 0.0538 0.01543 0.00411 0.00092 0.00021 5e-05 2e-05 0 0 0 0 0 0 0 0 0 
1 0.70177 0.38495 0.16081 0.05405 0.01502 0.00397 0.00078 0.00014 2e-05 0 0 0 0 0 0 0 0 0 0 
1 0.69721 0.38134 0.15958 0.05358 0.01573 0.00411 0.00095 0.00026 6e-05 1e-05 0 0 0 0 0 0 0 0 0 
1 0.69793 0.379 0.15587 0.0513 0.01421 0.00323 0.0006 0.00013 1e-05 0 0 0 0 0 0 0 0 0 0 
1 0.7017 0.38531 0.15703 0.05063 0.01378 0.0035 0.00089 0.00011 1e-05 0 0 0 0 0 0 0 0 0 0 
1 0.69866 0.38059 0.15828 0.05181 0.01445 0.00347 0.00079 0.00013 5e-05 1e-05 0 0 0 0 0 0 0 0 0 
1 0.7005 0.38123 0.15948 0.05424 0.01522 0.0039 0.00083 0.00023 3e-05 0 0 0 0 0 0 0 0 0 0 
1 0.70142 0.38422 0.16063 0.05377 0.01513 0.00379 0.00083 0.00013 3e-05 2e-05 0 0 0 0 0 0 0 0 0 
1 0.69747 0.38311 0.1596 0.05324 0.01483 0.00336 0.00053 8e-05 3e-05 1e-05 0 0 0 0 0 0 0 0 0 
1 0.70243 0.38319 0.15982 0.05295 0.01525 0.00375 0.00075 0.0002 4e-05 1e-05 0 0 0 0 0 0 0 0 0 
1 0.70182 0.38159 0.1582 0.05309 0.01466 0.00367 0.0008 0.00013 1e-05 0 0 0 0 0 0 0 0 0 0 
1 0.69945 0.38231 0.16113 0.05383 0.01504 0.00357 0.00097 0.00025 1e-05 0 0 0 0 0 0 0 0 0 0 
1 0.70136 0.38289 0.16145 0.05466 0.01531 0.00399 0.00082 0.00014 2e-05 1e-05 0 0 0 0 0 0 0 0 0 
1 0.6996 0.38116 0.15951 0.05155 0.01387 0.00316 0.00062 0.00014 1e-05 0 0 0 0 0 0 0 0 0 0 
1 0.70085 0.38299 0.16002 0.05244 0.01456 0.00361 0.0008 0.00016 3e-05 0 0 0 0 0 0 0 0 0 0 
1 0.69751 0.38061 0.15969 0.05431 0.01516 0.00375 0.0009 0.00015 2e-05 0 0 0 0 0 0 0 0 0 0 
1 0.70392 0.3864 0.16273 0.05464 0.01535 0.00364 0.00071 0.00014 4e-05 0 0 0 0 0 0 0 0 0 0 
1 0.69898 0.38022 0.1595 0.05239 0.01471 0.00348 0.00094 0.00024 2e-05 1e-05 0 0 0 0 0 0 0 0 0 
1 0.70152 0.38493 0.16105 0.05349 0.01499 0.00367 0.00089 0.00018 7e-05 0 0 0 0 0 0 0 0 0 0 
1 0.70043 0.38205 0.15915 0.05416 0.01544 0.00419 0.00088 0.00021 7e-05 2e-05 0 0 0 0 0 0 0 0 0 
1 0.69967 0.38438 0.16153 0.05481 0.01558 0.0037 0.00077 0.00021 7e-05 1e-05 0 0 0 0 0 0 0 0 0 
1 0.69939 0.382 0.15935 0.05248 0.01509 0.00377 0.00083 0.00021 3e-05 2e-05 0 0 0 0 0 0 0 0 0 
1 0.70163 0.38494 0.15996 0.05128 0.01427 0.00367 0.00095 0.00014 5e-05 0 0 0 0 0 0 0 0 0 0 
1 0.70178 0.38645 0.16176 0.05418 0.01555 0.00376 0.00079 0.00012 6e-05 0 0 0 0 0 0 0 0 0 0 
1 0.70281 0.38461 0.16051 0.05213 0.01462 0.00343 0.00083 0.00016 5e-05 0 0 0 0 0 0 0 0 0 0 
1 0.70298 0.38564 0.16232 0.0543 0.01532 0.00382 0.00093 0.00023 2e-05 0 0 0 0 0 0 0 0 0 0 
1 0.70003 0.38301 0.16043 0.05269 0.01431 0.0034 0.00067 6e-05 0 0 0 0 0 0 0 0 0 0 0 
1 0.69812 0.38019 0.15704 0.05213 0.01441 0.00354 0.00077 0.00021 3e-05 1e-05 1e-05 0 0 0 0 0 0 0 0 
1 0.69944 0.38269 0.16096 0.05306 0.01515 0.00382 0.00088 0.00022 8e-05 2e-05 0 0 0 0 0 0 0 0 0 
1 0.70057 0.38097 0.16063 0.05343 0.01551 0.00393 0.00082 0.00027 6e-05 1e-05 0 0 0 0 0 0 0 0 0 
1 0.70199 0.38446 0.16273 0.05624 0.0166 0.00439 0.00098 0.00032 6e-05 4e-05 1e-05 0 0 0 0 0 0 0 0 
1 0.69958 0.38155 0.16049 0.054 0.01531 0.00401 0.00093 0.00017 9e-05 1e-05 1e-05 1e-05 0 0 0 0 0 0 0 
1 0.69988 0.38543 0.16186 0.05281 0.01455 0.00352 0.0007 0.0001 1e-05 0 0 0 0 0 0 0 0 0 0 
1 0.6992 0.38082 0.16006 0.05351 0.01488 0.00389 0.00073 0.00019 3e-05 1e-05 0 0 0 0 0 0 0 0 0 
1 0.69887 0.38131 0.15902 0.05302 0.015 0.0033 0.00064 0.00011 2e-05 0 0 0 0 0 0 0 0 0 0 
1 0.69807 0.37922 0.1573 0.05176 0.01392 0.00326 0.00064 5e-05 0 0 0 0 0 0 0 0 0 0 0 
1 0.69908 0.38128 0.15668 0.05117 0.01361 0.00329 0.00069 0.00018 4e-05 0 0 0 0 0 0 0 0 0 0 
1 0.69931 0.37996 0.1587 0.05325 0.01434 0.0034 0.00067 7e-05 1e-05 0 0 0 0 0 0 0 0 0 0 
1 0.70242 0.38244 0.16073 0.05253 0.01447 0.0035 0.00095 0.00024 3e-05 0 0 0 0 0 0 0 0 0 0 
1 0.70051 0.3849 0.1617 0.05365 0.0153 0.00366 0.00079 0.00017 6e-05 1e-05 0 0 0 0 0 0 0 0 0 
1 0.69725 0.3805 0.15713 0.05179 0.01459 0.00362 0.00084 0.00014 5e-05 1e-05 0 0 0 0 0 0 0 0 0 
1 0.69778 0.3845 0.16223 0.05477 0.01524 0.00355 0.00083 0.00017 3e-05 0 0 0 0 0 0 0 0 0 0 
1 0.70075 0.38423 0.16088 0.05368 0.01571 0.00376 0.00073 0.00016 2e-05 0 0 0 0 0 0 0 0 0 0 
1 0.70132 0.38601 0.15984 0.0524 0.01432 0.00335 0.0008 0.00022 7e-05 0 0 0 0 0 0 0 0 0 0 
1 0.69932 0.38071 0.1592 0.05395 0.01424 0.00334 0.00063 0.00011 1e-05 1e-05 0 0 0 0 0 0 0 0 0 
1 0.69969 0.38229 0.15825 0.05333 0.01452 0.0035 0.00069 0.00019 2e-05 0 0 0 0 0 0 0 0 0 0 
1 0.69925 0.38414 0.16105 0.05264 0.01434 0.00371 0.00078 0.00016 2e-05 0 0 0 0 0 0 0 0 0 0 
1 0.70215 0.38516 0.16346 0.05428 0.0151 0.00347 0.00062 0.00017 1e-05 0 0 0 0 0 0 0 0 0 0 
1 0.70128 0.38231 0.16025 0.05377 0.01499 0.00391 0.0009 0.00016 2e-05 0 0 0 0 0 0 0 0 0 0 
1 0.69802 0.38011 0.15727 0.05135 0.01431 0.00385 0.00096 0.00011 0 0 0 0 0 0 0 0 0 0 0 
1 0.70064 0.38064 0.15849 0.05323 0.01548 0.0043 0.00111 0.00017 5e-05 1e-05 0 0 0 0 0 0 0 0 0 
1 0.70135 0.38302 0.16207 0.05486 0.01574 0.00418 0.00103 0.00029 6e-05 1e-05 0 0 0 0 0 0 0 0 0 
1 0.69912 0.38245 0.1606 0.0542 0.01517 0.00376 0.00085 0.00022 3e-05 0 0 0 0 0 0 0 0 0 0 
1 0.69935 0.38215 0.15841 0.0534 0.01525 0.00367 0.00072 0.00017 2e-05 0 0 0 0 0 0 0 0 0 0 
1 0.7035 0.38657 0.16349 0.05553 0.0164 0.00433 0.00103 0.00028 0.00011 6e-05 2e-05 0 0 0 0 0 0 0 0 
1 0.70037 0.3849 0.16204 0.05344 0.01505 0.00372 0.00084 0.00017 4e-05 1e-05 0 0 0 0 0 0 0 0 0 
1 0.69827 0.38016 0.15758 0.05178 0.01446 0.00307 0.00062 0.00011 3e-05 1e-05 0 0 0 0 0 0 0 0 0 
1 0.70139 0.38546 0.16465 0.05492 0.01548 0.00372 0.00074 0.00016 3e-05 1e-05 0 0 0 0 0 0 0 0 0 
1 0.69872 0.38285 0.15923 0.05291 0.0146 0.00334 0.00082 0.00018 3e-05 0 0 0 0 0 0 0 0 0 0 
1 0.69981 0.38277 0.16069 0.05347 0.01477 0.0035 0.00077 0.0002 3e-05 1e-05 0 0 0 0 0 0 0 0 0 
1 0.69722 0.38203 0.16031 0.05331 0.01459 0.00365 0.00081 0.00014 5e-05 1e-05 1e-05 0 0 0 0 0 0 0 0 
1 0.69868 0.38211 0.16009 0.05433 0.01542 0.00361 0.00076 0.0002 7e-05 1e-05 0 0 0 0 0 0 0 0 0 
1 0.70091 0.38261 0.16032 0.0535 0.01548 0.00391 0.00087 0.00023 6e-05 2e-05 0 0 0 0 0 0 0 0 0 
1 0.69979 0.38216 0.16032 0.05419 0.01582 0.00411 0.00092 0.0002 1e-05 0 0 0 0 0 0 0 0 0 0 
1 0.69894 0.38273 0.16006 0.05218 0.01467 0.0038 0.00085 0.00016 8e-05 3e-05 1e-05 0 0 0 0 0 0 0 0 
1 0.7004 0.38183 0.15898 0.05273 0.01461 0.00365 0.00082 0.00019 6e-05 3e-05 1e-05 0 0 0 0 0 0 0 0 
1 0.69762 0.38365 0.15864 0.05185 0.01485 0.00385 0.00075 0.00011 1e-05 0 0 0 0 0 0 0 0 0 0 
1 0.70169 0.38488 0.15973 0.0527 0.0149 0.00378 0.001 0.00019 6e-05 1e-05 0 0 0 0 0 0 0 0 0 
1 0.69993 0.38196 0.15831 0.05264 0.01446 0.00342 0.00092 0.00019 3e-05 0 0 0 0 0 0 0 0 0 0 
1 0.69795 0.38272 0.15906 0.05221 0.01528 0.00409 0.00088 0.00015 4e-05 0 0 0 0 0 0 0 0 0 0 
1 0.69963 0.38349 0.16143 0.05378 0.01472 0.0038 0.00096 0.00024 6e-05 0 0 0 0 0 0 0 0 0 0 
1 0.70143 0.3858 0.16115 0.05402 0.01591 0.00398 0.00084 0.00018 4e-05 2e-05 2e-05 1e-05 0 0 0 0 0 0 0 
1 0.70031 0.38206 0.15911 0.05208 0.01386 0.00312 0.00058 0.00011 0 0 0 0 0 0 0 0 0 0 0 
1 0.70069 0.3841 0.15923 0.05209 0.01438 0.00353 0.00079 0.00013 0 0 0 0 0 0 0 0 0 0 0 
1 0.70361 0.38668 0.16331 0.05536 0.01608 0.00392 0.0009 0.00021 2e-05 0 0 0 0 0 0 0 0 0 0 
1 0.69982 0.38112 0.15976 0.05367 0.01541 0.00392 0.00097 0.00028 6e-05 0 0 0 0 0 0 0 0 0 0 
1 0.69899 0.38226 0.15791 0.05219 0.01405 0.00332 0.00081 0.0002 6e-05 1e-05 0 0 0 0 0 0 0 0 0 
1 0.70048 0.38485 0.15999 0.0529 0.01455 0.00366 0.00092 0.00017 5e-05 3e-05 0 0 0 0 0 0 0 0 0 
1 0.70072 0.38141 0.1597 0.0528 0.01442 0.00335 0.00068 0.00016 4e-05 0 0 0 0 0 0 0 0 0 0 
1 0.69788 0.38334 0.16068 0.05261 0.01416 0.00321 0.00072 0.00019 3e-05 0 0 0 0 0 0 0 0 0 0 
1 0.7003 0.38201 0.15865 0.05269 0.01487 0.00415 0.00103 0.0003 5e-05 0 0 0 0 0 0 0 0 0 0 
1 0.69498 0.37793 0.15794 0.05262 0.01481 0.00354 0.00084 0.0002 3e-05 0 0 0 0 0 0 0 0 0 0 
1 0.69624 0.37934 0.15746 0.05264 0.01443 0.00343 0.00091 0.00017 2e-05 0 0 0 0 0 0 0 0 0 0 
1 0.70146 0.38448 0.15972 0.05405 0.01536 0.00366 0.00083 0.00019 8e-05 1e-05 0 0 0 0 0 0 0 0 0 
1 0.69954 0.38543 0.15937 0.05368 0.0148 0.00376 0.0009 0.00013 1e-05 0 0 0 0 0 0 0 0 0 0 
1 0.70265 0.38365 0.16112 0.05361 0.0146 0.00351 0.0006 0.00014 3e-05 1e-05 0 0 0 0 0 0 0 0 0 
1 0.6994 0.38225 0.15853 0.05358 0.01469 0.00339 0.0008 0.00021 7e-05 3e-05 0 0 0 0 0 0 0 0 0 
1 0.69821 0.38214 0.15982 0.05379 0.01472 0.00365 0.00077 0.00021 2e-05 1e-05 0 0 0 0 0 0 0 0 0 
1 0.69969 0.38074 0.15709 0.05254 0.01464 0.00332 0.00063 0.00013 3e-05 0 0 0 0 0 0 0 0 0 0 
1 0.70085 0.38383 0.16021 0.05373 0.01488 0.00411 0.00083 0.00022 8e-05 1e-05 0 0 0 0 0 0 0 0 0 
1 0.69933 0.38147 0.15966 0.05376 0.01546 0.00359 0.00057 7e-05 1e-05 1e-05 0 0 0 0 0 0 0 0 0 
1 0.69912 0.38403 0.16024 0.05405 0.01586 0.00423 0.00106 0.00028 7e-05 4e-05 0 0 0 0 0 0 0 0 0 
1 0.69864 0.38514 0.1616 0.05369 0.01576 0.00408 0.00099 0.00026 7e-05 1e-05 0 0 0 0 0 0 0 0 0 
1 0.70032 0.38288 0.15858 0.05267 0.01371 0.00336 0.00065 0.00014 3e-05 0 0 0 0 0 0 0 0 0 0 
1 0.70203 0.38436 0.16137 0.05269 0.01462 0.00347 0.00072 0.00011 2e-05 0 0 0 0 0 0 0 0 0 0 
1 0.69837 0.38322 0.16148 0.05456 0.01401 0.00313 0.00069 0.00014 4e-05 2e-05 0 0 0 0 0 0 0 0 0 
1 0.70036 0.38474 0.1635 0.05611 0.01561 0.00358 0.00082 0.00016 2e-05 1e-05 0 0 0 0 0 0 0 0 0 
1 0.69729 0.37997 0.15848 0.05311 0.01475 0.00331 0.00061 9e-05 3e-05 1e-05 0 0 0 0 0 0 0 0 0 
1 0.69956 0.38192 0.15947 0.05337 0.01489 0.00373 0.00087 0.00016 3e-05 0 0 0 0 0 0 0 0 0 0 
1 0.69963 0.38183 0.15797 0.05138 0.01409 0.00323 0.00057 0.00011 1e-05 1e-05 0 0 0 0 0 0 0 0 0 
1 0.70036 0.38494 0.1598 0.05382 0.0151 0.00371 0.00078 0.0001 2e-05 1e-05 1e-05 0 0 0 0 0 0 0 0 
1 0.70152 0.38544 0.16185 0.0543 0.01571 0.00411 0.00091 0.00022 4e-05 1e-05 0 0 0 0 0 0 0 0 0 
1 0.69852 0.38296 0.15917 0.05346 0.01475 0.00382 0.0008 0.00021 8e-05 5e-05 1e-05 0 0 0 0 0 0 0 0 
1 0.70008 0.38645 0.16401 0.05475 0.0156 0.00406 0.00095 0.0002 8e-05 2e-05 0 0 0 0 0 0 0 0 0 
1 0.6989 0.38073 0.16088 0.0529 0.01541 0.0042 0.00112 0.00019 2e-05 0 0 0 0 0 0 0 0 0 0 
1 0.70161 0.38203 0.16004 0.05213 0.01476 0.00386 0.0009 0.00021 5e-05 1e-05 0 0 0 0 0 0 0 0 0 
1 0.69945 0.38237 0.16071 0.05334 0.01538 0.00395 0.00093 0.00026 5e-05 0 0 0 0 0 0 0 0 0 0 
1 0.70247 0.38288 0.158 0.0521 0.01456 0.00388 0.00076 0.00011 0 0 0 0 0 0 0 0 0 0 0 
1 0.69833 0.38128 0.16121 0.05525 0.01578 0.00369 0.00078 0.0002 4e-05 1e-05 0 0 0 0 0 0 0 0 0 
1 0.70408 0.38757 0.1619 0.05479 0.01603 0.00456 0.00115 0.00031 0.00014 6e-05 2e-05 0 0 0 0 0 0 0 0 
1 0.69955 0.38348 0.15948 0.0539 0.01573 0.00385 0.00083 0.00012 1e-05 0 0 0 0 0 0 0 0 0 0 
1 0.69651 0.38343 0.15971 0.05312 0.0146 0.0037 0.00085 0.00018 5e-05 2e-05 0 0 0 0 0 0 0 0 0 
1 0.69997 0.38256 0.15938 0.05388 0.01539 0.00396 0.00086 0.00016 2e-05 1e-05 0 0 0 0 0 0 0 0 0 
1 0.70367 0.38805 0.16241 0.0545 0.01516 0.00384 0.00087 0.00015 1e-05 0 0 0 0 0 0 0 0 0 0 
1 0.69611 0.37968 0.15963 0.05274 0.0144 0.00337 0.00082 0.00013 1e-05 0 0 0 0 0 0 0 0 0 0 
1 0.69944 0.38401 0.16223 0.05369 0.01473 0.00371 0.00077 0.00018 1e-05 0 0 0 0 0 0 0 0 0 0 
1 0.69677 0.38099 0.15924 0.05369 0.01538 0.00415 0.00104 0.0003 8e-05 2e-05 2e-05 1e-05 0 0 0 0 0 0 0 
1 0.70016 0.38431 0.16004 0.05323 0.01475 0.0037 0.0008 0.00019 3e-05 1e-05 0 0 0 0 0 0 0 0 0 
1 0.70095 0.38309 0.15946 0.05318 0.01513 0.00396 0.00072 9e-05 4e-05 1e-05 0 0 0 0 0 0 0 0 0 
1 0.69886 0.38041 0.15921 0.05352 0.01475 0.00343 0.00084 0.00018 4e-05 1.54321e-17 1.54321e-17 0 0 0 0 0 0 0 0 
1 0.69939 0.38435 0.16112 0.05255 0.01404 0.00363 0.00093 0.00022 6e-05 2e-05 0 0 0 0 0 0 0 0 0 
1 0.69757 0.37997 0.15636 0.05072 0.01382 0.00337 0.00072 5e-05 2e-05 1e-05 0 0 0 0 0 0 0 0 0 
1 0.69869 0.3832 0.1617 0.05364 0.01523 0.00367 0.001 0.0002 2e-05 0 0 0 0 0 0 0 0 0 0 
1 0.70019 0.38518 0.16206 0.05376 0.01548 0.00369 0.00085 0.00016 4e-05 0 0 0 0 0 0 0 0 0 0 
1 0.70027 0.38243 0.15788 0.05263 0.01435 0.00369 0.00078 0.00013 2e-05 0 0 0 0 0 0 0 0 0 0 
1 0.7004 0.38416 0.16183 0.05431 0.0153 0.00392 0.00091 0.00017 0 0 0 0 0 0 0 0 0 0 0 
1 0.69831 0.38045 0.15869 0.05241 0.01488 0.00387 0.00085 0.00019 3e-05 0 0 0 0 0 0 0 0 0 0 
1 0.69899 0.38328 0.16201 0.05502 0.01517 0.00381 0.00096 0.00022 5e-05 0 0 0 0 0 0 0 0 0 0 
1 0.70254 0.38617 0.16246 0.05445 0.01567 0.00416 0.00103 0.00017 3e-05 0 0 0 0 0 0 0 0 0 0 
1 0.70024 0.38369 0.15823 0.05203 0.01471 0.00365 0.00087 0.00016 0 0 0 0 0 0 0 0 0 0 0 
1 0.70152 0.38332 0.16036 0.05437 0.01576 0.00394 0.00087 0.00017 2e-05 0 0 0 0 0 0 0 0 0 0 
1 0.69857 0.38145 0.16099 0.05317 0.01484 0.00363 0.0008 0.00015 4e-05 0 0 0 0 0 0 0 0 0 0 
1 0.70045 0.38546 0.16215 0.0547 0.01464 0.00364 0.00079 0.00024 8e-05 0 0 0 0 0 0 0 0 0 0 
1 0.70077 0.38264 0.1594 0.05288 0.01554 0.00419 0.00088 0.0002 3e-05 0 0 0 0 0 0 0 0 0 0 
1 0.69715 0.38024 0.15986 0.05371 0.01482 0.00381 0.00077 0.00022 3e-05 1e-05 0 0 0 0 0 0 0 0 0 
1 0.69778 0.38041 0.15812 0.05307 0.0152 0.00369 0.00074 0.00012 2e-05 0 0 0 0 0 0 0 0 0 0 
1 0.70084 0.38505 0.15905 0.05173 0.01458 0.00355 0.00065 0.00011 0 0 0 0 0 0 0 0 0 0 0 
1 0.70048 0.38312 0.15964 0.05147 0.01433 0.00338 0.0007 0.00013 1e-05 0 0 0 0 0 0 0 0 0 0 
1 0.70089 0.38384 0.15993 0.05327 0.01492 0.00327 0.0006 0.00014 2e-05 1e-05 0 0 0 0 0 0 0 0 0 
1 0.69903 0.38199 0.15926 0.05223 0.01411 0.0031 0.00061 0.00012 3e-05 0 0 0 0 0 0 0 0 0 0 
1 0.70068 0.38181 0.15891 0.05255 0.01457 0.00353 0.0009 0.00017 6e-05 0 0 0 0 0 0 0 0 0 0 
1 0.70062 0.38106 0.1599 0.05276 0.01503 0.00373 0.00067 9e-05 2e-05 0 0 0 0 0 0 0 0 0 0 
1 0.69755 0.37887 0.15723 0.05245 0.01456 0.00308 0.00062 8e-05 2e-05 0 0 0 0 0 0 0 0 0 0 
1 0.70203 0.38116 0.15721 0.05362 0.01473 0.00339 0.00077 0.00016 0 0 0 0 0 0 0 0 0 0 0 
1 0.7 0.38538 0.16161 0.0543 0.01504 0.00374 0.00082 0.00011 2e-05 0 0 0 0 0 0 0 0 0 0 
1 0.70058 0.38398 0.16163 0.0532 0.01546 0.00389 0.00097 0.00023 2e-05 1e-05 0 0 0 0 0 0 0 0 0 
1 0.7009 0.38324 0.16044 0.05297 0.01496 0.00382 0.00088 0.00016 1e-05 0 0 0 0 0 0 0 0 0 0 
1 0.69972 0.38671 0.16141 0.0534 0.01495 0.00344 0.0007 0.00013 1e-05 0 0 0 0 0 0 0 0 0 0 
1 0.69843 0.38123 0.15919 0.05284 0.015 0.00362 0.00082 0.00019 5e-05 2e-05 0 0 0 0 0 0 0 0 0 
1 0.70448 0.38442 0.161 0.05408 0.01565 0.004 0.00096 0.00027 7e-05 0 0 0 0 0 0 0 0 0 0 
1 0.69983 0.37923 0.15874 0.05193 0.0141 0.00337 0.00076 0.0001 1e-05 0 0 0 0 0 0 0 0 0 0 
1 0.69883 0.38029 0.15775 0.05203 0.01471 0.00353 0.00064 0.00011 1e-05 0 0 0 0 0 0 0 0 0 0 
1 0.70125 0.38379 0.16369 0.05478 0.01607 0.00402 0.00087 0.00019 0.0001 4e-05 2e-05 0 0 0 0 0 0 0 0 
1 0.70248 0.38372 0.15924 0.05281 0.01459 0.00332 0.00065 0.00016 6e-05 0 0 0 0 0 0 0 0 0 0 
1 0.69937 0.38285 0.15946 0.05391 0.01539 0.00363 0.00096 0.00025 6e-05 2.84273e-17 0 0 0 0 0 0 0 0 0 
1 0.70223 0.38662 0.16164 0.05206 0.0141 0.00353 0.00081 0.00021 4e-05 0 0 0 0 0 0 0 0 0 0 
1 0.70014 0.38449 0.16025 0.05399 0.01525 0.00383 0.0009 0.00026 6e-05 2e-05 0 0 0 0 0 0 0 0 0 
1 0.69957 0.38331 0.15982 0.05264 0.01504 0.00405 0.0009 0.00016 3e-05 0 0 0 0 0 0 0 0 0 0 
1 0.70239 0.38425 0.16134 0.053 0.01408 0.00368 0.00076 0.00015 2e-05 1e-05 0 0 0 0 0 0 0 0 0 
1 0.70005 0.37911 0.15745 0.05156 0.01458 0.00352 0.00075 8e-05 1e-05 0 0 0 0 0 0 0 0 0 0 
1 0.69699 0.38221 0.15912 0.0526 0.0148 0.00377 0.00074 0.0001 3e-05 1e-05 0 0 0 0 0 0 0 0 0 
1 0.69878 0.37979 0.15776 0.05108 0.01426 0.00339 0.00072 9e-05 0 0 0 0 0 0 0 0 0 0 0 
1 0.70269 0.38341 0.16128 0.05381 0.0155 0.00402 0.00087 0.00012 2e-05 0 0 0 0 0 0 0 0 0 0 
1 0.70126 0.3823 0.1616 0.05415 0.01515 0.00371 0.00068 0.00015 4e-05 1e-05 0 0 0 0 0 0 0 0 0 
1 0.70397 0.38452 0.1633 0.05558 0.01693 0.00446 0.00103 0.00028 5e-05 2e-05 0 0 0 0 0 0 0 0 0 
1 0.69801 0.38242 0.15906 0.05289 0.0146 0.00314 0.00061 0.0001 5e-05 2e-05 0 0 0 0 0 0 0 0 0 
1 0.70188 0.38585 0.16254 0.05442 0.01495 0.00399 0.00104 0.00022 4e-05 2e-05 1e-05 0 0 0 0 0 0 0 0 
1 0.70249 0.38596 0.16212 0.05399 0.01418 0.00333 0.00068 0.00014 4e-05 0 0 0 0 0 0 0 0 0 0 
1 0.69865 0.38089 0.15853 0.05247 0.01473 0.00335 0.0007 0.00012 1e-05 0 0 0 0 0 0 0 0 0 0 
1 0.69855 0.38047 0.1581 0.05299 0.0148 0.0035 0.00073 0.00014 4e-05 0 0 0 0 0 0 0 0 0 0 
1 0.69941 0.38399 0.16018 0.05312 0.01457 0.00323 0.0007 0.00011 4e-05 0 0 0 0 0 0 0 0 0 0 
1 0.70111 0.38208 0.15902 0.0529 0.01467 0.00373 0.0007 0.00015 1e-05 0 0 0 0 0 0 0 0 0 0 
1 0.70243 0.38679 0.16278 0.05471 0.0154 0.00364 0.00072 0.00013 0 0 0 0 0 0 0 0 0 0 0 
1 0.70153 0.38474 0.16165 0.05376 0.0151 0.00395 0.00092 0.00017 2e-05 1e-05 0 0 0 0 0 0 0 0 0 
1 0.70346 0.38668 0.16212 0.05333 0.01463 0.00337 0.00085 0.00016 3e-05 3.05311e-19 0 0 0 0 0 0 0 0 0 
1 0.69736 0.37956 0.15958 0.05223 0.015 0.00341 0.00086 0.00015 4e-05 2e-05 0 0 0 0 0 0 0 0 0 
1 0.70095 0.3823 0.15922 0.05405 0.01504 0.00373 0.00087 9e-05 1e-05 0 0 0 0 0 0 0 0 0 0 
1 0.69994 0.38287 0.15896 0.05274 0.01428 0.00368 0.00083 0.00023 5e-05 1e-05 0 0 0 0 0 0 0 0 0 
1 0.69743 0.37824 0.15804 0.05379 0.01587 0.00407 0.00092 0.00029 4e-05 1e-05 0 0 0 0 0 0 0 0 0 
1 0.69984 0.38287 0.16014 0.05307 0.01447 0.00345 0.00087 0.0001 3e-05 0 0 0 0 0 0 0 0 0 0 
1 0.7022 0.38365 0.15886 0.05235 0.01428 0.0034 0.00084 0.00019 4e-05 0 0 0 0 0 0 0 0 0 0 
1 0.7021 0.38393 0.15968 0.05393 0.015 0.00372 0.00074 0.00015 5e-05 0 0 0 0 0 0 0 0 0 0 
1 0.69982 0.38444 0.16015 0.05334 0.01448 0.00383 0.00089 0.00015 2e-05 0 0 0 0 0 0 0 0 0 0 
1 0.70029 0.383 0.1608 0.05306 0.01483 0.0036 0.00078 0.00017 4e-05 0 0 0 0 0 0 0 0 0 0 
1 0.69861 0.38333 0.16026 0.05443 0.01525 0.00423 0.00098 0.00019 4e-05 0 0 0 0 0 0 0 0 0 0 
1 0.7008 0.38344 0.15849 0.05375 0.01495 0.00391 0.00095 0.0002 5e-05 1e-05 0 0 0 0 0 0 0 0 0 
1 0.70197 0.38666 0.162 0.05344 0.01533 0.00405 0.001 0.00027 6e-05 1e-05 1e-05 1e-05 0 0 0 0 0 0 0 
1 0.70193 0.38376 0.16029 0.05337 0.01477 0.00359 0.00075 0.00015 1e-05 0 0 0 0 0 0 0 0 0 0 
1 0.70249 0.38525 0.16144 0.05377 0.0149 0.00365 0.00082 0.00015 2e-05 0 0 0 0 0 0 0 0 0 0 
1 0.70216 0.38662 0.16161 0.05481 0.01582 0.00399 0.00087 0.00016 2e-05 0 0 0 0 0 0 0 0 0 0 
1 0.69947 0.38284 0.15925 0.0529 0.01495 0.00383 0.00091 0.00018 6e-05 4e-05 3e-05 1e-05 0 0 0 0 0 0 0 
1 0.7024 0.38494 0.1608 0.05385 0.01523 0.00383 0.00087 0.00014 4e-05 0 0 0 0 0 0 0 0 0 0 
1 0.69783 0.37962 0.15604 0.05114 0.01445 0.00358 0.0008 0.00019 8e-05 1e-05 1e-05 0 0 0 0 0 0 0 0 
1 0.70007 0.38361 0.16268 0.05503 0.01556 0.0039 0.00099 0.00014 2e-05 0 0 0 0 0 0 0 0 0 0 
1 0.69931 0.386 0.16233 0.05451 0.01544 0.00368 0.00083 0.00015 4e-05 2e-05 0 0 0 0 0 0 0 0 0 
1 0.70352 0.38551 0.15941 0.05235 0.0148 0.00344 0.00096 0.00024 2.74419e-17 0 0 0 0 0 0 0 0 0 0 
1 0.70171 0.38603 0.161 0.0524 0.01458 0.00364 0.00067 0.00013 2e-05 1e-05 0 0 0 0 0 0 0 0 0 
1 0.70137 0.3834 0.15977 0.05382 0.01483 0.00344 0.00078 0.00011 2e-05 0 0 0 0 0 0 0 0 0 0 
1 0.70197 0.38592 0.16051 0.05225 0.01477 0.00373 0.00091 0.00019 3e-05 1e-05 0 0 0 0 0 0 0 0 0 
1 0.70008 0.38721 0.16143 0.05366 0.01464 0.00363 0.00069 0.00015 2e-05 0 0 0 0 0 0 0 0 0 0 
1 0.6984 0.38009 0.15777 0.05188 0.01472 0.00331 0.00066 6e-05 2e-05 1e-05 0 0 0 0 0 0 0 0 0 
1 0.70082 0.38479 0.16347 0.05546 0.01601 0.00408 0.0009 0.00027 6e-05 1e-05 0 0 0 0 0 0 0 0 0 
1 0.69997 0.38329 0.16059 0.05219 0.01443 0.00328 0.00081 0.00013 3e-05 0 0 0 0 0 0 0 0 0 0 
1 0.70085 0.38591 0.1644 0.05516 0.01595 0.00453 0.00092 0.00016 4e-05 0 0 0 0 0 0 0 0 0 0 
1 0.69847 0.38299 0.15887 0.05249 0.01466 0.00387 0.00097 0.00018 3e-05 0 0 0 0 0 0 0 0 0 0 
1 0.70188 0.38182 0.15912 0.05207 0.0147 0.00356 0.00079 8e-05 1e-05 0 0 0 0 0 0 0 0 0 0 
1 0.69665 0.37915 0.15863 0.05184 0.01419 0.00305 0.00065 0.00014 3e-05 0 0 0 0 0 0 0 0 0 0 
1 0.70119 0.38254 0.15965 0.05538 0.0152 0.00371 0.00085 0.00019 3e-05 2e-05 0 0 0 0 0 0 0 0 0 
1 0.69833 0.38256 0.15917 0.05191 0.01482 0.00312 0.00063 0.00014 6e-05 3e-05 0 0 0 0 0 0 0 0 0 
1 0.70249 0.38336 0.15961 0.05305 0.01471 0.00402 0.00096 0.0002 2e-05 0 0 0 0 0 0 0 0 0 0 
1 0.70081 0.38394 0.16112 0.05224 0.01467 0.00317 0.00057 4e-05 3e-05 0 0 0 0 0 0 0 0 0 0 
1 0.70041 0.38213 0.16004 0.05342 0.01464 0.00367 0.00068 0.0002 4e-05 0 0 0 0 0 0 0 0 0 0 
1 0.69981 0.38306 0.16202 0.05311 0.01508 0.00371 0.00081 0.0001 1e-05 1e-05 0 0 0 0 0 0 0 0 0 
1 0.69882 0.3835 0.16117 0.05309 0.01495 0.00353 0.00085 0.00018 5e-05 1e-05 1e-05 0 0 0 0 0 0 0 0 
1 0.69961 0.38563 0.16436 0.05475 0.01518 0.00364 0.00068 0.00016 2e-05 0 0 0 0 0 0 0 0 0 0 
1 0.6995 0.38421 0.16076 0.05389 0.01473 0.00371 0.00093 0.00018 4e-05 2e-05 1e-05 0 0 0 0 0 0 0 0 
1 0.7002 0.38631 0.16225 0.05444 0.01522 0.00394 0.00102 0.00025 4e-05 0 0 0 0 0 0 0 0 0 0 
1 0.70055 0.38331 0.16155 0.05545 0.01568 0.00383 0.00083 0.00012 3.35204e-17 0 0 0 0 0 0 0 0 0 0 
1 0.70082 0.38228 0.15744 0.05186 0.01435 0.00356 0.00078 0.00019 5e-05 0 0 0 0 0 0 0 0 0 0 
1 0.69844 0.38163 0.15827 0.05192 0.01375 0.0036 0.00085 0.00017 2e-05 0 0 0 0 0 0 0 0 0 0 
1 0.69933 0.38328 0.16024 0.05437 0.01547 0.00435 0.00111 0.00027 0.0001 2e-05 0 0 0 0 0 0 0 0 0 
1 0.70303 0.38609 0.16171 0.05332 0.01496 0.00401 0.00083 0.00017 4e-05 1e-05 0 0 0 0 0 0 0 0 0 
1 0.70072 0.38107 0.15871 0.05356 0.01554 0.00376 0.00079 0.00017 6e-05 0 0 0 0 0 0 0 0 0 0 
1 0.69915 0.3801 0.15914 0.05404 0.01614 0.0039 0.00091 0.00019 3e-05 1e-05 1e-05 1e-05 0 0 0 0 0 0 0 
1 0.70169 0.38473 0.16269 0.05496 0.01567 0.00425 0.00106 0.00023 2e-05 0 0 0 0 0 0 0 0 0 0 
1 0.69711 0.38339 0.15936 0.05311 0.01461 0.00377 0.00084 0.00017 1e-05 0 0 0 0 0 0 0 0 0 0 
1 0.69951 0.38396 0.16027 0.05338 0.01569 0.00418 0.00103 0.00027 2e-05 1e-05 0 0 0 0 0 0 0 0 0 
1 0.69827 0.38131 0.15771 0.05243 0.01478 0.00366 0.00087 0.00023 7e-05 2e-05 1e-05 1e-05 0 0 0 0 0 0 0 
1 0.70226 0.38676 0.16265 0.05614 0.01591 0.00416 0.00095 0.00015 0 0 0 0 0 0 0 0 0 0 0 
1 0.70262 0.38677 0.16385 0.05493 0.01587 0.00434 0.00115 0.00025 2e-05 0 0 0 0 0 0 0 0 0 0 
