1 0.949892 0.852074 0.717299 0.577374 0.455001 0.354859 0.275921 0.214086 0.165821 0.128642 0.100082 0.078175 0.061003 0.047622 0.037008 0.028774 0.022312 0.017434 0.013571 
1 0.95013 0.851805 0.714082 0.572537 0.44809 0.348213 0.269456 0.208109 0.161021 0.1247 0.096488 0.074948 0.058158 0.044933 0.034966 0.027314 0.021262 0.016696 0.013184 
1 0.949773 0.850723 0.712912 0.570234 0.445588 0.344726 0.266016 0.204571 0.157295 0.121355 0.094006 0.072928 0.056823 0.044185 0.034351 0.026863 0.021197 0.016842 0.01351 
1 0.950501 0.852963 0.717547 0.576713 0.45331 0.35338 0.274657 0.213663 0.166249 0.129081 0.10018 0.077765 0.060484 0.047131 0.036953 0.028903 0.022539 0.017537 0.013685 
1 0.949822 0.851037 0.713863 0.572652 0.448081 0.347084 0.268899 0.208221 0.160946 0.124757 0.096564 0.074914 0.058288 0.045438 0.035278 0.027377 0.021238 0.016503 0.012743 
1 0.949982 0.851024 0.713609 0.572043 0.448766 0.348397 0.269691 0.208328 0.160515 0.123439 0.094871 0.073012 0.056187 0.043148 0.033244 0.025412 0.019372 0.01471 0.01118 
1 0.950417 0.852231 0.716718 0.575618 0.451528 0.351154 0.271901 0.209729 0.161819 0.124558 0.095522 0.073601 0.056441 0.04327 0.033065 0.025224 0.019336 0.014859 0.011423 
1 0.950795 0.853635 0.718123 0.578272 0.45604 0.356104 0.2777 0.216395 0.169066 0.132338 0.103477 0.080714 0.062781 0.049123 0.038578 0.030232 0.023477 0.018308 0.014401 
1 0.949105 0.849035 0.71027 0.567425 0.443114 0.34346 0.264945 0.20438 0.158285 0.122523 0.095168 0.07396 0.05745 0.044648 0.034911 0.02717 0.021016 0.016432 0.012956 
1 0.950012 0.851427 0.714254 0.572578 0.448961 0.349089 0.270219 0.209014 0.161966 0.125161 0.09695 0.074821 0.057992 0.044943 0.034594 0.026488 0.020407 0.015691 0.012007 
1 0.949501 0.850158 0.713167 0.571835 0.449619 0.350631 0.272068 0.210529 0.162593 0.125667 0.097323 0.075585 0.058666 0.045698 0.035728 0.027724 0.021289 0.016289 0.012357 
1 0.950282 0.851367 0.714294 0.571387 0.446272 0.345565 0.266482 0.205572 0.158501 0.122181 0.094491 0.07301 0.056192 0.04334 0.033529 0.025673 0.019633 0.014994 0.011326 
1 0.949604 0.849718 0.712003 0.571141 0.447713 0.347277 0.268623 0.207708 0.160837 0.124583 0.096863 0.075205 0.058296 0.045426 0.035423 0.027589 0.021743 0.017085 0.013217 
1 0.950431 0.852205 0.715899 0.574241 0.451501 0.352319 0.273541 0.212335 0.164939 0.127821 0.09899 0.07667 0.059402 0.045993 0.035544 0.027371 0.020909 0.015983 0.012197 
1 0.950467 0.852048 0.715565 0.574572 0.450437 0.35006 0.27125 0.209219 0.161581 0.124166 0.095784 0.073653 0.056966 0.044261 0.034261 0.026661 0.020889 0.016235 0.012515 
1 0.950352 0.850942 0.713837 0.573112 0.450463 0.351257 0.272781 0.211598 0.16442 0.127228 0.098708 0.075957 0.058392 0.044713 0.034214 0.025929 0.019532 0.014721 0.011019 
1 0.950604 0.852734 0.716878 0.576581 0.454294 0.354678 0.276362 0.214717 0.166089 0.128529 0.099265 0.076699 0.059148 0.045384 0.034804 0.02643 0.019784 0.014685 0.010761 
1 0.949786 0.851247 0.714151 0.571879 0.448857 0.348856 0.269555 0.207703 0.159918 0.123042 0.094664 0.072649 0.056063 0.04335 0.033551 0.026092 0.020307 0.015708 0.012069 
1 0.950802 0.853721 0.718391 0.577956 0.455 0.355523 0.27677 0.2145 0.166179 0.128836 0.099853 0.077523 0.060313 0.046986 0.036539 0.028329 0.022073 0.017227 0.01346 
1 0.950001 0.851148 0.712727 0.571167 0.44762 0.347668 0.268965 0.207704 0.160873 0.124737 0.09611 0.074114 0.057259 0.044591 0.034473 0.026697 0.020588 0.01578 0.012201 
1 0.9501 0.852123 0.715737 0.574956 0.450923 0.350026 0.270371 0.208562 0.160618 0.123805 0.095182 0.072968 0.055679 0.042497 0.032391 0.024807 0.019039 0.014658 0.011312 
1 0.949177 0.849359 0.710714 0.567531 0.443108 0.343845 0.265854 0.205099 0.158226 0.122152 0.093719 0.072007 0.05511 0.042084 0.032227 0.024729 0.019029 0.014617 0.011342 
1 0.949772 0.850711 0.712612 0.570251 0.445978 0.346058 0.267476 0.205909 0.158223 0.121529 0.093394 0.071948 0.05545 0.043165 0.033513 0.026211 0.020659 0.016253 0.01283 
1 0.949597 0.850059 0.713222 0.57196 0.448269 0.348097 0.269743 0.208681 0.161826 0.125883 0.097933 0.076421 0.059518 0.046349 0.035982 0.027734 0.02133 0.016222 0.012302 
1 0.950335 0.852844 0.717667 0.576612 0.454001 0.35416 0.275221 0.212985 0.164251 0.127067 0.098208 0.075825 0.058762 0.045589 0.035503 0.02757 0.021216 0.016389 0.01252 
1 0.949895 0.851236 0.714067 0.570821 0.446344 0.345536 0.266515 0.204995 0.15774 0.121148 0.09309 0.071785 0.055534 0.042879 0.033297 0.02594 0.02036 0.015918 0.012533 
1 0.949564 0.849364 0.711394 0.568671 0.444551 0.344647 0.266475 0.205772 0.158742 0.1226 0.09447 0.072656 0.056048 0.043033 0.03296 0.025387 0.019692 0.015257 0.011711 
1 0.950094 0.85224 0.716096 0.575083 0.452705 0.352834 0.273715 0.211749 0.164429 0.127772 0.099507 0.077301 0.060152 0.046751 0.036267 0.028032 0.021693 0.016765 0.012874 
1 0.94953 0.850501 0.71429 0.572934 0.450003 0.349902 0.270774 0.209063 0.160969 0.124038 0.095866 0.074565 0.057869 0.044762 0.034665 0.026845 0.020511 0.015527 0.011712 
1 0.950354 0.852208 0.715863 0.57477 0.450962 0.350686 0.272228 0.21168 0.165078 0.128681 0.100586 0.078764 0.061959 0.048718 0.038349 0.029856 0.023257 0.018132 0.014196 
1 0.949082 0.848908 0.710374 0.56819 0.444271 0.344211 0.265467 0.204322 0.156732 0.120227 0.092201 0.070511 0.053782 0.041094 0.031429 0.024012 0.018328 0.01406 0.010925 
1 0.949557 0.849849 0.712474 0.570667 0.446489 0.345746 0.266072 0.203999 0.156162 0.119104 0.090667 0.069117 0.052784 0.040263 0.030876 0.023832 0.018453 0.014191 0.010934 
1 0.950019 0.851258 0.714732 0.573296 0.449417 0.348811 0.269558 0.208573 0.161002 0.124215 0.095931 0.07377 0.057103 0.044254 0.034372 0.026824 0.021003 0.016542 0.013063 
1 0.94997 0.851348 0.713755 0.571647 0.447753 0.347979 0.269999 0.208663 0.161275 0.124792 0.096336 0.074345 0.057494 0.044495 0.034052 0.026162 0.020172 0.015421 0.011819 
1 0.949867 0.851995 0.715381 0.574302 0.450306 0.350126 0.271435 0.210474 0.163089 0.126185 0.09745 0.074836 0.056947 0.043516 0.033068 0.0252 0.019104 0.014423 0.010948 
1 0.949701 0.851113 0.714002 0.572301 0.448767 0.34876 0.269947 0.208269 0.160805 0.123698 0.094662 0.072468 0.055146 0.041799 0.031703 0.023991 0.01805 0.013559 0.009989 
1 0.95052 0.852766 0.71815 0.577099 0.452909 0.352717 0.274119 0.212681 0.164973 0.127617 0.098425 0.075915 0.058371 0.044814 0.034185 0.026248 0.020239 0.015514 0.011919 
1 0.950522 0.853327 0.718471 0.579342 0.457255 0.357845 0.279281 0.217429 0.169576 0.132236 0.103773 0.081432 0.063774 0.049907 0.039312 0.030902 0.024477 0.019015 0.01497 
1 0.949974 0.850785 0.713553 0.572073 0.44809 0.347667 0.269034 0.208047 0.160497 0.123695 0.094934 0.072976 0.056111 0.043122 0.033164 0.025515 0.019731 0.015201 0.011676 
1 0.950505 0.852571 0.716532 0.576554 0.453442 0.353252 0.273475 0.210814 0.161796 0.123761 0.094658 0.072501 0.055424 0.042451 0.032515 0.024999 0.019078 0.014512 0.010939 
1 0.950244 0.852837 0.717194 0.576192 0.452733 0.352013 0.272884 0.211131 0.162962 0.125608 0.096988 0.074834 0.057668 0.044116 0.033742 0.02562 0.019316 0.014567 0.010886 
1 0.949874 0.850818 0.713722 0.572591 0.449137 0.34953 0.271957 0.21149 0.165117 0.128703 0.100437 0.078444 0.061035 0.047481 0.036844 0.028609 0.022162 0.016927 0.012848 
1 0.95014 0.852274 0.715979 0.573686 0.449551 0.34891 0.270109 0.208851 0.161571 0.125246 0.096538 0.074425 0.057153 0.043882 0.033648 0.025762 0.019383 0.014612 0.010942 
1 0.949979 0.851998 0.71633 0.575167 0.45158 0.351123 0.272257 0.210614 0.162511 0.125491 0.096783 0.07468 0.057691 0.044698 0.034467 0.02657 0.020484 0.015558 0.0118 
1 0.949666 0.851486 0.713282 0.571247 0.446754 0.346415 0.267135 0.205505 0.158721 0.122903 0.095497 0.074375 0.058022 0.045523 0.035547 0.027744 0.021658 0.016862 0.013054 
1 0.949419 0.850818 0.714177 0.572067 0.447999 0.348019 0.269177 0.207846 0.160266 0.123454 0.094662 0.072494 0.0551 0.04196 0.031913 0.024254 0.018579 0.014126 0.010762 
1 0.950279 0.851554 0.7148 0.573374 0.449399 0.349719 0.271337 0.210283 0.16304 0.12644 0.097968 0.075747 0.058537 0.0449 0.034617 0.026849 0.0209 0.016368 0.01282 
1 0.949542 0.849911 0.711992 0.569815 0.447209 0.347325 0.268762 0.208082 0.160915 0.124484 0.096466 0.074417 0.057973 0.045083 0.035346 0.02775 0.021606 0.016719 0.012814 
1 0.949519 0.851035 0.71475 0.573298 0.449797 0.349423 0.269877 0.20845 0.161168 0.125069 0.096885 0.075205 0.058577 0.045661 0.035754 0.028046 0.022214 0.017592 0.013955 
1 0.950411 0.85271 0.717817 0.577912 0.455585 0.356114 0.277788 0.216962 0.16934 0.132667 0.10424 0.082254 0.064972 0.051064 0.039928 0.031239 0.024639 0.019608 0.015674 
1 0.950013 0.851811 0.715704 0.574403 0.451183 0.351486 0.273003 0.212227 0.165196 0.128192 0.099148 0.076711 0.059225 0.045828 0.035221 0.027334 0.02106 0.016315 0.012715 
1 0.950545 0.853044 0.717545 0.578158 0.455666 0.356731 0.278613 0.217339 0.169489 0.133038 0.104885 0.082658 0.065083 0.051262 0.040487 0.031998 0.025467 0.020412 0.016217 
1 0.950018 0.852067 0.716046 0.575095 0.451794 0.351205 0.271796 0.210688 0.163363 0.126979 0.098734 0.076701 0.059677 0.046352 0.035938 0.027687 0.021277 0.016322 0.012494 
1 0.950485 0.852353 0.716521 0.576432 0.45378 0.354604 0.276154 0.214259 0.166396 0.129418 0.100417 0.0781 0.060682 0.047033 0.036666 0.028277 0.021652 0.016578 0.012741 
1 0.950035 0.851365 0.715121 0.573737 0.450165 0.350234 0.271266 0.209835 0.161703 0.124761 0.095774 0.073562 0.056082 0.042916 0.03273 0.024808 0.018729 0.014021 0.010405 
1 0.950122 0.851366 0.714931 0.574101 0.450942 0.350634 0.271775 0.209881 0.162134 0.124998 0.096335 0.074412 0.05739 0.044244 0.034047 0.026133 0.019942 0.015332 0.011659 
1 0.949582 0.849585 0.711365 0.568738 0.444346 0.34339 0.264269 0.203144 0.156176 0.120132 0.092258 0.07097 0.054492 0.04178 0.031978 0.02447 0.018597 0.014124 0.010571 
1 0.949663 0.850589 0.713286 0.571409 0.448366 0.34833 0.269942 0.208482 0.160622 0.123274 0.094535 0.072321 0.055093 0.041701 0.031431 0.023572 0.017697 0.013173 0.009728 
1 0.949355 0.849058 0.710389 0.567868 0.443794 0.342924 0.263837 0.202823 0.15534 0.118544 0.090591 0.069191 0.053185 0.040863 0.031394 0.023816 0.018 0.013417 0.009904 
1 0.950021 0.851623 0.715219 0.573923 0.450636 0.351136 0.272618 0.2112 0.163202 0.12589 0.09674 0.074664 0.057552 0.044566 0.034739 0.027101 0.021268 0.016735 0.013198 
1 0.950259 0.853306 0.717712 0.577173 0.454351 0.354363 0.275574 0.214623 0.167025 0.130375 0.101625 0.079087 0.06157 0.047824 0.0373 0.029152 0.022786 0.017827 0.013944 
1 0.950866 0.853963 0.719203 0.580372 0.458716 0.359752 0.282537 0.221332 0.173004 0.135499 0.106239 0.082817 0.06445 0.049958 0.038608 0.029836 0.02307 0.017808 0.013704 
1 0.950072 0.850861 0.713661 0.572114 0.448083 0.347796 0.26861 0.206926 0.159384 0.12278 0.094843 0.073416 0.056892 0.043957 0.034061 0.02624 0.020117 0.015426 0.011664 
1 0.950269 0.852284 0.716597 0.575538 0.451954 0.351766 0.27408 0.213249 0.165845 0.128933 0.100322 0.07792 0.060585 0.047054 0.036566 0.028218 0.021713 0.016633 0.012679 
1 0.951093 0.853953 0.71852 0.578278 0.455406 0.355598 0.276586 0.21505 0.166862 0.129413 0.100638 0.078666 0.061096 0.047467 0.036956 0.028595 0.022212 0.016947 0.012925 
1 0.94999 0.85132 0.714632 0.572963 0.449391 0.348557 0.269302 0.208057 0.159988 0.122745 0.094289 0.072334 0.055381 0.042423 0.032317 0.024622 0.018722 0.014305 0.01095 
1 0.950381 0.852937 0.716705 0.575345 0.451413 0.351828 0.273554 0.21293 0.165882 0.12932 0.10118 0.079516 0.062149 0.048353 0.037848 0.0298 0.023433 0.01843 0.014585 
1 0.950214 0.851165 0.714618 0.573709 0.452239 0.353698 0.275503 0.214047 0.16628 0.128692 0.099258 0.076258 0.058682 0.045159 0.034839 0.026845 0.0209 0.016184 0.01248 
1 0.950354 0.852316 0.716296 0.575904 0.45385 0.354587 0.276529 0.215352 0.167236 0.130233 0.100975 0.078006 0.060216 0.046454 0.035555 0.027152 0.020742 0.015899 0.012121 
1 0.948946 0.848719 0.71015 0.567944 0.444398 0.344415 0.266096 0.205295 0.158411 0.121962 0.093804 0.071955 0.055028 0.042253 0.032399 0.024829 0.018966 0.014537 0.011147 
1 0.949139 0.848068 0.708915 0.566165 0.441951 0.341855 0.263501 0.203176 0.155933 0.119646 0.091986 0.070801 0.054243 0.041834 0.032215 0.025017 0.019225 0.014819 0.011496 
1 0.949575 0.850539 0.712872 0.569873 0.445791 0.344702 0.266116 0.205259 0.158514 0.122182 0.094525 0.072964 0.056612 0.043531 0.033382 0.025483 0.019356 0.014763 0.01122 
1 0.949818 0.851675 0.715299 0.575162 0.452438 0.352647 0.273722 0.212282 0.165002 0.12813 0.099729 0.077072 0.059369 0.045614 0.034961 0.026544 0.019959 0.014969 0.011231 
1 0.950528 0.852962 0.718011 0.577655 0.455243 0.355266 0.276362 0.214602 0.166775 0.129626 0.100598 0.077781 0.059882 0.04624 0.035532 0.027337 0.020908 0.016108 0.012478 
1 0.950274 0.852126 0.715324 0.574139 0.450653 0.350482 0.271516 0.209837 0.162475 0.126465 0.098687 0.076928 0.059935 0.046787 0.036592 0.02869 0.02258 0.017621 0.013762 
1 0.950424 0.852936 0.718054 0.578745 0.456878 0.357778 0.27867 0.215976 0.167045 0.129268 0.100185 0.077758 0.060139 0.046216 0.035682 0.02737 0.020855 0.015837 0.011975 
1 0.949998 0.851038 0.714055 0.572326 0.448584 0.348259 0.268888 0.206574 0.158197 0.120711 0.092267 0.070534 0.054194 0.041371 0.031764 0.024304 0.018921 0.014537 0.010976 
1 0.950635 0.852799 0.716703 0.575543 0.452321 0.352971 0.274453 0.212998 0.165334 0.128444 0.099946 0.077582 0.060023 0.046542 0.036005 0.02783 0.021395 0.016474 0.012633 
1 0.950281 0.851752 0.715041 0.574229 0.450297 0.350031 0.27076 0.209333 0.160717 0.12346 0.09482 0.072644 0.05563 0.042604 0.032328 0.024342 0.018382 0.013902 0.010478 
1 0.950602 0.853461 0.718834 0.579044 0.456406 0.35699 0.278523 0.217512 0.170487 0.133674 0.10487 0.082606 0.064808 0.050856 0.03994 0.031469 0.024775 0.019464 0.015166 
1 0.950881 0.853311 0.717299 0.57565 0.451718 0.350763 0.271348 0.209866 0.161803 0.124755 0.096001 0.074185 0.057155 0.043872 0.033464 0.025372 0.019076 0.014303 0.010781 
1 0.950267 0.852046 0.716034 0.575364 0.452954 0.352288 0.273324 0.211481 0.163641 0.126496 0.097631 0.075434 0.058189 0.044773 0.034443 0.026421 0.020349 0.015785 0.012283 
1 0.949481 0.849479 0.70981 0.565902 0.441728 0.342457 0.263812 0.202988 0.156419 0.120811 0.093173 0.071754 0.055412 0.042955 0.033121 0.025586 0.019817 0.0153 0.011926 
1 0.949535 0.849211 0.710545 0.567264 0.442577 0.341771 0.263485 0.203277 0.157085 0.120998 0.093344 0.072215 0.056196 0.043715 0.033917 0.026314 0.020227 0.015484 0.011741 
1 0.950017 0.851402 0.714379 0.572711 0.448806 0.348771 0.270175 0.208915 0.161579 0.12495 0.096958 0.075195 0.05817 0.04501 0.03496 0.027279 0.021327 0.016672 0.013113 
1 0.950026 0.851849 0.715575 0.574306 0.450661 0.34988 0.270359 0.209051 0.161545 0.12446 0.095941 0.073812 0.056592 0.043781 0.033516 0.025815 0.019828 0.015302 0.011736 
1 0.949923 0.851623 0.71558 0.574954 0.452291 0.352923 0.274755 0.213196 0.165071 0.127275 0.09817 0.075829 0.058278 0.044864 0.034422 0.026341 0.01995 0.015239 0.011628 
1 0.949604 0.85092 0.712887 0.57168 0.449498 0.349552 0.270512 0.209106 0.161356 0.12473 0.095946 0.073603 0.056581 0.043694 0.033777 0.026164 0.020243 0.015593 0.012027 
1 0.95067 0.853182 0.717787 0.576771 0.452702 0.352419 0.273078 0.211439 0.16369 0.126932 0.098634 0.076372 0.058946 0.045231 0.034754 0.026884 0.020749 0.01602 0.012399 
1 0.950643 0.852097 0.715396 0.57385 0.450736 0.351008 0.273321 0.21271 0.165499 0.128916 0.100918 0.079263 0.062181 0.049012 0.038593 0.030404 0.02401 0.019077 0.015128 
1 0.950642 0.853131 0.717623 0.577813 0.454705 0.353846 0.274391 0.212553 0.164862 0.127922 0.098718 0.076 0.058651 0.045083 0.034383 0.025969 0.019757 0.015023 0.011591 
1 0.950199 0.852222 0.715853 0.575469 0.452545 0.35202 0.272388 0.210328 0.162088 0.125548 0.097442 0.075273 0.058138 0.044812 0.034813 0.027052 0.02093 0.016213 0.012398 
1 0.949864 0.850406 0.71296 0.570366 0.446298 0.345912 0.267006 0.206433 0.159797 0.123484 0.095216 0.073542 0.056986 0.044241 0.034391 0.026829 0.021035 0.016468 0.012986 
1 0.949067 0.84975 0.710707 0.56783 0.442363 0.342063 0.263388 0.202955 0.156394 0.120233 0.092405 0.071206 0.054835 0.042459 0.032872 0.025494 0.019836 0.015446 0.012019 
1 0.950183 0.852275 0.714937 0.572929 0.44818 0.347137 0.267586 0.206051 0.158146 0.121543 0.093099 0.07118 0.054683 0.041717 0.031823 0.024344 0.018825 0.014615 0.011266 
1 0.950174 0.851716 0.714896 0.573076 0.449084 0.348827 0.26965 0.208041 0.160829 0.123809 0.094893 0.072468 0.055208 0.041773 0.031351 0.023489 0.017678 0.013442 0.010034 
1 0.949998 0.851663 0.715582 0.574827 0.452017 0.352715 0.274433 0.213708 0.166068 0.12874 0.10011 0.077438 0.060228 0.04695 0.036681 0.028697 0.02241 0.017408 0.013538 
1 0.950183 0.851502 0.715229 0.57395 0.449887 0.348995 0.269979 0.20846 0.159999 0.12273 0.094191 0.07272 0.056352 0.043734 0.033983 0.026693 0.020876 0.016547 0.013057 
1 0.949492 0.849836 0.711418 0.569108 0.443873 0.343157 0.265023 0.203878 0.156391 0.12006 0.091929 0.070237 0.053802 0.041279 0.031382 0.023774 0.018091 0.013737 0.010412 
1 0.949423 0.850418 0.712883 0.571199 0.44638 0.346535 0.26826 0.207121 0.15993 0.12375 0.095662 0.073951 0.057432 0.044483 0.034719 0.02713 0.021346 0.016812 0.013127 
1 0.950016 0.852162 0.716156 0.575304 0.451456 0.35192 0.272626 0.211571 0.164191 0.127062 0.098214 0.075933 0.058705 0.045698 0.035839 0.028095 0.021986 0.017047 0.01305 
1 0.950844 0.853358 0.717653 0.577764 0.454074 0.353398 0.274539 0.213144 0.16579 0.128934 0.100108 0.077575 0.059765 0.045906 0.035457 0.027407 0.021046 0.016187 0.01227 
1 0.949378 0.849095 0.710008 0.56653 0.441758 0.340919 0.262226 0.201142 0.153912 0.118206 0.090491 0.069165 0.053049 0.040696 0.031362 0.02415 0.018798 0.014622 0.011328 
1 0.949886 0.851452 0.714478 0.572363 0.448268 0.347698 0.269289 0.207736 0.159775 0.123084 0.094892 0.072827 0.055916 0.043221 0.033434 0.025785 0.019833 0.015218 0.011742 
1 0.950662 0.853267 0.717892 0.57695 0.45362 0.353725 0.275169 0.214016 0.16648 0.129351 0.100288 0.078218 0.060914 0.047148 0.036582 0.028326 0.021772 0.016629 0.012666 
1 0.9499 0.851438 0.714326 0.572115 0.447349 0.346211 0.267172 0.205943 0.158775 0.122798 0.094724 0.073047 0.056519 0.04358 0.033704 0.026046 0.020253 0.015747 0.012243 
1 0.950746 0.852624 0.71574 0.573989 0.450357 0.349648 0.269755 0.207515 0.159684 0.122855 0.094728 0.073093 0.056375 0.043449 0.033371 0.025602 0.019412 0.014708 0.010965 
1 0.950051 0.850924 0.713545 0.571275 0.447099 0.347289 0.268962 0.208778 0.162088 0.12639 0.099019 0.077865 0.061266 0.048577 0.038432 0.03034 0.024023 0.018888 0.014892 
1 0.950142 0.851581 0.716038 0.575186 0.452766 0.353471 0.274991 0.214584 0.167497 0.131077 0.102593 0.080439 0.063651 0.050479 0.039849 0.03146 0.024641 0.019301 0.015038 
1 0.949252 0.849719 0.712005 0.569979 0.445833 0.344722 0.267207 0.207582 0.161352 0.124963 0.09685 0.075556 0.059039 0.046167 0.036215 0.028433 0.022397 0.017682 0.013922 
1 0.949243 0.848998 0.710416 0.567504 0.44376 0.343448 0.264601 0.203732 0.15684 0.12083 0.093393 0.072269 0.056151 0.043843 0.034245 0.026652 0.020865 0.016432 0.012853 
1 0.950203 0.851524 0.715323 0.574828 0.451667 0.351794 0.273601 0.212328 0.164661 0.127599 0.098801 0.076542 0.05935 0.045868 0.035572 0.02749 0.0212 0.016402 0.012676 
1 0.949507 0.849655 0.712391 0.570495 0.446838 0.347638 0.268832 0.207397 0.160089 0.123853 0.095417 0.073881 0.057463 0.044808 0.034924 0.027119 0.021095 0.016528 0.013162 
1 0.950624 0.853031 0.717047 0.576524 0.45315 0.352655 0.273732 0.211887 0.164031 0.127226 0.098827 0.076836 0.059808 0.046653 0.036185 0.028203 0.022226 0.0174 0.013672 
1 0.950112 0.85216 0.715785 0.574154 0.450272 0.349893 0.271015 0.209486 0.161461 0.124168 0.095396 0.073376 0.05643 0.043481 0.033529 0.025845 0.019917 0.015282 0.011736 
1 0.95048 0.852354 0.715787 0.574256 0.450039 0.350465 0.271412 0.209786 0.161937 0.125252 0.096584 0.074524 0.057627 0.044778 0.035085 0.027609 0.021996 0.017443 0.013787 
1 0.950054 0.85242 0.716526 0.575769 0.452827 0.352705 0.273033 0.211199 0.162882 0.125771 0.096907 0.074768 0.057767 0.044334 0.033878 0.026062 0.019885 0.01516 0.011714 
1 0.949509 0.85043 0.713414 0.57106 0.447551 0.347353 0.268744 0.207966 0.160959 0.124539 0.095989 0.074022 0.056879 0.043605 0.033595 0.025833 0.019746 0.015148 0.011475 
1 0.950248 0.851819 0.714992 0.573501 0.450334 0.350957 0.272497 0.211424 0.164151 0.127754 0.099744 0.077683 0.060524 0.047069 0.03635 0.02806 0.021621 0.01692 0.013152 
1 0.94953 0.85092 0.712719 0.570324 0.445893 0.345514 0.266896 0.206076 0.159086 0.122486 0.093923 0.072061 0.055378 0.042572 0.03265 0.024953 0.019085 0.014496 0.011031 
1 0.950004 0.852703 0.716407 0.576249 0.453597 0.354217 0.275807 0.21437 0.166663 0.129573 0.100867 0.07834 0.060867 0.047178 0.036562 0.028361 0.021942 0.016912 0.012964 
1 0.950279 0.852531 0.715995 0.574798 0.451162 0.349635 0.269617 0.206846 0.158402 0.121464 0.093149 0.070684 0.053857 0.040965 0.031192 0.023672 0.017941 0.013464 0.010201 
1 0.950485 0.852691 0.71697 0.576065 0.451967 0.351431 0.272114 0.210858 0.163527 0.126644 0.097999 0.075739 0.058543 0.045154 0.034906 0.026852 0.020498 0.015684 0.01196 
1 0.950097 0.851741 0.716137 0.575941 0.453173 0.353686 0.275244 0.21359 0.165421 0.127842 0.098286 0.075226 0.057829 0.044265 0.033843 0.025789 0.019622 0.014947 0.011289 
1 0.949896 0.850982 0.7137 0.572042 0.446862 0.344967 0.265282 0.203217 0.1553 0.118531 0.090421 0.06923 0.052971 0.040787 0.031373 0.024174 0.018679 0.014452 0.011277 
1 0.950038 0.850638 0.711889 0.569302 0.444891 0.344414 0.264709 0.203185 0.155921 0.118993 0.090702 0.068481 0.051292 0.038057 0.027946 0.020532 0.014866 0.01074 0.007841 
1 0.950308 0.852181 0.715368 0.574614 0.451659 0.352693 0.274589 0.213503 0.166059 0.128874 0.099584 0.076745 0.058949 0.045318 0.034669 0.026522 0.020405 0.015663 0.012021 
1 0.949166 0.849632 0.711579 0.568234 0.442746 0.341711 0.261842 0.200231 0.152964 0.116622 0.089151 0.068249 0.052331 0.040238 0.03098 0.023792 0.018139 0.013825 0.010578 
1 0.950469 0.852728 0.717616 0.577731 0.455308 0.355775 0.27736 0.215522 0.167568 0.130344 0.101742 0.079399 0.06205 0.048689 0.038118 0.029753 0.023193 0.018053 0.013935 
1 0.950417 0.851958 0.71567 0.574682 0.451439 0.351197 0.272031 0.210627 0.162874 0.125817 0.097345 0.075329 0.058181 0.045115 0.03507 0.027383 0.021471 0.01682 0.013223 
1 0.949897 0.85101 0.713926 0.572396 0.448241 0.347795 0.268978 0.207539 0.160286 0.123621 0.09486 0.072879 0.055807 0.042793 0.032735 0.025028 0.018962 0.014281 0.010854 
1 0.949909 0.850685 0.712973 0.570258 0.445823 0.344792 0.265781 0.204593 0.157581 0.120871 0.092775 0.071093 0.054494 0.041675 0.031644 0.024155 0.018291 0.013876 0.010409 
1 0.950022 0.851571 0.715467 0.574263 0.450876 0.350364 0.271705 0.210168 0.16197 0.124843 0.096022 0.073753 0.056602 0.043596 0.033328 0.025452 0.019453 0.014789 0.011093 
1 0.949654 0.851274 0.714198 0.573087 0.449872 0.350293 0.272013 0.211828 0.164716 0.128044 0.099586 0.077593 0.060359 0.046847 0.036345 0.028381 0.022251 0.01749 0.013794 
1 0.949972 0.851099 0.714481 0.573924 0.450749 0.350614 0.271641 0.210301 0.162695 0.126258 0.098295 0.076699 0.059848 0.046866 0.036965 0.029064 0.022874 0.017806 0.013751 
1 0.94984 0.851323 0.71408 0.572667 0.450577 0.351624 0.27368 0.212302 0.164672 0.12749 0.098853 0.076448 0.05935 0.045992 0.035924 0.02799 0.02176 0.016809 0.013063 
1 0.950408 0.851686 0.715306 0.574108 0.452007 0.352985 0.275454 0.215079 0.167458 0.129955 0.100712 0.078458 0.06146 0.048121 0.037928 0.029925 0.023499 0.018646 0.014718 
1 0.950166 0.851107 0.714519 0.573937 0.451264 0.351128 0.273629 0.212908 0.165423 0.128763 0.100375 0.078122 0.060813 0.047318 0.037014 0.029148 0.022787 0.017845 0.014078 
1 0.950995 0.853751 0.718193 0.577671 0.455113 0.355103 0.277014 0.215591 0.168561 0.131696 0.102878 0.080474 0.062718 0.049005 0.038371 0.029869 0.023085 0.017741 0.013696 
1 0.949249 0.84992 0.71143 0.569041 0.445235 0.34476 0.266335 0.205541 0.15844 0.122096 0.094196 0.072811 0.056032 0.043047 0.033138 0.02537 0.019464 0.014638 0.011178 
1 0.950195 0.851587 0.715387 0.573838 0.450232 0.350121 0.272192 0.211122 0.163984 0.127333 0.098923 0.076867 0.059941 0.046852 0.036567 0.028591 0.022486 0.017648 0.013965 
1 0.949705 0.849693 0.71144 0.56922 0.445639 0.346134 0.267281 0.206308 0.158625 0.121872 0.09378 0.07214 0.055526 0.042619 0.032665 0.025064 0.019289 0.01486 0.011501 
1 0.950252 0.852639 0.717093 0.576454 0.453348 0.353992 0.275695 0.214036 0.16598 0.128899 0.100295 0.077869 0.06015 0.046393 0.035759 0.027628 0.021227 0.016397 0.01267 
1 0.950172 0.851195 0.713764 0.572402 0.450267 0.350897 0.272967 0.211875 0.164424 0.127844 0.099107 0.076671 0.059326 0.045977 0.035832 0.027942 0.021935 0.017233 0.0135 
1 0.949791 0.851081 0.714155 0.573281 0.449989 0.350446 0.271498 0.210351 0.16251 0.126096 0.097364 0.074892 0.058148 0.045221 0.035138 0.027132 0.020982 0.016273 0.01247 
1 0.950426 0.852117 0.715584 0.574544 0.451109 0.351565 0.273031 0.212171 0.165185 0.128734 0.100159 0.077907 0.060661 0.047251 0.036738 0.028461 0.022109 0.017213 0.01346 
1 0.950113 0.851743 0.714994 0.57267 0.448604 0.347925 0.268726 0.207158 0.15923 0.122511 0.093827 0.072517 0.056005 0.042953 0.032917 0.025083 0.019175 0.01462 0.011009 
1 0.950554 0.853394 0.718079 0.578072 0.455546 0.356289 0.277147 0.215134 0.166547 0.128072 0.098521 0.075288 0.057566 0.043686 0.032955 0.024942 0.018844 0.014227 0.01079 
1 0.949571 0.850443 0.71236 0.570658 0.44685 0.34682 0.26833 0.207274 0.160466 0.123932 0.095735 0.07482 0.058236 0.045371 0.035104 0.027303 0.021149 0.016127 0.012392 
1 0.950268 0.852203 0.716 0.575595 0.453312 0.354359 0.276381 0.215921 0.16838 0.131244 0.101698 0.07877 0.061043 0.047435 0.036668 0.028327 0.021824 0.01663 0.012574 
1 0.949662 0.850499 0.713774 0.573129 0.450104 0.350344 0.272088 0.211138 0.163704 0.126998 0.098974 0.076775 0.059665 0.046617 0.036123 0.028267 0.022095 0.017289 0.013691 
1 0.950234 0.852081 0.715628 0.574301 0.451288 0.351076 0.271243 0.20892 0.160799 0.123465 0.094719 0.072413 0.055547 0.042417 0.032378 0.024826 0.01892 0.014564 0.011025 
1 0.951847 0.856376 0.722559 0.583292 0.460294 0.360527 0.281588 0.219491 0.171265 0.133739 0.104079 0.081032 0.062727 0.048538 0.037625 0.029214 0.022627 0.017583 0.013834 
1 0.949512 0.848748 0.710039 0.566809 0.442169 0.342056 0.263459 0.202825 0.156432 0.120675 0.093144 0.072173 0.055902 0.043606 0.033681 0.02606 0.020141 0.015332 0.011631 
1 0.950147 0.851719 0.714596 0.573568 0.4497 0.349522 0.270496 0.209533 0.162139 0.125678 0.097241 0.075059 0.057836 0.044532 0.034123 0.026128 0.020096 0.015407 0.01182 
1 0.94991 0.850075 0.71298 0.571735 0.44767 0.347434 0.268281 0.206687 0.159612 0.123742 0.095582 0.073971 0.056949 0.043938 0.034023 0.026278 0.020256 0.015625 0.012091 
1 0.950884 0.853061 0.717022 0.576308 0.452311 0.351159 0.271482 0.209842 0.161787 0.124723 0.096 0.073991 0.056971 0.043663 0.033428 0.025526 0.019425 0.014833 0.011251 
1 0.950267 0.851865 0.715495 0.573982 0.4503 0.350247 0.27216 0.21167 0.164446 0.127595 0.099336 0.077434 0.060481 0.047451 0.03727 0.029162 0.022791 0.017773 0.013695 
1 0.949678 0.850643 0.712828 0.571373 0.447027 0.347151 0.268528 0.207724 0.160365 0.123592 0.09521 0.073467 0.05653 0.043637 0.033645 0.025842 0.01976 0.015165 0.011567 
1 0.949582 0.849418 0.711331 0.569533 0.4453 0.345322 0.267165 0.206105 0.15867 0.122054 0.093271 0.0715 0.054995 0.042235 0.032772 0.025312 0.01963 0.015212 0.011879 
1 0.950792 0.853619 0.719453 0.580638 0.458474 0.359143 0.280168 0.218288 0.170257 0.132587 0.103067 0.080293 0.062401 0.048542 0.037598 0.029137 0.022376 0.016967 0.012688 
1 0.949776 0.851373 0.714699 0.5739 0.450687 0.350917 0.273167 0.212365 0.16474 0.128225 0.099683 0.077544 0.060577 0.047364 0.03723 0.029255 0.023007 0.018157 0.01435 
1 0.950161 0.852038 0.71584 0.574517 0.451023 0.350924 0.271795 0.210329 0.162833 0.125597 0.097169 0.075426 0.058633 0.045608 0.035678 0.027942 0.021902 0.017216 0.013517 
1 0.949795 0.850352 0.713865 0.572699 0.448119 0.348046 0.268972 0.207751 0.160606 0.124029 0.095809 0.074162 0.057346 0.044608 0.034513 0.026804 0.020896 0.016348 0.012709 
1 0.949766 0.850744 0.712229 0.569811 0.445636 0.344562 0.265609 0.204349 0.157473 0.121417 0.093404 0.071381 0.054468 0.041546 0.031711 0.024446 0.018823 0.014565 0.011122 
1 0.950251 0.851839 0.714621 0.573092 0.448877 0.348082 0.268728 0.207475 0.160337 0.123369 0.094775 0.072894 0.056032 0.043041 0.032975 0.025086 0.019073 0.014484 0.011027 
1 0.949571 0.851092 0.714196 0.572176 0.448924 0.348674 0.270086 0.208621 0.161187 0.124661 0.096167 0.074335 0.057567 0.044258 0.034018 0.02625 0.020248 0.01562 0.012238 
1 0.950033 0.851916 0.715883 0.575547 0.453629 0.353634 0.27472 0.213178 0.165517 0.128308 0.099267 0.076889 0.059877 0.0467 0.036617 0.028814 0.022549 0.017632 0.013795 
1 0.949423 0.85 0.71193 0.568822 0.444459 0.343922 0.265313 0.204411 0.157234 0.120947 0.093045 0.071699 0.054913 0.042085 0.032267 0.024614 0.01892 0.01446 0.010958 
1 0.949875 0.851923 0.715677 0.574636 0.450803 0.350713 0.27143 0.20945 0.161514 0.12425 0.095759 0.072991 0.055535 0.042085 0.031794 0.0239 0.017918 0.013451 0.010089 
1 0.949579 0.850345 0.712029 0.570082 0.445604 0.344699 0.266054 0.20475 0.157441 0.120947 0.092642 0.071156 0.054621 0.042015 0.032395 0.024968 0.019308 0.014996 0.011711 
1 0.949859 0.851001 0.714255 0.573352 0.451121 0.350993 0.272168 0.21126 0.163874 0.126922 0.098285 0.076064 0.058827 0.045573 0.03538 0.027497 0.021219 0.016205 0.012414 
1 0.949947 0.851111 0.713503 0.572073 0.448927 0.348511 0.269588 0.208887 0.161657 0.125075 0.096695 0.074642 0.057765 0.044767 0.034159 0.025924 0.019628 0.014679 0.010941 
1 0.950387 0.852289 0.716408 0.575593 0.451142 0.350774 0.271721 0.20995 0.162117 0.124678 0.095995 0.074113 0.057204 0.044262 0.034218 0.026542 0.02059 0.015966 0.012355 
1 0.950183 0.851567 0.715198 0.574819 0.453255 0.353718 0.274214 0.212976 0.165517 0.128456 0.099433 0.076853 0.059586 0.046192 0.035758 0.027589 0.02128 0.016471 0.012947 
1 0.949995 0.851027 0.712865 0.571518 0.448099 0.348365 0.270277 0.209848 0.163342 0.12754 0.099322 0.077741 0.060579 0.047454 0.037087 0.029235 0.022949 0.018046 0.014199 
1 0.949671 0.850159 0.713003 0.570606 0.446795 0.346876 0.268402 0.207121 0.160136 0.124043 0.096082 0.074034 0.057151 0.04434 0.034628 0.027063 0.021246 0.016706 0.013197 
1 0.950331 0.851482 0.714455 0.57333 0.450412 0.350635 0.272083 0.210598 0.163025 0.125462 0.096802 0.074367 0.057187 0.044083 0.034037 0.026448 0.020504 0.01571 0.011959 
1 0.949866 0.851682 0.714394 0.573033 0.448961 0.348708 0.270181 0.209591 0.162472 0.126073 0.097962 0.076044 0.059114 0.045943 0.035758 0.027867 0.021448 0.016733 0.012919 
1 0.94812 0.846523 0.705508 0.560953 0.435845 0.335772 0.257812 0.197664 0.151642 0.116414 0.089458 0.069018 0.053051 0.040758 0.031569 0.024548 0.018934 0.014774 0.011521 
1 0.949549 0.850573 0.714088 0.572227 0.448067 0.3482 0.269794 0.209376 0.162288 0.126462 0.098556 0.076646 0.059783 0.04653 0.036066 0.027875 0.021383 0.016208 0.012242 
1 0.950216 0.852816 0.716867 0.576669 0.454957 0.355867 0.27761 0.216519 0.168949 0.131452 0.102851 0.080679 0.063121 0.049271 0.038668 0.030508 0.023978 0.018943 0.015015 
1 0.950133 0.851424 0.714878 0.573282 0.448619 0.348338 0.269251 0.207386 0.15964 0.122625 0.094011 0.072399 0.055959 0.043391 0.033796 0.026193 0.02029 0.015758 0.012172 
1 0.949797 0.851587 0.71543 0.5742 0.449943 0.349095 0.270017 0.209601 0.163089 0.127204 0.099964 0.078676 0.061529 0.04832 0.038086 0.029862 0.023522 0.018385 0.014358 
1 0.949407 0.849898 0.712735 0.570931 0.446924 0.346911 0.268341 0.206827 0.158997 0.122086 0.09367 0.07195 0.055446 0.04274 0.033038 0.02546 0.019666 0.015206 0.011708 
1 0.9499 0.850484 0.712862 0.571471 0.447311 0.347083 0.267362 0.205652 0.158281 0.121726 0.093734 0.072382 0.055776 0.042956 0.032691 0.024627 0.01832 0.013592 0.010146 
1 0.949454 0.849513 0.712129 0.570604 0.446624 0.346519 0.267725 0.206462 0.159126 0.122708 0.094981 0.073323 0.056718 0.043828 0.034127 0.026633 0.020821 0.016241 0.012774 
1 0.950481 0.852227 0.716966 0.576195 0.453491 0.352923 0.273458 0.212151 0.164352 0.127254 0.098075 0.075242 0.057534 0.043963 0.033432 0.025527 0.019454 0.014923 0.011533 
1 0.950032 0.851029 0.713982 0.572637 0.449817 0.350357 0.272635 0.211804 0.164525 0.127778 0.098795 0.07654 0.059277 0.046134 0.035949 0.02786 0.021491 0.016566 0.012668 
1 0.950116 0.851235 0.714303 0.573265 0.449296 0.349909 0.271483 0.210643 0.163344 0.126769 0.09868 0.077131 0.060815 0.047487 0.037224 0.02921 0.023002 0.018229 0.014522 
1 0.9502 0.851617 0.715061 0.573218 0.449015 0.348432 0.269024 0.207614 0.160304 0.123892 0.095723 0.073917 0.057149 0.043857 0.03375 0.026148 0.020211 0.015572 0.011852 
1 0.949435 0.850609 0.713578 0.572072 0.447701 0.347102 0.268521 0.207927 0.161232 0.125039 0.09725 0.075528 0.058409 0.045242 0.035102 0.027157 0.021092 0.016318 0.012552 
1 0.949504 0.849982 0.712258 0.5703 0.446788 0.347305 0.268903 0.208059 0.160882 0.123893 0.095062 0.073095 0.056219 0.043446 0.033529 0.025833 0.020074 0.015497 0.011959 
1 0.949882 0.851299 0.715251 0.574322 0.451639 0.352045 0.273085 0.211806 0.163962 0.127405 0.098701 0.076567 0.059432 0.04614 0.035832 0.027715 0.021469 0.016676 0.012917 
1 0.949319 0.850221 0.71251 0.571425 0.448662 0.349961 0.271506 0.211258 0.164557 0.127533 0.098727 0.076192 0.058695 0.04514 0.034769 0.026596 0.020224 0.015317 0.011712 
1 0.949709 0.851065 0.715459 0.575871 0.453138 0.353176 0.274283 0.21236 0.164658 0.127531 0.098938 0.077006 0.059778 0.046246 0.03585 0.027812 0.021475 0.016414 0.012562 
1 0.949961 0.850894 0.713878 0.571673 0.448606 0.349322 0.271341 0.21138 0.164285 0.127852 0.09969 0.077913 0.060725 0.047355 0.036776 0.028426 0.022135 0.017275 0.013489 
1 0.949462 0.850104 0.712036 0.570105 0.447599 0.348511 0.271104 0.210818 0.164002 0.127482 0.099309 0.077206 0.059915 0.046582 0.03624 0.028293 0.022087 0.017302 0.013499 
1 0.949695 0.851592 0.715146 0.574829 0.451625 0.351688 0.272989 0.211192 0.163882 0.127022 0.098425 0.075812 0.058487 0.045286 0.035167 0.027513 0.021587 0.016919 0.013367 
1 0.950074 0.851578 0.715524 0.574408 0.450949 0.350589 0.271972 0.210121 0.162096 0.124557 0.095309 0.073101 0.056433 0.043709 0.034005 0.026308 0.020365 0.015634 0.011886 
1 0.949853 0.85052 0.711726 0.569353 0.445193 0.343521 0.264217 0.202263 0.154921 0.118525 0.090593 0.069213 0.052923 0.040655 0.031332 0.024178 0.018539 0.014167 0.010714 
1 0.95088 0.85269 0.717222 0.576302 0.453117 0.35361 0.27526 0.213798 0.165505 0.127979 0.099126 0.076589 0.059196 0.045861 0.035459 0.02723 0.020794 0.015837 0.012 
1 0.949626 0.850131 0.712373 0.569896 0.445683 0.345291 0.266278 0.204908 0.157904 0.121694 0.09393 0.072874 0.05695 0.044522 0.035013 0.027158 0.021191 0.016529 0.012853 
1 0.950277 0.851849 0.715197 0.573989 0.4504 0.350557 0.271669 0.210067 0.162306 0.125502 0.096812 0.074877 0.058073 0.045221 0.03506 0.027236 0.021345 0.016818 0.013272 
1 0.950176 0.852054 0.715844 0.574701 0.451881 0.351418 0.272056 0.211102 0.163671 0.12664 0.098354 0.076629 0.059531 0.046374 0.036215 0.028346 0.022157 0.017373 0.013656 
1 0.949477 0.850364 0.712859 0.572373 0.449011 0.349632 0.271681 0.211449 0.164688 0.12846 0.10004 0.078243 0.061466 0.048364 0.038198 0.030101 0.023776 0.018748 0.014881 
1 0.950053 0.851814 0.716207 0.575579 0.452173 0.352027 0.273092 0.210927 0.163427 0.12635 0.097856 0.075749 0.058565 0.045108 0.034691 0.026654 0.020462 0.015648 0.011947 
1 0.950762 0.852157 0.715765 0.575143 0.452651 0.352763 0.274055 0.21336 0.165437 0.128002 0.098351 0.075651 0.058015 0.044401 0.033827 0.025655 0.019619 0.014994 0.0115 
1 0.950458 0.852724 0.717455 0.578258 0.455602 0.355284 0.276244 0.214382 0.16629 0.128913 0.09985 0.077282 0.059744 0.046041 0.035621 0.027787 0.021671 0.01696 0.013295 
1 0.950415 0.852922 0.717288 0.576511 0.453327 0.352956 0.274409 0.213023 0.165744 0.128913 0.100657 0.078155 0.060839 0.047451 0.036983 0.028606 0.022208 0.017099 0.013282 
1 0.949845 0.851458 0.715225 0.572004 0.448566 0.348367 0.269349 0.207557 0.159584 0.122287 0.093605 0.071432 0.054381 0.041276 0.03149 0.024145 0.01831 0.014012 0.010673 
1 0.949828 0.851523 0.715089 0.574477 0.451418 0.351671 0.273349 0.211687 0.163815 0.126502 0.097739 0.075632 0.058436 0.045361 0.035363 0.027546 0.021513 0.016792 0.013158 
1 0.950279 0.852055 0.716302 0.575451 0.452282 0.352813 0.274385 0.213179 0.165625 0.128301 0.099689 0.077254 0.060091 0.046551 0.036122 0.027915 0.021626 0.016501 0.012788 
1 0.949406 0.850355 0.712919 0.570573 0.445842 0.345757 0.266711 0.205466 0.158453 0.122623 0.094803 0.073496 0.05716 0.04431 0.034208 0.026375 0.020525 0.015899 0.012337 
1 0.949424 0.850062 0.713392 0.573411 0.450357 0.350633 0.272264 0.211767 0.16462 0.128149 0.099655 0.077341 0.060217 0.046742 0.036462 0.028413 0.022226 0.01756 0.01396 
1 0.950072 0.851268 0.714108 0.572211 0.448101 0.347341 0.26879 0.208129 0.161487 0.125618 0.097777 0.076551 0.060031 0.047035 0.037088 0.029324 0.023245 0.018553 0.014737 
1 0.94964 0.85083 0.714281 0.573645 0.451446 0.352303 0.274148 0.212889 0.165345 0.128023 0.099264 0.077342 0.060329 0.047112 0.036858 0.028912 0.022678 0.017713 0.013699 
1 0.949485 0.850291 0.713385 0.572466 0.449202 0.349468 0.271366 0.2103 0.163063 0.126923 0.099044 0.077537 0.060734 0.047577 0.037431 0.029333 0.022973 0.017978 0.014048 
1 0.949265 0.850351 0.712715 0.570922 0.447967 0.348126 0.269953 0.208483 0.160976 0.124602 0.096513 0.074589 0.057573 0.044354 0.03406 0.026059 0.019887 0.015184 0.011541 
1 0.950316 0.851752 0.71573 0.576007 0.453593 0.354031 0.275039 0.213104 0.165351 0.128413 0.099676 0.077095 0.059488 0.045912 0.035397 0.027421 0.021145 0.016263 0.012448 
1 0.950703 0.85302 0.716359 0.575799 0.452165 0.351705 0.272793 0.211191 0.163583 0.126126 0.096937 0.074608 0.057391 0.044097 0.033827 0.026058 0.020016 0.015325 0.01169 
1 0.950819 0.853583 0.718059 0.577227 0.454132 0.354558 0.276206 0.215286 0.167695 0.130716 0.10183 0.079228 0.061307 0.04757 0.03673 0.028215 0.021592 0.016434 0.012601 
1 0.950058 0.850849 0.713922 0.571949 0.448011 0.347597 0.268817 0.207231 0.160098 0.123565 0.095401 0.073646 0.05673 0.043678 0.033537 0.026112 0.020489 0.015979 0.012483 
1 0.949538 0.849694 0.711307 0.567943 0.442572 0.341578 0.262636 0.202095 0.155422 0.119523 0.091776 0.070307 0.05401 0.041687 0.032183 0.025021 0.019548 0.015156 0.011745 
1 0.950294 0.851785 0.716034 0.574964 0.452585 0.352406 0.273329 0.211593 0.162862 0.124925 0.095648 0.073163 0.055802 0.042271 0.032003 0.024274 0.018417 0.013978 0.010578 
1 0.950875 0.853568 0.718863 0.578874 0.456525 0.357034 0.278854 0.217692 0.169819 0.132106 0.102833 0.080401 0.062864 0.049017 0.0382 0.029712 0.023211 0.017816 0.013616 
1 0.948976 0.848876 0.711051 0.570224 0.447123 0.346973 0.268177 0.207489 0.160234 0.123752 0.095091 0.073297 0.056372 0.043416 0.033438 0.02572 0.01978 0.015101 0.011418 
1 0.950682 0.852963 0.716944 0.575958 0.452545 0.352273 0.272741 0.21069 0.162978 0.125853 0.097255 0.07498 0.057997 0.044959 0.0349 0.027097 0.021103 0.016449 0.012739 
1 0.949918 0.850949 0.713879 0.57278 0.449145 0.34945 0.271069 0.210181 0.163123 0.126161 0.09774 0.075421 0.058361 0.045038 0.034616 0.026589 0.020534 0.016034 0.012643 
1 0.949747 0.850763 0.71258 0.569627 0.446003 0.345717 0.266933 0.206082 0.159248 0.123465 0.096096 0.074413 0.057571 0.044472 0.034532 0.026751 0.020709 0.016006 0.012363 
1 0.948152 0.846884 0.706578 0.562119 0.437376 0.336725 0.258497 0.198009 0.151918 0.116621 0.089524 0.068673 0.052202 0.039837 0.030306 0.023155 0.017735 0.013533 0.010426 
1 0.949581 0.85062 0.714589 0.573704 0.449732 0.348631 0.269429 0.207869 0.160713 0.12412 0.096372 0.074562 0.057867 0.045035 0.034659 0.026798 0.020659 0.015949 0.012358 
1 0.949983 0.850909 0.713709 0.571713 0.448108 0.347986 0.269351 0.209095 0.162266 0.126555 0.099046 0.077848 0.061528 0.048665 0.038283 0.029824 0.023249 0.018133 0.014042 
1 0.950664 0.852526 0.716346 0.575783 0.452563 0.35294 0.274333 0.212409 0.163908 0.126963 0.098119 0.075928 0.058899 0.045486 0.035074 0.027151 0.020955 0.016138 0.012402 
1 0.950744 0.852467 0.716581 0.576186 0.453294 0.354117 0.275065 0.213112 0.164373 0.127023 0.097722 0.074958 0.057454 0.044081 0.033748 0.025692 0.019626 0.015107 0.011705 
