1 0.950262 0.785131 0.426618 0.106407 0.0130613 0.0012504 0.0001697 1.83e-05 0 0 0 0 0 0 0 0 0 0 0 
1 0.950198 0.784858 0.426641 0.107245 0.0131517 0.0009385 2.05e-05 0 0 0 0 0 0 0 0 0 0 0 0 
1 0.949554 0.782616 0.421438 0.102524 0.0125571 0.0012379 6.27e-05 4e-07 0 0 0 0 0 0 0 0 0 0 0 
1 0.949926 0.784513 0.425423 0.106012 0.0130755 0.0013429 0.0001741 6.9e-06 0 0 0 0 0 0 0 0 0 0 0 
1 0.950661 0.786649 0.429173 0.10923 0.0151604 0.0017335 0.0001616 8.3e-06 0 0 0 0 0 0 0 0 0 0 0 
1 0.950426 0.786 0.428576 0.108058 0.0138318 0.0014265 0.0001499 1.13e-05 0 0 0 0 0 0 0 0 0 0 0 
1 0.950235 0.784712 0.425527 0.105179 0.0124109 0.0010109 3.86e-05 0 0 0 0 0 0 0 0 0 0 0 0 
1 0.950268 0.785732 0.428649 0.109898 0.0152276 0.0020718 0.0003275 2.49e-05 0 0 0 0 0 0 0 0 0 0 0 
1 0.950261 0.785133 0.425113 0.104037 0.0123883 0.0009477 3.13e-05 3e-07 0 0 0 0 0 0 0 0 0 0 0 
1 0.949635 0.78302 0.422697 0.103883 0.0122815 0.0009488 3.16e-05 -6.93889e-18 0 0 0 0 0 0 0 0 0 0 0 
1 0.950443 0.786031 0.428891 0.108941 0.0136313 0.0012415 0.0001406 1.1e-05 0 0 0 0 0 0 0 0 0 0 0 
1 0.950276 0.785396 0.427965 0.107426 0.013672 0.0012368 0.0001124 6.6e-06 0 0 0 0 0 0 0 0 0 0 0 
1 0.950046 0.784738 0.425504 0.10555 0.0131367 0.0014147 0.0001233 3.8e-06 0 0 0 0 0 0 0 0 0 0 0 
1 0.949694 0.783239 0.423604 0.104638 0.0130332 0.0013704 0.0001736 7.8e-06 0 0 0 0 0 0 0 0 0 0 0 
1 0.950214 0.785059 0.425414 0.104507 0.0124005 0.0009358 6.68e-05 5.3e-06 0 0 0 0 0 0 0 0 0 0 0 
1 0.949162 0.781254 0.419319 0.101858 0.0121355 0.0010136 5.9e-05 1e-06 0 0 0 0 0 0 0 0 0 0 0 
1 0.95114 0.788507 0.432901 0.110201 0.0132601 0.0010286 6.97e-05 2.5e-06 0 0 0 0 0 0 0 0 0 0 0 
1 0.949945 0.783826 0.424566 0.105375 0.0119899 0.0007918 2.54e-05 0 0 0 0 0 0 0 0 0 0 0 0 
1 0.949889 0.784263 0.425399 0.105757 0.0129585 0.0011226 7.23e-05 1.9e-06 0 0 0 0 0 0 0 0 0 0 0 
1 0.949561 0.78256 0.422194 0.104265 0.0125383 0.0010122 8.24e-05 2.2e-06 0 0 0 0 0 0 0 0 0 0 0 
1 0.951056 0.787949 0.431996 0.110687 0.0144936 0.0013196 7.65e-05 8e-07 0 0 0 0 0 0 0 0 0 0 0 
1 0.94969 0.783342 0.422509 0.102604 0.011375 0.0007114 3.05e-05 0 0 0 0 0 0 0 0 0 0 0 0 
1 0.950582 0.786425 0.430106 0.109778 0.0134799 0.0009163 3.32e-05 -6.93889e-18 0 0 0 0 0 0 0 0 0 0 0 
1 0.949152 0.780695 0.417358 0.100019 0.0116939 0.0008904 3.31e-05 2e-07 0 0 0 0 0 0 0 0 0 0 0 
1 0.950426 0.785621 0.427535 0.107287 0.0130598 0.0009384 5.89e-05 2.2e-06 0 0 0 0 0 0 0 0 0 0 0 
1 0.949788 0.783609 0.424292 0.105531 0.0124507 0.0010525 6.07e-05 1.2e-06 0 0 0 0 0 0 0 0 0 0 0 
1 0.950603 0.786506 0.429672 0.10863 0.013285 0.0009588 2.84e-05 7e-07 0 0 0 0 0 0 0 0 0 0 0 
1 0.949921 0.784364 0.425541 0.105428 0.0121628 0.0009475 5.59e-05 5e-07 0 0 0 0 0 0 0 0 0 0 0 
1 0.950329 0.785375 0.42812 0.109841 0.0149325 0.0019541 0.0003638 3.41e-05 0 0 0 0 0 0 0 0 0 0 0 
1 0.949505 0.782524 0.421109 0.102914 0.0128152 0.0015424 0.0002737 2.75e-05 0 0 0 0 0 0 0 0 0 0 0 
1 0.949843 0.783838 0.423755 0.104739 0.0133769 0.001475 0.000233 4.2e-05 1.8e-06 0 0 0 0 0 0 0 0 0 0 
1 0.94969 0.783245 0.422653 0.102613 0.0113063 0.0007252 1.78e-05 0 0 0 0 0 0 0 0 0 0 0 0 
1 0.949429 0.782236 0.420964 0.104229 0.0137453 0.0016236 0.0001875 2.14e-05 2e-07 0 0 0 0 0 0 0 0 0 0 
1 0.950052 0.78538 0.428006 0.109027 0.0139383 0.0012203 0.0001732 1.54e-05 0 0 0 0 0 0 0 0 0 0 0 
1 0.950007 0.784163 0.424841 0.105336 0.012947 0.0011667 6.9e-05 7e-07 0 0 0 0 0 0 0 0 0 0 0 
1 0.949978 0.784513 0.425513 0.106289 0.0133899 0.0013889 0.0001761 1.16e-05 0 0 0 0 0 0 0 0 0 0 0 
1 0.950005 0.784426 0.425771 0.107068 0.0137519 0.0013525 0.0001086 3.4e-06 0 0 0 0 0 0 0 0 0 0 0 
1 0.950195 0.784388 0.42386 0.103663 0.012169 0.001194 0.0001127 3.4e-06 0 0 0 0 0 0 0 0 0 0 0 
1 0.950054 0.784198 0.424561 0.10486 0.0124051 0.0010075 6.02e-05 0 0 0 0 0 0 0 0 0 0 0 0 
1 0.949902 0.783722 0.424644 0.105385 0.0124303 0.0009842 3.19e-05 0 0 0 0 0 0 0 0 0 0 0 0 
1 0.949954 0.784038 0.425063 0.105129 0.0130782 0.0013506 0.0001116 8e-07 0 0 0 0 0 0 0 0 0 0 0 
1 0.950385 0.785395 0.426332 0.105394 0.0128744 0.0012012 6.44e-05 5e-07 0 0 0 0 0 0 0 0 0 0 0 
1 0.950082 0.784182 0.424152 0.103259 0.011683 0.0009223 5.74e-05 1.6e-06 0 0 0 0 0 0 0 0 0 0 0 
1 0.950001 0.783809 0.423906 0.105004 0.0131871 0.0010554 4.53e-05 2e-07 0 0 0 0 0 0 0 0 0 0 0 
1 0.950338 0.785421 0.427092 0.106066 0.0127422 0.0009944 4.15e-05 -6.93889e-18 0 0 0 0 0 0 0 0 0 0 0 
1 0.950058 0.784704 0.425302 0.10592 0.012404 0.0008499 4.76e-05 4e-07 0 0 0 0 0 0 0 0 0 0 0 
1 0.950427 0.786106 0.428047 0.106824 0.0130753 0.0011689 8.91e-05 1.2e-06 0 0 0 0 0 0 0 0 0 0 0 
1 0.949653 0.782833 0.423102 0.104874 0.0129196 0.0010379 4.38e-05 4e-07 0 0 0 0 0 0 0 0 0 0 0 
1 0.949701 0.783188 0.423359 0.105905 0.0134549 0.0011553 5.8e-05 6e-07 0 0 0 0 0 0 0 0 0 0 0 
1 0.950144 0.784536 0.426038 0.106125 0.0124833 0.0008357 1.5e-05 0 0 0 0 0 0 0 0 0 0 0 0 
1 0.949516 0.782508 0.422367 0.106053 0.014459 0.0013126 4.56e-05 3e-07 0 0 0 0 0 0 0 0 0 0 0 
1 0.949935 0.784082 0.424699 0.104909 0.0130294 0.0011785 5.73e-05 5e-07 0 0 0 0 0 0 0 0 0 0 0 
1 0.949369 0.781783 0.420889 0.104803 0.0134115 0.0012031 9.1e-05 1.3e-06 0 0 0 0 0 0 0 0 0 0 0 
1 0.950339 0.785554 0.427201 0.106413 0.0130406 0.0014322 0.0002138 1.17e-05 0 0 0 0 0 0 0 0 0 0 0 
1 0.949636 0.783206 0.42311 0.105053 0.0128496 0.0010512 6.61e-05 4e-06 0 0 0 0 0 0 0 0 0 0 0 
1 0.949914 0.784063 0.425926 0.107444 0.0135805 0.0011522 6.56e-05 7e-07 0 0 0 0 0 0 0 0 0 0 0 
1 0.950473 0.786108 0.428474 0.107918 0.0135216 0.0011646 5.99e-05 2e-07 0 0 0 0 0 0 0 0 0 0 0 
1 0.950323 0.785353 0.426974 0.105925 0.0126695 0.0011688 0.0001397 1.37e-05 1e-07 0 0 0 0 0 0 0 0 0 0 
1 0.950282 0.785269 0.427691 0.108769 0.0139837 0.001278 7.97e-05 5e-07 0 0 0 0 0 0 0 0 0 0 0 
1 0.949682 0.783044 0.42319 0.105223 0.0131844 0.0012496 7.34e-05 2e-07 0 0 0 0 0 0 0 0 0 0 0 
1 0.95052 0.785668 0.426092 0.103836 0.0114733 0.0006986 3.21e-05 1e-07 0 0 0 0 0 0 0 0 0 0 0 
1 0.95005 0.784547 0.425144 0.104245 0.011614 0.0007034 2.83e-05 1e-07 0 0 0 0 0 0 0 0 0 0 0 
1 0.950904 0.788058 0.432973 0.111305 0.0145087 0.0013369 8.2e-05 7e-07 0 0 0 0 0 0 0 0 0 0 0 
1 0.950451 0.785981 0.42896 0.108266 0.0128139 0.0009015 9.19e-05 1.11e-05 2e-07 0 0 0 0 0 0 0 0 0 0 
1 0.949639 0.782576 0.42165 0.101839 0.0115485 0.00096 2.89e-05 -6.93889e-18 0 0 0 0 0 0 0 0 0 0 0 
1 0.950353 0.785824 0.42756 0.106927 0.0130585 0.0010876 5.63e-05 5e-07 0 0 0 0 0 0 0 0 0 0 0 
1 0.949557 0.782411 0.420901 0.101674 0.0113606 0.0006869 2.2e-05 1e-07 0 0 0 0 0 0 0 0 0 0 0 
1 0.950546 0.786136 0.42951 0.109649 0.0147566 0.0015145 7.49e-05 0 0 0 0 0 0 0 0 0 0 0 0 
1 0.949833 0.783507 0.422643 0.103566 0.0130498 0.001477 0.000192 3.46e-05 9e-07 0 0 0 0 0 0 0 0 0 0 
1 0.950131 0.784906 0.426689 0.106457 0.0124936 0.0009217 3.31e-05 1e-07 0 0 0 0 0 0 0 0 0 0 0 
1 0.949992 0.784229 0.42437 0.1041 0.0122953 0.0009143 4.13e-05 1e-07 0 0 0 0 0 0 0 0 0 0 0 
1 0.950299 0.785061 0.424886 0.103698 0.0116399 0.000827 2.85e-05 1e-07 0 0 0 0 0 0 0 0 0 0 0 
1 0.949442 0.782323 0.420682 0.101658 0.0114813 0.0010898 0.0001444 1.17e-05 0 0 0 0 0 0 0 0 0 0 0 
1 0.949832 0.783332 0.423238 0.102879 0.0114033 0.0009304 8.84e-05 2.7e-06 0 0 0 0 0 0 0 0 0 0 0 
1 0.949869 0.783654 0.423986 0.10647 0.0143541 0.0015131 0.0001228 4.3e-06 0 0 0 0 0 0 0 0 0 0 0 
1 0.949739 0.783294 0.424182 0.106588 0.0128183 0.0011475 0.0001987 3.26e-05 5e-07 0 0 0 0 0 0 0 0 0 0 
1 0.950167 0.78474 0.425259 0.105002 0.012987 0.0013399 0.0001826 1.52e-05 0 0 0 0 0 0 0 0 0 0 0 
1 0.949759 0.783429 0.423497 0.104423 0.0125359 0.0010333 4.18e-05 0 0 0 0 0 0 0 0 0 0 0 0 
1 0.949451 0.782339 0.422505 0.105402 0.0132855 0.0011496 5.59e-05 1e-06 0 0 0 0 0 0 0 0 0 0 0 
1 0.949877 0.783961 0.424487 0.104282 0.0118663 0.0009021 6.14e-05 5e-07 0 0 0 0 0 0 0 0 0 0 0 
1 0.950596 0.786737 0.429531 0.108887 0.0134928 0.0011655 8.11e-05 2.9e-06 0 0 0 0 0 0 0 0 0 0 0 
1 0.949955 0.783983 0.423785 0.104709 0.0132617 0.0011743 5.64e-05 6e-07 0 0 0 0 0 0 0 0 0 0 0 
1 0.949708 0.783292 0.423118 0.104212 0.012989 0.0011991 5.57e-05 7e-07 0 0 0 0 0 0 0 0 0 0 0 
1 0.950565 0.786098 0.429066 0.108461 0.0138308 0.0013735 8.64e-05 1.9e-06 0 0 0 0 0 0 0 0 0 0 0 
1 0.950062 0.784705 0.425558 0.106142 0.0135945 0.0012767 0.000209 2.5e-05 2e-07 0 0 0 0 0 0 0 0 0 0 
1 0.949723 0.783365 0.423176 0.104211 0.0121468 0.0010343 5.89e-05 1e-07 0 0 0 0 0 0 0 0 0 0 0 
1 0.949181 0.780986 0.419563 0.102435 0.0126256 0.0010395 7.86e-05 1.8e-06 0 0 0 0 0 0 0 0 0 0 0 
1 0.950272 0.785183 0.426732 0.106572 0.0133425 0.0011178 4.84e-05 0 0 0 0 0 0 0 0 0 0 0 0 
1 0.94944 0.781782 0.420227 0.102177 0.0118049 0.0008449 0.0001103 1.43e-05 2e-07 0 0 0 0 0 0 0 0 0 0 
1 0.94987 0.783339 0.422825 0.103031 0.0113202 0.000769 7.4e-05 1.39e-05 3e-07 0 0 0 0 0 0 0 0 0 0 
1 0.949966 0.783784 0.423925 0.104534 0.0125753 0.0011736 0.0001274 2.86e-05 1.8e-06 0 0 0 0 0 0 0 0 0 0 
1 0.94962 0.783012 0.421971 0.10147 0.0111812 0.0008304 3.62e-05 1e-07 0 0 0 0 0 0 0 0 0 0 0 
1 0.949793 0.783858 0.424418 0.106364 0.0132175 0.0010119 4.6e-05 5e-07 0 0 0 0 0 0 0 0 0 0 0 
1 0.949622 0.782966 0.422808 0.104589 0.0127624 0.0010767 7.12e-05 1e-06 0 0 0 0 0 0 0 0 0 0 0 
1 0.950137 0.78476 0.42549 0.107004 0.014283 0.0014853 0.000109 3.6e-06 0 0 0 0 0 0 0 0 0 0 0 
1 0.950311 0.785576 0.427262 0.106237 0.0124019 0.0007989 1.59e-05 0 0 0 0 0 0 0 0 0 0 0 0 
1 0.95022 0.785147 0.425323 0.104499 0.0124961 0.0008971 2.27e-05 0 0 0 0 0 0 0 0 0 0 0 0 
1 0.949989 0.784228 0.424919 0.105459 0.0129843 0.001195 0.0001096 1.85e-05 5e-07 0 0 0 0 0 0 0 0 0 0 
1 0.951043 0.788277 0.43284 0.110652 0.0143702 0.0012904 5.11e-05 7e-07 0 0 0 0 0 0 0 0 0 0 0 
1 0.94994 0.783977 0.424958 0.106582 0.0139301 0.0013328 8.04e-05 4e-07 0 0 0 0 0 0 0 0 0 0 0 
1 0.94963 0.782902 0.421561 0.103199 0.013052 0.001494 0.0001271 4.1e-06 0 0 0 0 0 0 0 0 0 0 0 
1 0.950019 0.783853 0.422855 0.101495 0.0114398 0.0008644 5.5e-05 1.4e-06 0 0 0 0 0 0 0 0 0 0 0 
1 0.950774 0.787472 0.430776 0.108411 0.0126573 0.0008547 4.88e-05 1.4e-06 0 0 0 0 0 0 0 0 0 0 0 
1 0.949461 0.782344 0.42318 0.107809 0.0148713 0.001613 0.0001402 6.3e-06 0 0 0 0 0 0 0 0 0 0 0 
1 0.95001 0.784442 0.425535 0.105978 0.0128846 0.0010245 4.92e-05 2e-07 0 0 0 0 0 0 0 0 0 0 0 
1 0.949935 0.783742 0.424184 0.105626 0.0134685 0.0012688 8.51e-05 3e-07 0 0 0 0 0 0 0 0 0 0 0 
1 0.950716 0.78697 0.429953 0.108522 0.0136873 0.00151 0.0002096 2.49e-05 1.2e-06 0 0 0 0 0 0 0 0 0 0 
1 0.950387 0.785784 0.427987 0.108102 0.0134797 0.0009657 2.85e-05 -6.93889e-18 0 0 0 0 0 0 0 0 0 0 0 
1 0.949753 0.783622 0.423872 0.105167 0.0129905 0.0010341 2.01e-05 0 0 0 0 0 0 0 0 0 0 0 0 
1 0.950186 0.78487 0.425354 0.104062 0.0126579 0.0011739 4.86e-05 1.1e-06 0 0 0 0 0 0 0 0 0 0 0 
1 0.949913 0.783532 0.422751 0.10331 0.0119019 0.0009264 3.17e-05 2e-07 0 0 0 0 0 0 0 0 0 0 0 
1 0.949907 0.784306 0.425409 0.105798 0.0128257 0.0010037 4.97e-05 1.1e-06 0 0 0 0 0 0 0 0 0 0 0 
1 0.949022 0.780648 0.418004 0.100335 0.0119576 0.0010899 4.56e-05 1e-07 0 0 0 0 0 0 0 0 0 0 0 
1 0.950324 0.785469 0.427092 0.106283 0.0120593 0.0008182 2.6e-05 0 0 0 0 0 0 0 0 0 0 0 0 
1 0.950202 0.785299 0.426009 0.104838 0.0120005 0.0009544 5.52e-05 3e-07 0 0 0 0 0 0 0 0 0 0 0 
1 0.950047 0.784808 0.42725 0.108441 0.0143281 0.0012899 6.96e-05 1e-07 0 0 0 0 0 0 0 0 0 0 0 
1 0.950504 0.786451 0.429386 0.108139 0.0127143 0.0009445 9.17e-05 4.2e-06 0 0 0 0 0 0 0 0 0 0 0 
1 0.950325 0.785452 0.428137 0.107967 0.0137563 0.0012561 6.43e-05 9e-07 0 0 0 0 0 0 0 0 0 0 0 
1 0.949432 0.781836 0.419128 0.101067 0.0117213 0.0010327 8.41e-05 3.8e-06 0 0 0 0 0 0 0 0 0 0 0 
1 0.950096 0.784761 0.426228 0.105973 0.0127183 0.0010789 0.0001549 2.64e-05 5e-07 0 0 0 0 0 0 0 0 0 0 
1 0.949678 0.78269 0.421622 0.102277 0.0119856 0.000883 1.7e-05 0 0 0 0 0 0 0 0 0 0 0 0 
1 0.95029 0.785264 0.426585 0.106877 0.0131783 0.0009423 2.57e-05 0 0 0 0 0 0 0 0 0 0 0 0 
1 0.949399 0.781628 0.418983 0.100772 0.0117753 0.0008725 4.26e-05 2e-07 0 0 0 0 0 0 0 0 0 0 0 
1 0.949332 0.781957 0.421776 0.103975 0.0123923 0.0010208 7.51e-05 4.4e-06 0 0 0 0 0 0 0 0 0 0 0 
1 0.950175 0.785165 0.426497 0.106765 0.0132268 0.0011547 8.93e-05 2.6e-06 0 0 0 0 0 0 0 0 0 0 0 
1 0.949648 0.783312 0.423241 0.104469 0.0128278 0.0013419 0.0001398 6.8e-06 0 0 0 0 0 0 0 0 0 0 0 
1 0.949979 0.784044 0.425004 0.105999 0.0128894 0.0010555 5.15e-05 1e-07 0 0 0 0 0 0 0 0 0 0 0 
1 0.949272 0.781627 0.420399 0.102231 0.0116128 0.0007968 3.17e-05 0 0 0 0 0 0 0 0 0 0 0 0 
1 0.950348 0.785524 0.428163 0.109144 0.01385 0.0013186 9.95e-05 1.3e-06 0 0 0 0 0 0 0 0 0 0 0 
1 0.950631 0.787017 0.430202 0.108802 0.0132105 0.0011186 8.91e-05 4.2e-06 0 0 0 0 0 0 0 0 0 0 0 
1 0.95006 0.784668 0.426199 0.107287 0.0135904 0.0012248 8.58e-05 1.3e-06 0 0 0 0 0 0 0 0 0 0 0 
1 0.950012 0.784142 0.424278 0.103815 0.0113926 0.0006473 2.25e-05 3e-07 0 0 0 0 0 0 0 0 0 0 0 
1 0.94975 0.783099 0.423679 0.106954 0.0139571 0.0013967 0.0001375 5e-06 0 0 0 0 0 0 0 0 0 0 0 
1 0.950084 0.784648 0.425387 0.104955 0.0126445 0.0009691 2.96e-05 0 0 0 0 0 0 0 0 0 0 0 0 
1 0.949894 0.783874 0.422872 0.102928 0.0127079 0.0012208 6.07e-05 0 0 0 0 0 0 0 0 0 0 0 0 
1 0.950431 0.786025 0.4288 0.108746 0.0136954 0.001354 0.0002625 4.25e-05 5e-07 0 0 0 0 0 0 0 0 0 0 
1 0.950761 0.787316 0.432429 0.112196 0.0153045 0.0016832 0.0001372 1.7e-06 0 0 0 0 0 0 0 0 0 0 0 
1 0.950921 0.788025 0.432824 0.110834 0.013414 0.0009685 6.19e-05 2.6e-06 0 0 0 0 0 0 0 0 0 0 0 
1 0.949389 0.782104 0.421909 0.103838 0.0127845 0.0013873 0.0001653 8.9e-06 1e-07 0 0 0 0 0 0 0 0 0 0 
1 0.950308 0.784904 0.425447 0.104748 0.0123324 0.000911 3.89e-05 4e-07 0 0 0 0 0 0 0 0 0 0 0 
1 0.949844 0.783794 0.424401 0.105562 0.0130314 0.0011851 5.52e-05 3e-07 0 0 0 0 0 0 0 0 0 0 0 
1 0.9496 0.782247 0.420473 0.101535 0.0115147 0.0007931 2.39e-05 0 0 0 0 0 0 0 0 0 0 0 0 
1 0.95039 0.785585 0.42767 0.108285 0.0133707 0.0009798 3.55e-05 2e-07 0 0 0 0 0 0 0 0 0 0 0 
1 0.949557 0.782773 0.421892 0.10365 0.013435 0.0015801 0.00034 0.0001321 2.52e-05 4e-07 0 0 0 0 0 0 0 0 0 
1 0.949656 0.78331 0.423172 0.103561 0.0119534 0.0007499 1.52e-05 0 0 0 0 0 0 0 0 0 0 0 0 
1 0.950945 0.787954 0.431381 0.107773 0.0124807 0.0007608 1.31e-05 -6.93889e-18 0 0 0 0 0 0 0 0 0 0 0 
1 0.950729 0.787165 0.43085 0.110272 0.014266 0.0010961 3.99e-05 -6.93889e-18 0 0 0 0 0 0 0 0 0 0 0 
1 0.950272 0.785795 0.428764 0.108272 0.0142077 0.0019765 0.0003017 1.58e-05 0 0 0 0 0 0 0 0 0 0 0 
1 0.949586 0.782268 0.420798 0.101751 0.0118313 0.0010719 7.42e-05 1.4e-06 0 0 0 0 0 0 0 0 0 0 0 
1 0.949657 0.783132 0.42199 0.102825 0.0131251 0.0014733 0.000114 2e-06 0 0 0 0 0 0 0 0 0 0 0 
1 0.949883 0.783938 0.424137 0.104701 0.0135115 0.001617 0.0001218 2.4e-06 0 0 0 0 0 0 0 0 0 0 0 
1 0.949939 0.784169 0.424569 0.105674 0.0135312 0.001262 9.21e-05 3.5e-06 0 0 0 0 0 0 0 0 0 0 0 
1 0.950128 0.784373 0.425754 0.107626 0.0148079 0.0018341 0.0002298 1.26e-05 0 0 0 0 0 0 0 0 0 0 0 
1 0.949806 0.784033 0.42576 0.106838 0.0135676 0.0010749 4.99e-05 1e-06 0 0 0 0 0 0 0 0 0 0 0 
1 0.950608 0.786169 0.42775 0.10679 0.0135308 0.0013541 0.0001837 1.43e-05 0 0 0 0 0 0 0 0 0 0 0 
1 0.950251 0.785383 0.427888 0.108478 0.0136348 0.0010589 7.15e-05 4.7e-06 0 0 0 0 0 0 0 0 0 0 0 
1 0.950114 0.784906 0.425676 0.105509 0.012482 0.0008671 3.5e-05 9e-07 0 0 0 0 0 0 0 0 0 0 0 
1 0.950052 0.784195 0.424118 0.103286 0.0120022 0.0010452 6.56e-05 6e-07 0 0 0 0 0 0 0 0 0 0 0 
1 0.950335 0.78569 0.428158 0.107687 0.0133645 0.0011441 4.39e-05 0 0 0 0 0 0 0 0 0 0 0 0 
1 0.950028 0.784452 0.426448 0.107364 0.013328 0.0013655 0.0001678 4.8e-06 0 0 0 0 0 0 0 0 0 0 0 
1 0.949812 0.783767 0.424264 0.104751 0.0127377 0.0011434 7.45e-05 3e-07 0 0 0 0 0 0 0 0 0 0 0 
1 0.949551 0.782595 0.421095 0.102476 0.0121661 0.0009378 8.83e-05 6e-06 0 0 0 0 0 0 0 0 0 0 0 
1 0.950013 0.784352 0.42432 0.104741 0.0129369 0.0010227 4.32e-05 6e-07 0 0 0 0 0 0 0 0 0 0 0 
1 0.95031 0.785193 0.426033 0.104506 0.01185 0.0009329 0.0001024 5.5e-06 0 0 0 0 0 0 0 0 0 0 0 
1 0.950146 0.785095 0.426642 0.107527 0.0136157 0.0010843 4.64e-05 1e-06 0 0 0 0 0 0 0 0 0 0 0 
1 0.949895 0.783733 0.424682 0.10636 0.0135968 0.0012451 0.0001161 1.5e-06 0 0 0 0 0 0 0 0 0 0 0 
1 0.949635 0.783142 0.421905 0.101193 0.0110511 0.0007827 4.72e-05 7e-07 0 0 0 0 0 0 0 0 0 0 0 
1 0.950824 0.787464 0.431981 0.110442 0.0139647 0.0011708 5.07e-05 -6.93889e-18 0 0 0 0 0 0 0 0 0 0 0 
1 0.950063 0.784144 0.424749 0.104902 0.0122828 0.0009021 8.47e-05 4.2e-06 0 0 0 0 0 0 0 0 0 0 0 
1 0.95023 0.785229 0.427021 0.108 0.0136321 0.0012802 0.0001095 2e-06 0 0 0 0 0 0 0 0 0 0 0 
1 0.949873 0.783342 0.423145 0.105857 0.0144017 0.00168 0.0002296 2.63e-05 0 0 0 0 0 0 0 0 0 0 0 
1 0.949843 0.78342 0.423052 0.102595 0.0115968 0.0010296 0.0001938 4e-05 5e-07 0 0 0 0 0 0 0 0 0 0 
1 0.950037 0.784444 0.424322 0.103446 0.0114883 0.0006893 9.2e-06 0 0 0 0 0 0 0 0 0 0 0 0 
1 0.950469 0.785989 0.42768 0.106025 0.0124262 0.0009199 1.7e-05 0 0 0 0 0 0 0 0 0 0 0 0 
1 0.949913 0.784021 0.425316 0.107654 0.0142256 0.0015545 0.0001171 8e-07 0 0 0 0 0 0 0 0 0 0 0 
1 0.949689 0.783632 0.424401 0.107078 0.013595 0.0011718 9.34e-05 2.4e-06 0 0 0 0 0 0 0 0 0 0 0 
1 0.949308 0.782125 0.421195 0.102339 0.0117526 0.0008528 2.81e-05 -6.93889e-18 0 0 0 0 0 0 0 0 0 0 0 
1 0.949586 0.782949 0.422698 0.104189 0.0125466 0.0009064 1.79e-05 0 0 0 0 0 0 0 0 0 0 0 0 
1 0.94987 0.784128 0.425117 0.105964 0.0129172 0.0010972 5.61e-05 2e-07 0 0 0 0 0 0 0 0 0 0 0 
1 0.949867 0.78358 0.422696 0.102916 0.0119703 0.0008302 2.36e-05 -6.93889e-18 0 0 0 0 0 0 0 0 0 0 0 
1 0.94896 0.780597 0.418358 0.101434 0.0123977 0.0012155 0.0001778 1.27e-05 0 0 0 0 0 0 0 0 0 0 0 
1 0.950437 0.785558 0.426391 0.105025 0.0117698 0.0007601 2.57e-05 3e-07 0 0 0 0 0 0 0 0 0 0 0 
1 0.949636 0.782724 0.422501 0.104636 0.0132528 0.0014177 0.0001597 2.27e-05 1.3e-06 0 0 0 0 0 0 0 0 0 0 
1 0.950895 0.787836 0.432226 0.110468 0.0141753 0.0013244 0.0001027 4e-07 0 0 0 0 0 0 0 0 0 0 0 
1 0.949951 0.783675 0.423668 0.104144 0.0121406 0.0008147 2.21e-05 0 0 0 0 0 0 0 0 0 0 0 0 
1 0.950241 0.78537 0.427114 0.106726 0.0123854 0.0008146 2.48e-05 4e-07 0 0 0 0 0 0 0 0 0 0 0 
1 0.949636 0.782578 0.42135 0.103304 0.0124117 0.001143 0.0001652 1.91e-05 0 0 0 0 0 0 0 0 0 0 0 
1 0.949737 0.783587 0.424448 0.10525 0.0130353 0.0012612 6.29e-05 1e-07 0 0 0 0 0 0 0 0 0 0 0 
1 0.950103 0.785028 0.425618 0.105473 0.0126443 0.0009279 1.66e-05 0 0 0 0 0 0 0 0 0 0 0 0 
1 0.949525 0.782486 0.422208 0.104682 0.0126975 0.000918 3.67e-05 2e-07 0 0 0 0 0 0 0 0 0 0 0 
1 0.950133 0.784538 0.425626 0.106428 0.0134411 0.0013716 0.0001082 2e-06 0 0 0 0 0 0 0 0 0 0 0 
1 0.949568 0.782695 0.421938 0.1035 0.0121333 0.000899 3.79e-05 1e-07 0 0 0 0 0 0 0 0 0 0 0 
1 0.949243 0.781257 0.418275 0.0992322 0.0106414 0.0009027 0.0001428 1.07e-05 1e-07 0 0 0 0 0 0 0 0 0 0 
1 0.949328 0.781828 0.419169 0.100731 0.0112995 0.0009224 5.1e-05 6e-07 0 0 0 0 0 0 0 0 0 0 0 
1 0.950284 0.785219 0.42583 0.103861 0.0115497 0.0008913 8.27e-05 5.2e-06 0 0 0 0 0 0 0 0 0 0 0 
1 0.949882 0.783923 0.423739 0.102678 0.0114316 0.0008105 4.08e-05 5e-07 0 0 0 0 0 0 0 0 0 0 0 
1 0.950281 0.785091 0.426714 0.106152 0.0126962 0.0008672 1.83e-05 1e-07 0 0 0 0 0 0 0 0 0 0 0 
1 0.949827 0.784086 0.425118 0.106637 0.0128654 0.0011127 0.0002223 3.92e-05 1.5e-06 0 0 0 0 0 0 0 0 0 0 
1 0.949816 0.783849 0.426086 0.107155 0.0129595 0.0011247 7.35e-05 2e-07 0 0 0 0 0 0 0 0 0 0 0 
1 0.950215 0.785333 0.427517 0.108558 0.0148656 0.0015616 6.97e-05 5e-07 0 0 0 0 0 0 0 0 0 0 0 
1 0.949864 0.783766 0.424259 0.105936 0.0136596 0.0012837 8.14e-05 2.5e-06 0 0 0 0 0 0 0 0 0 0 0 
1 0.949885 0.783871 0.424346 0.105215 0.0124216 0.0008209 3.03e-05 1e-07 0 0 0 0 0 0 0 0 0 0 0 
1 0.950028 0.784349 0.425237 0.105037 0.011769 0.0007036 3.2e-05 1.2e-06 0 0 0 0 0 0 0 0 0 0 0 
1 0.950123 0.784823 0.426647 0.106823 0.0129549 0.0010962 0.0001156 1.31e-05 0 0 0 0 0 0 0 0 0 0 0 
1 0.94991 0.784011 0.424241 0.105534 0.0130108 0.0010355 5.66e-05 2e-07 0 0 0 0 0 0 0 0 0 0 0 
1 0.949955 0.783817 0.424012 0.105352 0.0127772 0.0010977 4.1e-05 2e-07 0 0 0 0 0 0 0 0 0 0 0 
1 0.94971 0.783216 0.42357 0.10558 0.0138603 0.0014213 0.0001086 4.9e-06 1e-07 0 0 0 0 0 0 0 0 0 0 
1 0.949998 0.783743 0.422843 0.103544 0.0130912 0.0016493 0.0002573 3.43e-05 7e-07 0 0 0 0 0 0 0 0 0 0 
1 0.949944 0.78378 0.42309 0.103636 0.0124992 0.001027 4.99e-05 1.9e-06 0 0 0 0 0 0 0 0 0 0 0 
1 0.950172 0.785179 0.427617 0.108923 0.0143446 0.0013112 6.25e-05 2e-07 0 0 0 0 0 0 0 0 0 0 0 
1 0.950386 0.785582 0.427153 0.107181 0.0137839 0.0013633 7.48e-05 -6.93889e-18 0 0 0 0 0 0 0 0 0 0 0 
1 0.950444 0.786244 0.4295 0.109708 0.0136352 0.0008691 1.9e-05 1e-07 0 0 0 0 0 0 0 0 0 0 0 
1 0.949735 0.783192 0.42337 0.104941 0.0129081 0.0011303 7.15e-05 1.4e-06 0 0 0 0 0 0 0 0 0 0 0 
1 0.950093 0.784719 0.426794 0.10687 0.0132387 0.0015648 0.0003555 6.38e-05 6.8e-06 0 0 0 0 0 0 0 0 0 0 
1 0.950424 0.785564 0.427152 0.105995 0.012262 0.0007799 2.08e-05 -6.93889e-18 0 0 0 0 0 0 0 0 0 0 0 
1 0.949631 0.783337 0.423855 0.104063 0.0123437 0.0010088 9.83e-05 9e-06 0 0 0 0 0 0 0 0 0 0 0 
1 0.949885 0.783864 0.424298 0.105513 0.0132072 0.0012175 5.49e-05 0 0 0 0 0 0 0 0 0 0 0 0 
1 0.949818 0.783735 0.42362 0.104059 0.0122904 0.0009877 6.29e-05 1.5e-06 0 0 0 0 0 0 0 0 0 0 0 
1 0.949771 0.783413 0.423343 0.103708 0.0120885 0.0010341 0.0001193 4.9e-06 0 0 0 0 0 0 0 0 0 0 0 
1 0.949589 0.782952 0.422839 0.104903 0.0132749 0.0012447 5.2e-05 2e-07 0 0 0 0 0 0 0 0 0 0 0 
1 0.950098 0.784976 0.426055 0.105823 0.0133306 0.001392 0.0001728 2.74e-05 5e-07 0 0 0 0 0 0 0 0 0 0 
1 0.950774 0.787419 0.429554 0.106828 0.0131498 0.0011028 8.08e-05 1.5e-06 0 0 0 0 0 0 0 0 0 0 0 
1 0.950545 0.786385 0.429411 0.108664 0.0134828 0.0010539 3.59e-05 9e-07 0 0 0 0 0 0 0 0 0 0 0 
1 0.950352 0.785521 0.426377 0.105358 0.0128295 0.0010711 5.08e-05 1.1e-06 0 0 0 0 0 0 0 0 0 0 0 
1 0.94967 0.782981 0.422734 0.104225 0.0127361 0.0012636 0.0001313 4.1e-06 0 0 0 0 0 0 0 0 0 0 0 
1 0.949738 0.783206 0.422307 0.103353 0.0127048 0.0012088 8.31e-05 1.5e-06 0 0 0 0 0 0 0 0 0 0 0 
1 0.950015 0.784388 0.424052 0.103754 0.0123501 0.0011051 9.32e-05 3.5e-06 0 0 0 0 0 0 0 0 0 0 0 
1 0.949462 0.78194 0.41965 0.102067 0.0123226 0.0010818 0.0001157 1.15e-05 1e-07 0 0 0 0 0 0 0 0 0 0 
1 0.949314 0.782251 0.422213 0.104923 0.0129788 0.0013204 0.000203 1.4e-05 0 0 0 0 0 0 0 0 0 0 0 
1 0.950414 0.785324 0.426934 0.107266 0.0138879 0.0013065 5.58e-05 0 0 0 0 0 0 0 0 0 0 0 0 
1 0.948961 0.780165 0.417199 0.100731 0.0120821 0.0012424 0.0001763 2.86e-05 2e-06 0 0 0 0 0 0 0 0 0 0 
1 0.949619 0.782387 0.420158 0.100596 0.0113984 0.0008812 5.82e-05 1.1e-06 0 0 0 0 0 0 0 0 0 0 0 
1 0.949384 0.781874 0.420701 0.102828 0.0118636 0.0007857 2.71e-05 -6.93889e-18 0 0 0 0 0 0 0 0 0 0 0 
1 0.949351 0.781905 0.420305 0.101642 0.0111008 0.0008099 3.24e-05 0 0 0 0 0 0 0 0 0 0 0 0 
1 0.949906 0.783836 0.423923 0.104853 0.0128884 0.0011598 8.43e-05 3.5e-06 1e-07 0 0 0 0 0 0 0 0 0 0 
1 0.949421 0.782651 0.421201 0.101345 0.0118508 0.0011214 9.91e-05 1.2e-06 0 0 0 0 0 0 0 0 0 0 0 
1 0.950198 0.785395 0.427549 0.10679 0.012912 0.0011008 9.64e-05 5.3e-06 0 0 0 0 0 0 0 0 0 0 0 
1 0.949449 0.781866 0.419406 0.100542 0.0112606 0.0008235 3.71e-05 2e-07 0 0 0 0 0 0 0 0 0 0 0 
1 0.949457 0.782384 0.421267 0.102708 0.0121409 0.0011072 8.01e-05 9e-07 0 0 0 0 0 0 0 0 0 0 0 
1 0.950373 0.785704 0.428492 0.10879 0.014019 0.0012569 9.43e-05 1.9e-06 0 0 0 0 0 0 0 0 0 0 0 
1 0.950262 0.785412 0.428577 0.109906 0.0142213 0.0015249 0.0001816 5.1e-06 0 0 0 0 0 0 0 0 0 0 0 
1 0.950384 0.785736 0.428462 0.108604 0.013657 0.0011874 6.95e-05 2.9e-06 0 0 0 0 0 0 0 0 0 0 0 
1 0.949749 0.783121 0.42341 0.105178 0.0128981 0.0010652 4.72e-05 1e-07 0 0 0 0 0 0 0 0 0 0 0 
1 0.94946 0.782124 0.419929 0.101779 0.0121128 0.0011178 5.51e-05 0 0 0 0 0 0 0 0 0 0 0 0 
1 0.950119 0.784497 0.425541 0.104047 0.0116199 0.0009657 7.39e-05 2.5e-06 0 0 0 0 0 0 0 0 0 0 0 
