1 0.89976 0.691647 0.411766 0.190149 0.0748535 0.027379 0.0096815 0.003362 0.00112 0.0003285 7.25e-05 1.55e-05 4.5e-06 5e-07 0 0 0 0 0 
1 0.900171 0.691857 0.41259 0.190377 0.0739905 0.0263095 0.008985 0.0029845 0.0010595 0.00042 0.000167 6.65e-05 1.65e-05 1e-06 0 0 0 0 0 
1 0.900096 0.692542 0.413243 0.191133 0.075004 0.0271505 0.00942 0.003189 0.000986 0.000264 5.8e-05 1.2e-05 2.5e-06 0 0 0 0 0 0 
1 0.900029 0.693601 0.415428 0.193047 0.0765115 0.0279575 0.009686 0.003371 0.00115 0.0003845 0.000119 3.25e-05 1.25e-05 2.5e-06 0 0 0 0 0 
1 0.899952 0.691487 0.411844 0.189701 0.074238 0.026723 0.0090425 0.002962 0.000883 0.0002455 5.15e-05 9e-06 1.5e-06 5e-07 0 0 0 0 0 
1 0.900074 0.692322 0.41276 0.191082 0.075077 0.027156 0.0095155 0.0031915 0.0010375 0.000326 9.25e-05 1.4e-05 2.02179e-17 0 0 0 0 0 0 
1 0.900525 0.69375 0.415423 0.192779 0.075622 0.027465 0.009443 0.0031265 0.001037 0.000365 0.0001365 4.55e-05 1.45e-05 3.5e-06 1e-06 0 0 0 0 
1 0.9 0.69239 0.41302 0.191592 0.075522 0.027506 0.0096155 0.00321 0.000996 0.000282 5.8e-05 4.5e-06 0 0 0 0 0 0 0 
1 0.899606 0.69147 0.411158 0.189367 0.0739235 0.026565 0.0091605 0.0029515 0.0008565 0.0001915 3.25e-05 1e-06 0 0 0 0 0 0 0 
1 0.899486 0.690443 0.410499 0.188986 0.0736865 0.02638 0.0090915 0.0031135 0.0010635 0.0003755 0.000159 6.7e-05 3.65e-05 2e-05 7.5e-06 7.74394e-18 0 0 0 
1 0.900263 0.692901 0.414755 0.192675 0.0756815 0.0270125 0.0091365 0.00295 0.000945 0.0003035 9.85e-05 2.2e-05 2e-06 0 0 0 0 0 0 
1 0.899165 0.689813 0.409017 0.187674 0.0726615 0.025588 0.008427 0.002572 0.0007265 0.0001785 3.65e-05 5.5e-06 1e-06 0 0 0 0 0 0 
1 0.899995 0.691723 0.411232 0.188679 0.0734225 0.026657 0.0094115 0.0032645 0.001137 0.0003925 0.0001285 3.7e-05 6e-06 0 0 0 0 0 0 
1 0.900026 0.692109 0.41201 0.189387 0.0735705 0.0265715 0.009477 0.0034075 0.0012435 0.0004805 0.00016 4.55e-05 7e-06 5e-07 0 0 0 0 0 
1 0.900019 0.692413 0.414031 0.192484 0.076411 0.028132 0.0099195 0.0034115 0.0011045 0.000353 0.000142 5.7e-05 1.3e-05 1e-06 0 0 0 0 0 
1 0.900249 0.692541 0.41357 0.191726 0.0756675 0.027938 0.0096385 0.0032655 0.0009855 0.000259 7e-05 1.35e-05 1e-06 0 0 0 0 0 0 
1 0.900813 0.693287 0.414808 0.192892 0.076353 0.028182 0.010095 0.0036415 0.0013975 0.0005645 0.000248 0.000113 6.2e-05 2.4e-05 5e-06 5e-07 0 0 0 
1 0.901109 0.695928 0.418024 0.194672 0.0767755 0.027561 0.0095325 0.00322 0.001112 0.0004025 0.000149 5.3e-05 1.2e-05 2e-06 0 0 0 0 0 
1 0.899997 0.691864 0.412042 0.18935 0.0741845 0.0267755 0.009245 0.0031365 0.001129 0.0004115 0.000139 3.85e-05 8e-06 3e-06 5e-07 0 0 0 0 
1 0.900073 0.692034 0.41306 0.191657 0.075362 0.0275855 0.0097435 0.003362 0.0011465 0.0003785 0.0001305 4.45e-05 2e-05 5.5e-06 1e-06 0 0 0 0 
1 0.900311 0.69269 0.414352 0.192162 0.0761205 0.0279465 0.009918 0.0035715 0.0013035 0.0005175 0.0002095 0.0001025 4.85e-05 2.1e-05 1.25e-05 7.5e-06 3e-06 0 0 
1 0.900499 0.694351 0.416215 0.193771 0.0768895 0.0289965 0.011044 0.004398 0.0018335 0.000739 0.000307 0.000121 4.95e-05 2.1e-05 4.5e-06 5e-07 0 0 0 
1 0.899432 0.691048 0.411306 0.189763 0.0740885 0.026779 0.00911 0.0030165 0.000971 0.000288 7.7e-05 1.75e-05 7.5e-06 2e-06 0 0 0 0 0 
1 0.899952 0.692491 0.41382 0.192406 0.076803 0.028667 0.0105865 0.004045 0.0016215 0.0006555 0.000276 0.0001135 3.95e-05 1.3e-05 1.5e-06 1.9712e-18 0 0 0 
1 0.900263 0.693274 0.414776 0.193329 0.076613 0.028175 0.009786 0.0032055 0.0010325 0.0003375 0.0001155 3.55e-05 9.5e-06 5e-07 0 0 0 0 0 
1 0.900055 0.692402 0.413832 0.193275 0.0774575 0.029142 0.0107885 0.0042075 0.0017335 0.0007315 0.0003175 0.0001745 0.000112 7.4e-05 3.75e-05 7.5e-06 1e-06 0 0 
1 0.900372 0.692565 0.41302 0.190572 0.0748765 0.0271625 0.00937 0.0031715 0.001081 0.0003555 0.000113 2.7e-05 2e-06 0 0 0 0 0 0 
1 0.89983 0.691594 0.411514 0.189705 0.074239 0.0267045 0.009283 0.0032565 0.001127 0.000398 0.0001265 3.15e-05 7e-06 1.5e-06 0 0 0 0 0 
1 0.899395 0.691761 0.412306 0.190365 0.0746345 0.027108 0.0096295 0.0034025 0.0011345 0.0003665 0.00012 5.25e-05 3.25e-05 1.15e-05 1e-06 0 0 0 0 
1 0.900175 0.692448 0.414124 0.192873 0.0764575 0.028165 0.0100545 0.00342 0.0010655 0.0003165 0.0001 3.7e-05 1.7e-05 9.5e-06 2.5e-06 5e-07 0 0 0 
1 0.899901 0.691927 0.412853 0.191492 0.0757295 0.0273855 0.0093975 0.0032575 0.0011785 0.0004765 0.000225 0.000103 4.4e-05 9e-06 1.39566e-17 0 0 0 0 
1 0.899947 0.692238 0.412452 0.189359 0.073676 0.0260875 0.008858 0.002972 0.00108 0.000433 0.0002005 0.0001085 7.2e-05 5.35e-05 2.75e-05 8.5e-06 5e-07 0 0 
1 0.900178 0.692872 0.41575 0.194119 0.0777785 0.0291865 0.010871 0.004126 0.001667 0.000772 0.0004185 0.000264 0.000164 0.0001055 4.65e-05 1.7e-05 4.5e-06 5e-07 0 
1 0.899027 0.690206 0.410481 0.189539 0.074675 0.0274025 0.0096635 0.0034415 0.0012775 0.0004995 0.000211 9.55e-05 4.65e-05 1.6e-05 4.5e-06 1.04852e-17 0 0 0 
1 0.900153 0.692084 0.412787 0.190644 0.07509 0.0273805 0.009796 0.00352 0.0012615 0.000414 0.0001355 3.25e-05 2e-06 0 0 0 0 0 0 
1 0.900973 0.694057 0.415075 0.193706 0.077226 0.0286825 0.0101105 0.003591 0.0012595 0.0004395 0.00017 8.7e-05 4.7e-05 2.95e-05 1.65e-05 6e-06 0 0 0 
1 0.899799 0.691638 0.41288 0.19178 0.07609 0.028272 0.0101405 0.003571 0.0011945 0.000412 0.000154 5.65e-05 1.7e-05 3.5e-06 0 0 0 0 0 
1 0.900648 0.69492 0.417498 0.195757 0.078751 0.0299125 0.0110355 0.0038275 0.001225 0.00033 9.35e-05 2.1e-05 3.5e-06 0 0 0 0 0 0 
1 0.899524 0.690967 0.411102 0.18929 0.0740825 0.0270875 0.0097055 0.003419 0.001186 0.0004155 0.0001355 3.9e-05 7e-06 5e-07 0 0 0 0 0 
1 0.900044 0.692743 0.412888 0.190286 0.07434 0.0267975 0.0091215 0.002936 0.0008515 0.0002245 4.5e-05 7e-06 1e-06 0 0 0 0 0 0 
1 0.899857 0.692563 0.413347 0.190946 0.0745695 0.0269015 0.0094835 0.0034275 0.0012025 0.000397 9.85e-05 1.45e-05 1.33098e-17 0 0 0 0 0 0 
1 0.899857 0.692615 0.413134 0.191316 0.0755425 0.0278655 0.010031 0.0036815 0.0013725 0.0004725 0.0001685 5.3e-05 1.2e-05 1e-06 0 0 0 0 0 
1 0.900487 0.693777 0.415641 0.193981 0.077443 0.0290425 0.010654 0.003994 0.001503 0.000548 0.000184 5.45e-05 1.55e-05 4e-06 0 0 0 0 0 
1 0.899741 0.691743 0.412339 0.190502 0.074737 0.0270735 0.0093605 0.003185 0.0011075 0.000362 0.00013 6.3e-05 3.2e-05 1e-05 1e-06 0 0 0 0 
1 0.899684 0.692087 0.412447 0.189894 0.074147 0.0268775 0.0093755 0.0031815 0.0009985 0.000296 6.3e-05 8.5e-06 1e-06 0 0 0 0 0 0 
1 0.900111 0.692874 0.413997 0.191838 0.07584 0.0279595 0.0099155 0.0035935 0.0012475 0.000456 0.0001735 8.3e-05 4.1e-05 2.3e-05 1.15e-05 1e-06 0 0 0 
1 0.90057 0.693868 0.414312 0.191675 0.075434 0.0276895 0.0099055 0.0035215 0.001283 0.0004555 0.0001845 7.65e-05 2.35e-05 5.5e-06 1e-06 0 0 0 0 
1 0.89995 0.691941 0.412321 0.19036 0.0745405 0.0275845 0.0101 0.0037825 0.0014075 0.0005355 0.0002445 0.000131 7.2e-05 4.5e-05 3.2e-05 1.7e-05 3e-06 5e-07 0 
1 0.900103 0.692362 0.411907 0.18944 0.0737605 0.0264755 0.009134 0.003044 0.001039 0.0003955 0.000178 0.000101 5.05e-05 2.35e-05 5.5e-06 5e-07 0 0 0 
1 0.900777 0.693791 0.414633 0.192254 0.076067 0.0276585 0.0096965 0.003418 0.0012165 0.000403 0.000124 2.6e-05 2e-06 0 0 0 0 0 0 
1 0.899376 0.690836 0.410898 0.188618 0.073412 0.0261655 0.0088505 0.003015 0.0010355 0.0003405 0.000102 2.95e-05 9e-06 2e-06 0 0 0 0 0 
1 0.899036 0.689445 0.409319 0.18778 0.073662 0.026756 0.009505 0.003359 0.0011365 0.0003445 8.95e-05 2.05e-05 1e-06 0 0 0 0 0 0 
1 0.899304 0.690808 0.411378 0.190189 0.074862 0.0276815 0.009971 0.003538 0.0011295 0.000301 6.15e-05 8.5e-06 0 0 0 0 0 0 0 
1 0.899198 0.690412 0.409735 0.187493 0.072442 0.02562 0.008777 0.0029545 0.0009615 0.0003035 9.45e-05 2.9e-05 3e-06 0 0 0 0 0 0 
1 0.899888 0.691189 0.411359 0.189282 0.0730295 0.025561 0.0084635 0.002666 0.0008055 0.0002295 7.2e-05 2.6e-05 6.5e-06 2.43233e-17 0 0 0 0 0 
1 0.899685 0.691915 0.41393 0.19114 0.0751725 0.027109 0.009459 0.003199 0.0010835 0.0003325 0.00011 4.15e-05 1.45e-05 2.5e-06 0 0 0 0 0 
1 0.900481 0.692646 0.413844 0.191052 0.0747925 0.0272445 0.009963 0.0037885 0.0014965 0.00062 0.000275 0.0001245 5.8e-05 3.05e-05 1.45e-05 3e-06 0 0 0 
1 0.900349 0.692759 0.413797 0.191696 0.0755875 0.027816 0.009996 0.0035555 0.0014 0.0005685 0.0002015 6.95e-05 2.8e-05 1.45e-05 3.5e-06 5e-07 0 0 0 
1 0.900508 0.693682 0.415413 0.193195 0.07671 0.028179 0.009936 0.0033455 0.0011455 0.0003795 0.0001115 1.6e-05 5e-07 0 0 0 0 0 0 
1 0.899914 0.692483 0.413425 0.191599 0.0751595 0.0267685 0.009107 0.003138 0.0011405 0.0004025 0.0001525 5.4e-05 1.95e-05 6e-06 0 0 0 0 0 
1 0.89968 0.691552 0.412363 0.190455 0.0742945 0.0260205 0.008605 0.0028355 0.0009935 0.000321 9.3e-05 2.5e-05 3.5e-06 0 0 0 0 0 0 
1 0.900355 0.693087 0.413894 0.192252 0.075785 0.027666 0.009955 0.0037065 0.001444 0.000591 0.000238 0.0001005 3.95e-05 1.35e-05 3e-06 0 0 0 0 
1 0.899656 0.692019 0.412665 0.189584 0.0735715 0.0261555 0.008712 0.002755 0.0008615 0.0002955 0.0001055 4.9e-05 2.2e-05 1e-05 2e-06 0 0 0 0 
1 0.900882 0.695012 0.417188 0.19533 0.078466 0.029328 0.0107645 0.0039395 0.001429 0.0005305 0.000206 6.65e-05 1.15e-05 1e-06 0 0 0 0 0 
1 0.900009 0.692663 0.414164 0.192922 0.0768775 0.0286865 0.010516 0.003887 0.0014735 0.000599 0.0002485 0.0001085 4.55e-05 1.6e-05 3e-06 0 0 0 0 
1 0.899933 0.691702 0.412319 0.190672 0.075448 0.027841 0.0100205 0.003406 0.001132 0.0003935 0.0001215 3.4e-05 7e-06 0 0 0 0 0 0 
1 0.899156 0.690882 0.411574 0.190353 0.0750825 0.0280175 0.0104425 0.0040955 0.001586 0.0005725 0.0001655 3.65e-05 3e-06 0 0 0 0 0 0 
1 0.899262 0.691289 0.412099 0.1906 0.0751825 0.027469 0.009744 0.0033585 0.0011685 0.0004 0.0001255 3.45e-05 4e-06 0 0 0 0 0 0 
1 0.900141 0.692594 0.413246 0.190642 0.0745975 0.027144 0.009598 0.0033855 0.001158 0.000372 0.000136 5.05e-05 1e-05 2e-06 0 0 0 0 0 
1 0.900587 0.693618 0.414795 0.193512 0.077125 0.0285215 0.0103915 0.003882 0.0014205 0.000501 0.0001605 4.7e-05 2.05e-05 8e-06 5e-07 5e-07 0 0 0 
1 0.899601 0.691453 0.411234 0.189565 0.07374 0.026447 0.009422 0.0032545 0.001044 0.0002995 7e-05 1.2e-05 1.5e-06 0 0 0 0 0 0 
1 0.899592 0.69183 0.413571 0.192338 0.076542 0.02874 0.0107175 0.0039685 0.001463 0.000542 0.0001905 7.65e-05 3e-05 1.25e-05 2e-06 0 0 0 0 
1 0.899453 0.690477 0.410239 0.18853 0.0731245 0.026054 0.009186 0.0032695 0.001209 0.000474 0.000162 3.65e-05 4.5e-06 0 0 0 0 0 0 
1 0.899042 0.689653 0.40829 0.187694 0.073541 0.026553 0.009276 0.0032165 0.001095 0.0003555 0.0001205 4.5e-05 1.55e-05 6e-06 5e-07 0 0 0 0 
1 0.900854 0.694294 0.416337 0.194658 0.0774635 0.02841 0.010094 0.0036305 0.001368 0.0005445 0.0002185 0.000105 5.95e-05 3.3e-05 1.75e-05 7.5e-06 2.5e-06 0 0 
1 0.899914 0.691979 0.412936 0.19129 0.0751355 0.027295 0.0095135 0.0031555 0.0010075 0.0003415 0.0001245 4.8e-05 1.1e-05 3e-06 5e-07 0 0 0 0 
1 0.899534 0.690672 0.410391 0.189268 0.073979 0.0262725 0.0088945 0.0027895 0.0008795 0.000326 0.0001405 6.2e-05 3.4e-05 1.45e-05 5e-06 1.94249e-17 0 0 0 
1 0.900471 0.693235 0.415054 0.193406 0.077009 0.028737 0.010751 0.003925 0.001375 0.000459 0.0001455 4.85e-05 1.9e-05 8e-06 2e-06 0 0 0 0 
1 0.89947 0.691975 0.413387 0.191293 0.075431 0.0275975 0.00988 0.0034395 0.001195 0.0003835 0.000118 3.45e-05 7.5e-06 2e-06 0 0 0 0 0 
1 0.89943 0.690801 0.410954 0.189531 0.074185 0.0266515 0.0093495 0.003193 0.0010265 0.000303 7.25e-05 1.3e-05 1.5e-06 0 0 0 0 0 0 
1 0.899991 0.692172 0.412233 0.190753 0.0751015 0.027291 0.009795 0.003719 0.0014445 0.0005505 0.000191 6.6e-05 1.1e-05 5e-07 0 0 0 0 0 
1 0.899307 0.691088 0.411015 0.188528 0.073454 0.026736 0.009516 0.0034315 0.001267 0.000452 0.000168 5.15e-05 1.45e-05 1e-06 0 0 0 0 0 
1 0.900478 0.693814 0.413904 0.191754 0.0751235 0.026847 0.008963 0.0028835 0.0009585 0.000309 0.000109 2.3e-05 2e-06 0 0 0 0 0 0 
1 0.899364 0.690744 0.41135 0.189762 0.074535 0.027438 0.009891 0.003454 0.001115 0.0003285 5.35e-05 6e-06 0 0 0 0 0 0 0 
1 0.899864 0.692081 0.412734 0.190663 0.074932 0.027443 0.0097845 0.0033585 0.0010965 0.0003535 8.05e-05 3e-05 1.5e-05 6e-06 0 0 0 0 0 
1 0.899519 0.690754 0.409812 0.188302 0.0732765 0.0263185 0.0092195 0.0033045 0.0011925 0.0004115 0.000112 2.45e-05 1.5e-06 0 0 0 0 0 0 
1 0.89999 0.692647 0.414486 0.192706 0.0762265 0.027907 0.009934 0.0035215 0.0012995 0.00055 0.00025 0.0001245 5.65e-05 1.7e-05 3e-06 0 0 0 0 
1 0.900266 0.692749 0.413398 0.191613 0.0757105 0.027396 0.0093925 0.003076 0.0009715 0.0003005 8.9e-05 2.2e-05 2.5e-06 0 0 0 0 0 0 
1 0.900299 0.693794 0.414977 0.192564 0.075645 0.0272985 0.0095495 0.003315 0.001173 0.0004295 0.0001465 3.85e-05 8e-06 1e-06 0 0 0 0 0 
1 0.899864 0.691784 0.412543 0.190709 0.074404 0.026686 0.009083 0.003085 0.00106 0.0003385 0.0001095 3.3e-05 1.25e-05 2.5e-06 0 0 0 0 0 
1 0.899221 0.689811 0.409531 0.187483 0.0725275 0.025653 0.008965 0.003201 0.0011985 0.0004275 0.0001455 4.2e-05 7.5e-06 1.5e-06 0 0 0 0 0 
1 0.900259 0.693422 0.414429 0.192864 0.0764795 0.0282525 0.010207 0.003562 0.0011735 0.0003815 0.0001315 3.85e-05 6.5e-06 5e-07 0 0 0 0 0 
1 0.899895 0.692439 0.413702 0.192144 0.0761585 0.0280275 0.010064 0.0036195 0.001297 0.000475 0.0001535 5.05e-05 1.6e-05 3e-06 0 0 0 0 0 
1 0.900397 0.69322 0.41459 0.19239 0.076327 0.028488 0.0105615 0.0038235 0.0013845 0.0004985 0.000173 7.15e-05 2.05e-05 6.5e-06 4e-06 1.5e-06 0 0 0 
1 0.900418 0.692343 0.412796 0.189816 0.07365 0.026721 0.00948 0.00329 0.001131 0.0003865 0.0001545 6.85e-05 2.4e-05 5e-06 0 0 0 0 0 
1 0.900441 0.692055 0.412965 0.190791 0.0749925 0.027332 0.0092905 0.0030815 0.000981 0.000296 6.5e-05 1e-05 2e-06 0 0 0 0 0 0 
1 0.900281 0.693486 0.413873 0.191668 0.074589 0.0271635 0.0100065 0.003864 0.001598 0.0006765 0.000306 0.00011 2.45e-05 1.5e-06 0 0 0 0 0 
1 0.900077 0.692773 0.413052 0.190522 0.074375 0.02691 0.009185 0.0029145 0.0009205 0.0003035 8.55e-05 2.45e-05 3e-06 0 0 0 0 0 0 
1 0.899856 0.691246 0.411356 0.189638 0.074294 0.0269135 0.009412 0.0032555 0.001206 0.00045 0.0001865 8.15e-05 3.45e-05 1.65e-05 3e-06 0 0 0 0 
1 0.899687 0.692077 0.413755 0.191814 0.075634 0.027643 0.0097195 0.0033425 0.0010665 0.000317 7.8e-05 1.6e-05 5.5e-06 0 0 0 0 0 0 
1 0.900658 0.694353 0.415586 0.193335 0.0773875 0.0290165 0.01075 0.0040635 0.001576 0.0006305 0.0002535 9.8e-05 2.05e-05 5.5e-06 5e-07 0 0 0 0 
1 0.899714 0.691613 0.412954 0.191921 0.076253 0.028028 0.0099415 0.003491 0.0012395 0.0004065 0.000115 1.85e-05 4e-06 0 0 0 0 0 0 
1 0.900121 0.691789 0.412668 0.191104 0.075145 0.0273445 0.00975 0.003547 0.0013045 0.0005 0.0001955 7.3e-05 1.5e-05 2e-06 0 0 0 0 0 
1 0.89986 0.692588 0.413431 0.191236 0.0751025 0.027245 0.0094355 0.003313 0.0011395 0.000407 0.000126 4.1e-05 6.5e-06 0 0 0 0 0 0 
1 0.899359 0.691574 0.412109 0.190454 0.074845 0.0275865 0.01 0.0036775 0.001372 0.00053 0.0002035 6.6e-05 1.85e-05 3e-06 0 0 0 0 0 
1 0.899512 0.692031 0.412483 0.191094 0.0754605 0.027518 0.009623 0.0032625 0.0010995 0.0004025 0.000167 7.7e-05 3.7e-05 1.8e-05 8e-06 1.5e-06 0 0 0 
1 0.900286 0.69229 0.41366 0.191827 0.0756675 0.027818 0.010067 0.0036765 0.0014125 0.0004885 0.0001345 3.1e-05 2.5e-06 5e-07 0 0 0 0 0 
1 0.899713 0.691996 0.412221 0.190208 0.0743365 0.026964 0.0095285 0.0032905 0.001199 0.000457 0.000208 0.000114 6.5e-05 4.35e-05 2.6e-05 1.05e-05 5e-07 0 0 
1 0.899657 0.691309 0.411026 0.189386 0.074331 0.0270205 0.009356 0.0031845 0.0010715 0.000344 0.0001005 2.35e-05 1e-06 5e-07 0 0 0 0 0 
1 0.900178 0.692557 0.413762 0.192133 0.075835 0.027387 0.0096255 0.003319 0.0010985 0.0003455 9.65e-05 2.3e-05 1.5e-06 0 0 0 0 0 0 
1 0.899292 0.691566 0.411578 0.189669 0.074342 0.0267995 0.0092765 0.0031515 0.0010385 0.0003365 0.0001105 4.8e-05 2.9e-05 2.05e-05 1.1e-05 5e-06 5e-07 0 0 
1 0.899324 0.690712 0.410137 0.188073 0.072995 0.026467 0.0092895 0.003127 0.000938 0.0002595 6.05e-05 1.4e-05 1.5e-06 0 0 0 0 0 0 
1 0.900287 0.693145 0.414058 0.192485 0.076381 0.0281075 0.010033 0.003535 0.0012725 0.000462 0.0001965 7.65e-05 2.55e-05 5e-06 0 0 0 0 0 
1 0.899872 0.691579 0.411627 0.189075 0.073807 0.026706 0.009373 0.003256 0.0011125 0.00031 7.05e-05 1.5e-05 5e-07 0 0 0 0 0 0 
1 0.900023 0.692021 0.413289 0.191297 0.075405 0.027924 0.0104335 0.004048 0.0016035 0.000661 0.000293 0.0001435 5.75e-05 2.45e-05 7e-06 2.61292e-17 0 0 0 
1 0.899676 0.691909 0.411857 0.190695 0.0750265 0.0275545 0.0098995 0.003652 0.0013565 0.000435 0.0001055 1.95e-05 4e-06 0 0 0 0 0 0 
1 0.899381 0.691112 0.411292 0.189588 0.07368 0.0262925 0.009045 0.0029445 0.0009155 0.000261 7e-05 1.8e-05 6e-06 0 0 0 0 0 0 
1 0.900749 0.693646 0.415149 0.19257 0.075349 0.0270375 0.0093635 0.003209 0.0010915 0.0003965 0.000142 3.05e-05 6e-06 1e-06 0 0 0 0 0 
1 0.900118 0.692205 0.412898 0.19106 0.0754265 0.0279665 0.010085 0.0035735 0.001263 0.0004375 0.000141 4.3e-05 1.15e-05 2.5e-06 0 0 0 0 0 
1 0.8989 0.690441 0.411043 0.189698 0.074411 0.027404 0.009771 0.0033035 0.0009695 0.0002505 4.95e-05 7.5e-06 1e-06 5e-07 0 0 0 0 0 
1 0.898849 0.689806 0.409331 0.187819 0.0727805 0.0259155 0.0088775 0.0030085 0.001004 0.000336 0.0001095 3.45e-05 9e-06 1e-06 0 0 0 0 0 
1 0.900396 0.692838 0.413633 0.191191 0.0752675 0.027707 0.0101705 0.003718 0.001313 0.000451 0.000159 5.1e-05 1.25e-05 5.5e-06 2.09106e-17 0 0 0 0 
1 0.900875 0.693121 0.414062 0.191481 0.0756005 0.0275205 0.0096565 0.0032625 0.0010645 0.000334 0.0001035 3.35e-05 6.5e-06 1.62975e-17 0 0 0 0 0 
1 0.900328 0.693886 0.414511 0.19117 0.074685 0.026737 0.009066 0.002965 0.000953 0.0003185 0.0001115 4.1e-05 1.35e-05 2.5e-06 0 0 0 0 0 
1 0.900653 0.694057 0.414958 0.192403 0.075774 0.0278985 0.0099575 0.003559 0.0012335 0.000399 0.000134 5e-05 1.4e-05 1.5e-06 0 0 0 0 0 
1 0.900436 0.693387 0.414956 0.192339 0.0753775 0.027317 0.0096395 0.003391 0.0012055 0.000408 0.0001245 2.75e-05 1.5e-06 0 0 0 0 0 0 
1 0.900113 0.692382 0.411871 0.189221 0.0735725 0.0264475 0.0089505 0.002878 0.0008485 0.0002315 4.7e-05 3.5e-06 0 0 0 0 0 0 0 
1 0.900475 0.69426 0.415962 0.194604 0.0776735 0.0290855 0.0109075 0.004104 0.0014965 0.000521 0.0001405 2.25e-05 3e-06 5e-07 0 0 0 0 0 
1 0.900024 0.691736 0.412378 0.190994 0.075521 0.0278685 0.010078 0.0036615 0.001366 0.0005125 0.0001695 4.65e-05 6e-06 5e-07 0 0 0 0 0 
1 0.900549 0.693618 0.415192 0.192964 0.0764055 0.0279715 0.0096605 0.003231 0.0010265 0.000306 8.4e-05 1.4e-05 5e-07 0 0 0 0 0 0 
1 0.899689 0.691535 0.411639 0.189828 0.074918 0.0277565 0.0100615 0.003797 0.0014885 0.000626 0.0002045 4.45e-05 9e-06 2.00681e-17 0 0 0 0 0 
1 0.900247 0.693364 0.415221 0.193368 0.0774825 0.0288955 0.0104885 0.0037735 0.0012825 0.000387 0.00011 2.2e-05 1.5e-06 0 0 0 0 0 0 
1 0.899593 0.691847 0.412759 0.191366 0.075125 0.027385 0.0097465 0.003419 0.0012615 0.000486 0.0001925 7e-05 1.85e-05 5e-07 0 0 0 0 0 
1 0.899372 0.690549 0.41098 0.189604 0.073909 0.026699 0.0093465 0.0031305 0.0009705 0.000256 7e-05 1.75e-05 2.5e-06 5e-07 0 0 0 0 0 
1 0.900252 0.692813 0.414849 0.19278 0.075871 0.0274135 0.0094925 0.00314 0.001019 0.000304 8.25e-05 1.1e-05 5e-07 0 0 0 0 0 0 
1 0.899873 0.692882 0.413898 0.19216 0.075977 0.027999 0.009844 0.003314 0.001038 0.000293 5e-05 5.5e-06 0 0 0 0 0 0 0 
1 0.899691 0.691542 0.41212 0.190538 0.074531 0.026658 0.0090135 0.0030065 0.000979 0.0003095 0.0001065 3.65e-05 7e-06 0 0 0 0 0 0 
1 0.900654 0.694012 0.415535 0.192955 0.0766115 0.027767 0.0096155 0.003308 0.001128 0.000389 0.000132 3.1e-05 2e-06 0 0 0 0 0 0 
1 0.899839 0.691711 0.411992 0.190124 0.0747655 0.027224 0.009728 0.0035455 0.001277 0.00048 0.0001775 5.1e-05 1.2e-05 4.5e-06 1e-06 0 0 0 0 
1 0.899805 0.691589 0.411724 0.190019 0.0745135 0.027221 0.009797 0.0034905 0.0011905 0.000344 9.55e-05 2.05e-05 3e-06 0 0 0 0 0 0 
1 0.899434 0.690499 0.409877 0.188184 0.073324 0.0262205 0.0089665 0.0030085 0.000986 0.000349 0.0001405 4.95e-05 1.05e-05 2.5e-06 1e-06 0 0 0 0 
1 0.90025 0.692701 0.414071 0.191911 0.0758005 0.027899 0.0097565 0.003344 0.00108 0.00032 6.35e-05 1.35e-05 1e-06 0 0 0 0 0 0 
1 0.899975 0.692223 0.413222 0.190936 0.0745485 0.0262765 0.008872 0.002924 0.000892 0.000249 7.35e-05 7e-06 5e-07 0 0 0 0 0 0 
1 0.898965 0.690284 0.410428 0.188077 0.0732625 0.0261295 0.009076 0.0030645 0.000952 0.0002215 3.6e-05 1.5e-06 0 0 0 0 0 0 0 
1 0.900129 0.692902 0.414166 0.192584 0.0766795 0.0287265 0.0102835 0.003596 0.001263 0.0005175 0.00022 9.55e-05 3.25e-05 1.05e-05 2e-06 0 0 0 0 
1 0.900059 0.692108 0.412576 0.191069 0.075219 0.0272525 0.00947 0.003192 0.001044 0.0003335 0.000118 5.55e-05 2.6e-05 3.5e-06 5e-07 0 0 0 0 
1 0.900864 0.69426 0.415419 0.193497 0.0768535 0.0282435 0.0098655 0.003358 0.0011665 0.000397 0.0001225 2.4e-05 3e-06 1e-06 0 0 0 0 0 
1 0.900692 0.693304 0.413696 0.1917 0.075225 0.027229 0.0096 0.0032875 0.0011075 0.0003445 0.000106 2.15e-05 2.5e-06 0 0 0 0 0 0 
1 0.900433 0.693414 0.414806 0.191736 0.075369 0.0275405 0.009671 0.0033345 0.0011615 0.000374 0.000126 3.9e-05 1.45e-05 3.5e-06 0 0 0 0 0 
1 0.900753 0.694056 0.416107 0.194538 0.078265 0.029582 0.011007 0.0041535 0.0015495 0.000599 0.0002345 9.4e-05 2.7e-05 1.5e-06 0 0 0 0 0 
1 0.899985 0.69276 0.413103 0.191625 0.075905 0.028025 0.010173 0.0037585 0.0014165 0.0005175 0.0002255 0.000105 3.85e-05 5.5e-06 0 0 0 0 0 
1 0.89964 0.691261 0.412738 0.190942 0.074687 0.0269555 0.009626 0.00331 0.001113 0.0003295 9e-05 1.85e-05 5e-07 2.77556e-17 0 0 0 0 0 
1 0.900062 0.691839 0.411754 0.189281 0.0736795 0.0263395 0.0089575 0.0029935 0.0009565 0.0002985 8.35e-05 1.6e-05 2e-06 0 0 0 0 0 0 
1 0.901014 0.69447 0.415169 0.192739 0.076122 0.027988 0.0100995 0.003465 0.001078 0.0003335 0.000113 4.6e-05 1.1e-05 3e-06 0 0 0 0 0 
1 0.899886 0.691216 0.411511 0.190034 0.0739025 0.026039 0.008617 0.002719 0.0008235 0.000239 5.2e-05 1.5e-05 3.5e-06 2.15693e-17 0 0 0 0 0 
1 0.900115 0.69287 0.413472 0.190772 0.0750415 0.0271045 0.0094015 0.003204 0.0010755 0.0003995 0.000177 8.15e-05 3e-05 6.5e-06 1e-06 0 0 0 0 
1 0.900523 0.692977 0.413559 0.192023 0.076167 0.0278165 0.0098635 0.003484 0.001113 0.000293 6e-05 1e-05 5e-07 0 0 0 0 0 0 
1 0.899808 0.691807 0.412459 0.191229 0.075543 0.02766 0.0100125 0.003683 0.0013455 0.000446 0.00011 1.7e-05 2e-06 5e-07 0 0 0 0 0 
1 0.89926 0.690021 0.409474 0.187894 0.0729955 0.02587 0.008757 0.002915 0.000968 0.0003505 0.000143 6.75e-05 4.3e-05 2.4e-05 7.5e-06 5e-07 0 0 0 
1 0.899717 0.691827 0.412432 0.191232 0.075413 0.027947 0.0102175 0.0038275 0.001394 0.0004595 0.00013 3.7e-05 7e-06 5e-07 0 0 0 0 0 
1 0.899969 0.692274 0.413957 0.19274 0.076499 0.0285525 0.0103935 0.0038225 0.0013275 0.000482 0.0001685 5.55e-05 1.55e-05 1e-06 0 0 0 0 0 
1 0.900068 0.693415 0.414115 0.191302 0.0746475 0.026969 0.009562 0.0032755 0.0011135 0.000418 0.0001575 7.05e-05 4.3e-05 2.3e-05 8.5e-06 3e-06 0 0 0 
1 0.899327 0.690497 0.410322 0.189491 0.0747085 0.0274465 0.0097305 0.003346 0.001088 0.0002985 6.4e-05 5.5e-06 5e-07 0 0 0 0 0 0 
1 0.899671 0.691733 0.412613 0.190077 0.074053 0.0268045 0.0093425 0.0032735 0.0011675 0.0003935 0.0001535 5.35e-05 1.7e-05 2.5e-06 5e-07 0 0 0 0 
1 0.900127 0.693054 0.414405 0.19211 0.075782 0.027996 0.0101375 0.0036465 0.0013455 0.000494 0.0001855 6.6e-05 2.25e-05 9e-06 2.5e-06 5e-07 0 0 0 
1 0.899871 0.692123 0.413757 0.192335 0.0755125 0.0274515 0.0097925 0.0035865 0.0013305 0.0004745 0.0001595 4.2e-05 6.5e-06 0 0 0 0 0 0 
1 0.899565 0.691538 0.411888 0.190242 0.0747635 0.0272905 0.0097085 0.0034665 0.001299 0.0004735 0.000151 3.15e-05 6.5e-06 1.5e-06 0 0 0 0 0 
1 0.900486 0.693641 0.413841 0.191967 0.076135 0.028405 0.0106095 0.0041575 0.001715 0.000737 0.000332 0.000147 6.6e-05 4.4e-05 2.7e-05 1.55e-05 5.5e-06 1.5e-06 0 
1 0.900386 0.693085 0.414394 0.191637 0.074458 0.0263095 0.0088335 0.002911 0.00091 0.0002675 6.95e-05 2.6e-05 7e-06 1e-06 0 0 0 0 0 
1 0.90032 0.692698 0.413193 0.192323 0.076459 0.0282055 0.010104 0.0034195 0.0010205 0.0002585 6.45e-05 1.45e-05 3e-06 1e-06 0 0 0 0 0 
1 0.900876 0.69372 0.415724 0.194614 0.0782275 0.028745 0.010133 0.0035035 0.001281 0.000484 0.0001815 7.3e-05 3.6e-05 1.5e-05 3.5e-06 5e-07 0 0 0 
1 0.900125 0.692846 0.414251 0.192196 0.075264 0.026963 0.009212 0.0030365 0.0009985 0.00031 9.2e-05 2.9e-05 5e-06 1e-06 0 0 0 0 0 
1 0.89906 0.690149 0.410196 0.189783 0.0751705 0.0275875 0.009947 0.003601 0.001366 0.0005435 0.000197 9.05e-05 3.95e-05 1.75e-05 4.5e-06 0 0 0 0 
1 0.900279 0.692811 0.412768 0.189912 0.073291 0.026008 0.0089695 0.003005 0.0010055 0.00032 9.7e-05 1.45e-05 1.5e-06 0 0 0 0 0 0 
1 0.899454 0.69133 0.411142 0.189835 0.0747605 0.0276845 0.009813 0.00332 0.0010465 0.0003225 7.25e-05 1.4e-05 4.5e-06 1.35367e-17 0 0 0 0 0 
1 0.900545 0.693428 0.414933 0.193711 0.077486 0.029018 0.0106215 0.0039425 0.001398 0.000484 0.0001725 8.4e-05 5.75e-05 3.8e-05 2.7e-05 1.85e-05 7.5e-06 5e-07 0 
1 0.899757 0.691673 0.411798 0.189698 0.07384 0.026437 0.0091175 0.0031235 0.0011165 0.0003575 0.0001175 3.5e-05 1.55e-05 5e-06 1e-06 0 0 0 0 
1 0.90012 0.692179 0.413195 0.191581 0.076203 0.027878 0.009982 0.0034045 0.001171 0.0003655 0.000107 1.7e-05 1.5e-06 0 0 0 0 0 0 
1 0.900195 0.691664 0.412689 0.191522 0.0759665 0.028088 0.0103265 0.003907 0.0016125 0.0007405 0.000335 0.0001435 5.35e-05 1.4e-05 5e-07 0 0 0 0 
1 0.900793 0.694272 0.414871 0.192037 0.0752455 0.0270705 0.0090525 0.0029445 0.0009065 0.000268 7.05e-05 1.95e-05 8e-06 1e-06 0 0 0 0 0 
1 0.899897 0.691588 0.412131 0.190447 0.0751175 0.027116 0.009413 0.003195 0.001005 0.0002935 7.05e-05 1e-05 2.34593e-17 0 0 0 0 0 0 
1 0.900372 0.692761 0.413946 0.192523 0.0766265 0.0280675 0.009656 0.003164 0.0009115 0.000235 4.55e-05 2.5e-06 0 0 0 0 0 0 0 
1 0.899419 0.691511 0.410956 0.189163 0.0746955 0.027527 0.010029 0.003714 0.001429 0.0006275 0.0002595 9.9e-05 2.75e-05 5e-06 1e-06 0 0 0 0 
1 0.900609 0.694262 0.415519 0.192113 0.075464 0.0273905 0.009427 0.003059 0.0009615 0.000325 9.55e-05 2.1e-05 4.5e-06 1.57467e-17 0 0 0 0 0 
1 0.900333 0.693152 0.414105 0.192814 0.076402 0.027786 0.0098465 0.0035205 0.001306 0.0005105 0.0002005 0.0001045 5.55e-05 3.2e-05 1.45e-05 3e-06 1e-06 0 0 
1 0.899604 0.691654 0.411385 0.189633 0.074544 0.0271105 0.0096955 0.0034205 0.001093 0.0003245 8.4e-05 1.85e-05 3.5e-06 1e-06 0 0 0 0 0 
1 0.899808 0.691208 0.410975 0.189201 0.073821 0.0269595 0.0095955 0.0033385 0.0011455 0.0003455 0.0001005 1.95e-05 2e-06 0 0 0 0 0 0 
1 0.899812 0.691355 0.41252 0.191966 0.075873 0.0276785 0.009897 0.003498 0.0012765 0.0004645 0.00017 7.75e-05 3.4e-05 9e-06 5e-07 0 0 0 0 
1 0.900471 0.693581 0.414407 0.192198 0.076359 0.0287245 0.010698 0.0039605 0.0013235 0.000375 9.45e-05 1.55e-05 2e-06 0 0 0 0 0 0 
1 0.899786 0.691928 0.412614 0.191321 0.0757135 0.027952 0.0101465 0.0037845 0.0014885 0.000567 0.0002075 7.75e-05 3.65e-05 1.25e-05 4e-06 1.5e-06 0 0 0 
1 0.900523 0.693861 0.415394 0.193467 0.076579 0.028027 0.010153 0.003595 0.001286 0.000466 0.0001985 0.0001125 7.7e-05 4.4e-05 1.85e-05 5e-06 5e-07 0 0 
1 0.900041 0.691929 0.411997 0.189513 0.073705 0.0262085 0.0090425 0.0031135 0.00111 0.0003705 0.000131 4.4e-05 1.45e-05 5e-07 0 0 0 0 0 
1 0.899913 0.693066 0.41469 0.192975 0.0770215 0.0285295 0.010003 0.003409 0.001065 0.0002835 5.2e-05 1.05e-05 1.5e-06 5e-07 0 0 0 0 0 
1 0.900234 0.692831 0.413862 0.191812 0.0758205 0.0278605 0.009854 0.003386 0.001157 0.000392 0.000109 3.05e-05 7e-06 5e-07 0 0 0 0 0 
1 0.899904 0.692512 0.413485 0.191928 0.0757955 0.0274755 0.009644 0.0032495 0.0010915 0.0003555 9.4e-05 2.05e-05 3e-06 0 0 0 0 0 0 
1 0.900872 0.694245 0.415925 0.19408 0.077424 0.0288415 0.010708 0.0040985 0.0016405 0.0006265 0.0002125 7.2e-05 1.95e-05 3.5e-06 5e-07 0 0 0 0 
1 0.900163 0.693796 0.415328 0.192849 0.076932 0.028225 0.0099155 0.003355 0.0010785 0.0003435 0.000127 3.7e-05 1.3e-05 1e-06 0 0 0 0 0 
1 0.899649 0.691795 0.412234 0.19022 0.0744945 0.026784 0.0092635 0.0031465 0.0010535 0.0003535 0.0001245 3.8e-05 3e-06 1e-06 0 0 0 0 0 
1 0.899882 0.692216 0.413525 0.192582 0.0765085 0.028352 0.010254 0.0036775 0.0013075 0.0004835 0.0001995 6.8e-05 1.65e-05 1.5e-06 0 0 0 0 0 
1 0.900429 0.693894 0.415688 0.194407 0.077774 0.02872 0.010423 0.0037765 0.001376 0.000518 0.00021 7.95e-05 3.1e-05 9e-06 5e-07 0 0 0 0 
1 0.90034 0.693389 0.415136 0.193935 0.077204 0.028314 0.009911 0.003508 0.0012965 0.0003995 9.2e-05 9.5e-06 2e-06 0 0 0 0 0 0 
1 0.900556 0.693912 0.4135 0.191196 0.074976 0.027288 0.0097455 0.003451 0.001185 0.000331 7.1e-05 5e-06 0 0 0 0 0 0 0 
1 0.900123 0.693191 0.414835 0.193161 0.076481 0.0279885 0.0097635 0.0032465 0.0010185 0.000272 5.2e-05 5e-06 5e-07 0 0 0 0 0 0 
1 0.899932 0.691512 0.412552 0.190411 0.075118 0.02721 0.009205 0.003038 0.0009865 0.000291 7.45e-05 1.65e-05 1.5e-06 0 0 0 0 0 0 
1 0.899345 0.691067 0.410587 0.187852 0.072953 0.0262175 0.008972 0.002926 0.000913 0.0002465 4.25e-05 5.5e-06 0 0 0 0 0 0 0 
1 0.899975 0.692423 0.413492 0.192044 0.075887 0.027683 0.009833 0.003326 0.00105 0.0003205 0.0001105 4.65e-05 1.5e-05 1e-06 0 0 0 0 0 
1 0.899775 0.691774 0.413053 0.190572 0.074896 0.0272135 0.0094735 0.003229 0.0010845 0.0003935 0.000167 8.15e-05 3.4e-05 1.2e-05 5e-07 0 0 0 0 
1 0.899833 0.690827 0.411367 0.189841 0.074286 0.026927 0.0094155 0.0033095 0.0010605 0.0003115 7.9e-05 1.55e-05 2e-06 0 0 0 0 0 0 
1 0.900328 0.692854 0.414162 0.192045 0.0759745 0.0280785 0.0102275 0.0036985 0.001312 0.000503 0.0002115 9.25e-05 4.3e-05 2.4e-05 9.5e-06 3.5e-06 5e-07 0 0 
1 0.89965 0.691306 0.411769 0.190593 0.0748105 0.0274495 0.009933 0.0036275 0.001287 0.0004805 0.0001855 6.8e-05 2.2e-05 3.5e-06 0 0 0 0 0 
1 0.900555 0.693777 0.414731 0.192773 0.076238 0.027848 0.009719 0.0033425 0.0011515 0.000411 0.000151 4.95e-05 1.7e-05 1.5e-06 0 0 0 0 0 
1 0.899783 0.692402 0.413416 0.191566 0.074896 0.0273265 0.0098885 0.0039215 0.0016285 0.000673 0.0002785 9.85e-05 2.85e-05 1.1e-05 3e-06 0 0 0 0 
1 0.899662 0.691663 0.412665 0.191061 0.0746105 0.026995 0.0092355 0.003202 0.001119 0.0004535 0.0002065 0.0001055 5.7e-05 2.85e-05 8.5e-06 0 0 0 0 
1 0.900146 0.692799 0.413584 0.191413 0.075101 0.0269595 0.009334 0.0030725 0.0009595 0.000315 0.000105 3.6e-05 8e-06 2.5e-06 0 0 0 0 0 
1 0.900608 0.69406 0.414747 0.191446 0.0748695 0.0269175 0.009412 0.00325 0.0011395 0.000405 0.0001165 2.95e-05 2e-06 5e-07 0 0 0 0 0 
1 0.900218 0.69312 0.413202 0.191309 0.075713 0.0279045 0.0100965 0.0037015 0.001253 0.000415 0.0001635 5.95e-05 1.85e-05 4.5e-06 1e-06 0 0 0 0 
1 0.900585 0.694739 0.41715 0.195571 0.07857 0.0290755 0.010227 0.0036205 0.001352 0.000519 0.000218 0.0001035 4.65e-05 1.6e-05 2.5e-06 0 0 0 0 
1 0.899837 0.691696 0.410849 0.188501 0.073153 0.025806 0.008837 0.0029075 0.0009455 0.0002715 8.05e-05 2.5e-05 7e-06 3.5e-06 1.66439e-17 0 0 0 0 
1 0.90056 0.693431 0.414624 0.192812 0.076603 0.028529 0.010356 0.0037855 0.001448 0.000504 0.000159 5.5e-05 1.8e-05 9.5e-06 1.5e-06 1e-06 0 0 0 
1 0.899475 0.691791 0.412034 0.189956 0.0741215 0.026776 0.009426 0.0033255 0.001149 0.00039 0.000136 6.7e-05 2.8e-05 8.5e-06 7.10682e-18 0 0 0 0 
1 0.899788 0.691663 0.413442 0.191673 0.075468 0.0276525 0.0099665 0.0034595 0.0011505 0.000385 0.000115 3.7e-05 3e-06 0 0 0 0 0 0 
1 0.899983 0.69249 0.413711 0.191903 0.076008 0.028029 0.010286 0.0037535 0.0013145 0.000446 0.000125 2.5e-05 5e-06 0 0 0 0 0 0 
1 0.900341 0.692795 0.413347 0.191405 0.0752855 0.027382 0.009506 0.0030835 0.000952 0.0002915 0.0001045 2.9e-05 4e-06 5e-07 0 0 0 0 0 
1 0.899929 0.692136 0.414014 0.191609 0.0755875 0.0280165 0.010141 0.003681 0.0013385 0.0004615 0.000155 4.6e-05 1.45e-05 4.5e-06 1.5e-06 5e-07 0 0 0 
1 0.900383 0.692649 0.412597 0.189667 0.0739825 0.026861 0.009609 0.00345 0.0012855 0.000486 0.000175 4.75e-05 1.25e-05 5e-07 0 0 0 0 0 
1 0.899521 0.691736 0.41222 0.190184 0.074796 0.027321 0.009738 0.0033735 0.001125 0.0003905 0.0001295 3.8e-05 8.5e-06 2e-06 0 0 0 0 0 
1 0.900237 0.692785 0.413492 0.191097 0.074812 0.0272025 0.009421 0.003277 0.001112 0.0003985 0.000167 8.95e-05 5.2e-05 2.9e-05 1.35e-05 2e-06 0 0 0 
1 0.900029 0.692703 0.414061 0.192486 0.075598 0.0275105 0.0095955 0.0033025 0.001145 0.000371 9.35e-05 1.2e-05 2.77556e-17 0 0 0 0 0 0 
1 0.899791 0.692192 0.412899 0.19133 0.0753815 0.02721 0.009444 0.00332 0.001306 0.0005775 0.0003015 0.000185 0.0001215 9.25e-05 7.25e-05 4.85e-05 2.9e-05 1e-05 3e-06 
1 0.899964 0.691392 0.412671 0.191521 0.0760675 0.0280475 0.009949 0.0033025 0.0010075 0.000308 8.15e-05 1.2e-05 1e-06 0 0 0 0 0 0 
