1 0.701075 0.356593 0.105455 0.01518 0.001115 7.75e-05 5e-06 0 0 0 0 0 0 0 0 0 0 0 0 
1 0.69925 0.353843 0.10342 0.0147375 0.000985 4.25e-05 0 0 0 0 0 0 0 0 0 0 0 0 0 
1 0.701122 0.35433 0.104655 0.015 0.0010575 4.75e-05 0 0 0 0 0 0 0 0 0 0 0 0 0 
1 0.70082 0.355653 0.10414 0.0149725 0.0010775 6.5e-05 0 0 0 0 0 0 0 0 0 0 0 0 0 
1 0.699015 0.352418 0.10249 0.0143075 0.0009575 4e-05 0 0 0 0 0 0 0 0 0 0 0 0 0 
1 0.69882 0.353268 0.103548 0.01429 0.0009075 2.75e-05 2.5e-06 0 0 0 0 0 0 0 0 0 0 0 0 
1 0.699692 0.353818 0.104645 0.015275 0.0011825 4.5e-05 0 0 0 0 0 0 0 0 0 0 0 0 0 
1 0.701443 0.35554 0.10502 0.0150925 0.000965 3.75e-05 0 0 0 0 0 0 0 0 0 0 0 0 0 
1 0.70054 0.355078 0.10442 0.0143675 0.000995 4.5e-05 2.5e-06 0 0 0 0 0 0 0 0 0 0 0 0 
1 0.699997 0.351843 0.10354 0.015035 0.001115 4.5e-05 0 0 0 0 0 0 0 0 0 0 0 0 0 
1 0.701495 0.355835 0.105003 0.0150625 0.0011075 4.25e-05 5e-06 0 0 0 0 0 0 0 0 0 0 0 0 
1 0.701942 0.354685 0.10451 0.014855 0.001095 5e-05 2.5e-06 0 0 0 0 0 0 0 0 0 0 0 0 
1 0.699847 0.354548 0.104235 0.0149975 0.0011675 5.25e-05 0 0 0 0 0 0 0 0 0 0 0 0 0 
1 0.70107 0.354593 0.103318 0.0144675 0.0009725 4.75e-05 0 0 0 0 0 0 0 0 0 0 0 0 0 
1 0.700018 0.352498 0.101783 0.01446 0.001025 6.75e-05 0 0 0 0 0 0 0 0 0 0 0 0 0 
1 0.70048 0.356078 0.104525 0.01471 0.0010425 5.75e-05 2.5e-06 0 0 0 0 0 0 0 0 0 0 0 0 
1 0.699653 0.35398 0.10361 0.014795 0.0010175 4.5e-05 7.5e-06 0 0 0 0 0 0 0 0 0 0 0 0 
1 0.699692 0.354085 0.104193 0.0148625 0.001035 5.25e-05 0 0 0 0 0 0 0 0 0 0 0 0 0 
1 0.702207 0.357713 0.107395 0.0155825 0.001205 3.25e-05 0 0 0 0 0 0 0 0 0 0 0 0 0 
1 0.699983 0.352825 0.104383 0.015345 0.0011275 6e-05 0 0 0 0 0 0 0 0 0 0 0 0 0 
1 0.70093 0.354548 0.104585 0.0150675 0.00122 4.5e-05 5e-06 0 0 0 0 0 0 0 0 0 0 0 0 
1 0.701002 0.354568 0.1042 0.0145975 0.00102 4.25e-05 0 0 0 0 0 0 0 0 0 0 0 0 0 
1 0.700658 0.354468 0.104138 0.01455 0.0011 5e-05 5e-06 0 0 0 0 0 0 0 0 0 0 0 0 
1 0.699443 0.352858 0.10285 0.0141525 0.00088 3.5e-05 0 0 0 0 0 0 0 0 0 0 0 0 0 
1 0.7017 0.355013 0.104153 0.0149675 0.001045 3.25e-05 2.5e-06 0 0 0 0 0 0 0 0 0 0 0 0 
1 0.6971 0.34983 0.101253 0.0137375 0.0008725 4e-05 0 0 0 0 0 0 0 0 0 0 0 0 0 
1 0.698435 0.353678 0.10368 0.0146725 0.0010075 5.75e-05 0 0 0 0 0 0 0 0 0 0 0 0 0 
1 0.699463 0.353383 0.10506 0.015115 0.0011475 6.5e-05 0 0 0 0 0 0 0 0 0 0 0 0 0 
1 0.7012 0.354808 0.104548 0.014635 0.0010675 5e-05 0 0 0 0 0 0 0 0 0 0 0 0 0 
1 0.700152 0.353673 0.104075 0.0152525 0.001115 6e-05 0 0 0 0 0 0 0 0 0 0 0 0 0 
1 0.700303 0.35506 0.105323 0.01505 0.00105 5e-05 0 0 0 0 0 0 0 0 0 0 0 0 0 
1 0.700655 0.3548 0.10473 0.0143825 0.0009775 3.25e-05 2.5e-06 0 0 0 0 0 0 0 0 0 0 0 0 
1 0.700737 0.35296 0.104255 0.015175 0.0011425 5.25e-05 2.5e-06 0 0 0 0 0 0 0 0 0 0 0 0 
1 0.699565 0.35334 0.103245 0.0145075 0.0010975 5.5e-05 2.5e-06 0 0 0 0 0 0 0 0 0 0 0 0 
1 0.699442 0.352615 0.104338 0.0148475 0.0010175 6e-05 2.5e-06 0 0 0 0 0 0 0 0 0 0 0 0 
1 0.701423 0.356583 0.105548 0.0151025 0.0011425 5.25e-05 2.5e-06 0 0 0 0 0 0 0 0 0 0 0 0 
1 0.698667 0.352585 0.102753 0.0146475 0.00099 6.75e-05 0 0 0 0 0 0 0 0 0 0 0 0 0 
1 0.699252 0.354635 0.105395 0.015085 0.001075 4.5e-05 0 0 0 0 0 0 0 0 0 0 0 0 0 
1 0.701185 0.355378 0.104088 0.0150375 0.001075 2e-05 2.5e-06 0 0 0 0 0 0 0 0 0 0 0 0 
1 0.697803 0.350985 0.102295 0.0142275 0.00114 7.25e-05 5e-06 0 0 0 0 0 0 0 0 0 0 0 0 
1 0.701655 0.357168 0.105163 0.015035 0.00112 6.25e-05 2.5e-06 0 0 0 0 0 0 0 0 0 0 0 0 
1 0.700725 0.353453 0.103515 0.014955 0.00108 4.75e-05 0 0 0 0 0 0 0 0 0 0 0 0 0 
1 0.699528 0.352425 0.102943 0.0146325 0.0011475 6.75e-05 0 0 0 0 0 0 0 0 0 0 0 0 0 
1 0.69856 0.35104 0.102178 0.01435 0.00107 4.25e-05 2.5e-06 0 0 0 0 0 0 0 0 0 0 0 0 
1 0.701085 0.354523 0.103658 0.014905 0.0010175 4.25e-05 5e-06 0 0 0 0 0 0 0 0 0 0 0 0 
1 0.698252 0.353225 0.104725 0.0149725 0.00097 4.25e-05 5e-06 0 0 0 0 0 0 0 0 0 0 0 0 
1 0.700922 0.35453 0.104453 0.0148375 0.001075 5.5e-05 0 0 0 0 0 0 0 0 0 0 0 0 0 
1 0.699292 0.35123 0.10291 0.014435 0.0011475 4e-05 0 0 0 0 0 0 0 0 0 0 0 0 0 
1 0.70044 0.353158 0.103803 0.015 0.0009875 4e-05 2.5e-06 0 0 0 0 0 0 0 0 0 0 0 0 
1 0.700633 0.35599 0.106328 0.0159925 0.0011725 6.75e-05 0 0 0 0 0 0 0 0 0 0 0 0 0 
1 0.69678 0.34979 0.102618 0.0145175 0.0011125 4.75e-05 2.5e-06 0 0 0 0 0 0 0 0 0 0 0 0 
1 0.699725 0.353675 0.104993 0.015135 0.001165 7.75e-05 5e-06 0 0 0 0 0 0 0 0 0 0 0 0 
1 0.698867 0.352713 0.10318 0.0144725 0.0010025 3.5e-05 0 0 0 0 0 0 0 0 0 0 0 0 0 
1 0.700238 0.352663 0.102165 0.0143725 0.000975 2.75e-05 0 0 0 0 0 0 0 0 0 0 0 0 0 
1 0.69934 0.352165 0.1026 0.0143675 0.0010525 3.75e-05 0 0 0 0 0 0 0 0 0 0 0 0 0 
1 0.70206 0.35716 0.105955 0.0156225 0.00116 6e-05 0 0 0 0 0 0 0 0 0 0 0 0 0 
1 0.699325 0.35474 0.104553 0.0150225 0.00117 6.25e-05 0 0 0 0 0 0 0 0 0 0 0 0 0 
1 0.701255 0.357548 0.106298 0.01529 0.00123 7.25e-05 5e-06 5e-06 0 0 0 0 0 0 0 0 0 0 0 
1 0.701395 0.35434 0.104805 0.0145975 0.0009725 6.75e-05 2.5e-06 0 0 0 0 0 0 0 0 0 0 0 0 
1 0.70152 0.35478 0.104095 0.014905 0.00105 4.75e-05 0 0 0 0 0 0 0 0 0 0 0 0 0 
1 0.700697 0.35421 0.104615 0.0147375 0.0010025 3.25e-05 2.5e-06 0 0 0 0 0 0 0 0 0 0 0 0 
1 0.699988 0.352458 0.102445 0.014375 0.0010275 4e-05 0 0 0 0 0 0 0 0 0 0 0 0 0 
1 0.701413 0.355405 0.104218 0.0142075 0.0008975 3.5e-05 2.5e-06 0 0 0 0 0 0 0 0 0 0 0 0 
1 0.700663 0.354118 0.104188 0.01497 0.0010725 3e-05 0 0 0 0 0 0 0 0 0 0 0 0 0 
1 0.698547 0.3514 0.10308 0.014775 0.0011425 4.25e-05 2.5e-06 0 0 0 0 0 0 0 0 0 0 0 0 
1 0.700317 0.353885 0.103485 0.0142825 0.001105 4.5e-05 0 0 0 0 0 0 0 0 0 0 0 0 0 
1 0.699763 0.352398 0.10211 0.0144025 0.0009225 6e-05 0 0 0 0 0 0 0 0 0 0 0 0 0 
1 0.70111 0.355135 0.105603 0.0153725 0.0011125 6.25e-05 0 0 0 0 0 0 0 0 0 0 0 0 0 
1 0.700987 0.35368 0.104398 0.01489 0.0010575 5.5e-05 2.5e-06 0 0 0 0 0 0 0 0 0 0 0 0 
1 0.698872 0.35163 0.101978 0.0139625 0.001 2.25e-05 5e-06 0 0 0 0 0 0 0 0 0 0 0 0 
1 0.698832 0.352753 0.102905 0.0149525 0.00099 4.5e-05 2.5e-06 0 0 0 0 0 0 0 0 0 0 0 0 
1 0.700138 0.352218 0.102545 0.014405 0.00093 2.75e-05 0 0 0 0 0 0 0 0 0 0 0 0 0 
1 0.700608 0.354668 0.103748 0.0148425 0.0012125 6e-05 0 0 0 0 0 0 0 0 0 0 0 0 0 
1 0.699663 0.352058 0.102315 0.0141275 0.0008925 2.5e-05 0 0 0 0 0 0 0 0 0 0 0 0 0 
1 0.699375 0.352375 0.103373 0.0145425 0.00095 4e-05 5e-06 0 0 0 0 0 0 0 0 0 0 0 0 
1 0.70036 0.353445 0.103605 0.014745 0.001095 6e-05 2.5e-06 0 0 0 0 0 0 0 0 0 0 0 0 
1 0.700847 0.35432 0.103415 0.0145 0.001015 6.25e-05 1e-05 0 0 0 0 0 0 0 0 0 0 0 0 
1 0.70145 0.35551 0.10478 0.0154225 0.001215 6.5e-05 0 0 0 0 0 0 0 0 0 0 0 0 0 
1 0.700697 0.353388 0.10383 0.0142575 0.0009375 5.75e-05 1e-05 0 0 0 0 0 0 0 0 0 0 0 0 
1 0.700527 0.355088 0.10405 0.01446 0.00093 4.25e-05 0 0 0 0 0 0 0 0 0 0 0 0 0 
1 0.698767 0.35249 0.103303 0.0148125 0.0010775 2.75e-05 2.5e-06 0 0 0 0 0 0 0 0 0 0 0 0 
1 0.699092 0.35121 0.102945 0.014045 0.0008725 3.75e-05 0 0 0 0 0 0 0 0 0 0 0 0 0 
1 0.701033 0.353908 0.104243 0.015045 0.001105 4.5e-05 2.5e-06 0 0 0 0 0 0 0 0 0 0 0 0 
1 0.69938 0.352663 0.103688 0.0146775 0.0009875 5.25e-05 0 0 0 0 0 0 0 0 0 0 0 0 0 
1 0.701422 0.355348 0.104688 0.0149825 0.00094 4.25e-05 2.5e-06 0 0 0 0 0 0 0 0 0 0 0 0 
1 0.699062 0.351433 0.101985 0.01421 0.0011375 4.5e-05 0 0 0 0 0 0 0 0 0 0 0 0 0 
1 0.700738 0.355015 0.104083 0.0149625 0.001085 4.5e-05 0 0 0 0 0 0 0 0 0 0 0 0 0 
1 0.69902 0.354803 0.104953 0.014915 0.0010875 4.5e-05 0 0 0 0 0 0 0 0 0 0 0 0 0 
1 0.700595 0.35732 0.106005 0.0153675 0.00119 7.75e-05 2.5e-06 0 0 0 0 0 0 0 0 0 0 0 0 
1 0.69951 0.35283 0.102393 0.0142625 0.001025 2.75e-05 5e-06 0 0 0 0 0 0 0 0 0 0 0 0 
1 0.699692 0.355013 0.105665 0.01541 0.0011025 5e-05 2.5e-06 0 0 0 0 0 0 0 0 0 0 0 0 
1 0.702435 0.356615 0.105868 0.01471 0.00105 2.25e-05 0 0 0 0 0 0 0 0 0 0 0 0 0 
1 0.700945 0.35469 0.1047 0.0151425 0.0011475 6e-05 0 0 0 0 0 0 0 0 0 0 0 0 0 
1 0.700685 0.35387 0.104168 0.014775 0.001025 5.5e-05 0 0 0 0 0 0 0 0 0 0 0 0 0 
1 0.697643 0.350548 0.102223 0.0141525 0.0009375 2.75e-05 0 0 0 0 0 0 0 0 0 0 0 0 0 
1 0.700945 0.355043 0.105478 0.01496 0.0011025 5e-05 0 0 0 0 0 0 0 0 0 0 0 0 0 
1 0.700455 0.354573 0.104515 0.0152475 0.0011175 6.25e-05 5e-06 0 0 0 0 0 0 0 0 0 0 0 0 
1 0.701413 0.35536 0.104923 0.014925 0.0010525 4.75e-05 0 0 0 0 0 0 0 0 0 0 0 0 0 
1 0.700195 0.352908 0.10294 0.014285 0.00099 3.5e-05 5e-06 0 0 0 0 0 0 0 0 0 0 0 0 
1 0.702213 0.35676 0.104305 0.0149975 0.0011 4.5e-05 0 0 0 0 0 0 0 0 0 0 0 0 0 
1 0.702445 0.356378 0.105673 0.0154675 0.0010625 4.75e-05 2.5e-06 0 0 0 0 0 0 0 0 0 0 0 0 
1 0.699705 0.353098 0.103863 0.01476 0.0010775 4.5e-05 2.5e-06 0 0 0 0 0 0 0 0 0 0 0 0 
1 0.700577 0.35359 0.103878 0.01461 0.0011025 4.75e-05 0 0 0 0 0 0 0 0 0 0 0 0 0 
1 0.69945 0.352258 0.10279 0.0142625 0.0008825 6.25e-05 5e-06 2.5e-06 0 0 0 0 0 0 0 0 0 0 0 
1 0.69812 0.350988 0.10144 0.013915 0.0010275 7.25e-05 5e-06 0 0 0 0 0 0 0 0 0 0 0 0 
1 0.700545 0.356148 0.10481 0.0147025 0.001065 3.25e-05 0 0 0 0 0 0 0 0 0 0 0 0 0 
1 0.701355 0.356043 0.105408 0.015195 0.00105 6.75e-05 5e-06 0 0 0 0 0 0 0 0 0 0 0 0 
1 0.701277 0.354825 0.104678 0.0153075 0.0011525 8.5e-05 2.5e-06 0 0 0 0 0 0 0 0 0 0 0 0 
1 0.69984 0.35262 0.10275 0.0144525 0.0009925 5.75e-05 2.5e-06 0 0 0 0 0 0 0 0 0 0 0 0 
1 0.699935 0.352323 0.102848 0.01447 0.00099 4.25e-05 2.5e-06 0 0 0 0 0 0 0 0 0 0 0 0 
1 0.699365 0.352695 0.103555 0.0146875 0.0010075 4.75e-05 0 0 0 0 0 0 0 0 0 0 0 0 0 
1 0.69947 0.35261 0.102953 0.0147225 0.001095 5.75e-05 0 0 0 0 0 0 0 0 0 0 0 0 0 
1 0.700437 0.35454 0.1037 0.014665 0.001105 6.25e-05 5e-06 0 0 0 0 0 0 0 0 0 0 0 0 
1 0.69912 0.352303 0.102468 0.014245 0.001095 5.25e-05 0 0 0 0 0 0 0 0 0 0 0 0 0 
1 0.701223 0.354605 0.10451 0.0149375 0.001085 3.25e-05 0 0 0 0 0 0 0 0 0 0 0 0 0 
1 0.700442 0.355465 0.105455 0.01541 0.0010675 3.25e-05 2.5e-06 0 0 0 0 0 0 0 0 0 0 0 0 
1 0.699575 0.35438 0.10456 0.0152175 0.0011325 4.75e-05 0 0 0 0 0 0 0 0 0 0 0 0 0 
1 0.700403 0.353878 0.104663 0.015435 0.0011525 5.75e-05 0 0 0 0 0 0 0 0 0 0 0 0 0 
1 0.697965 0.35158 0.102435 0.014665 0.001145 4.5e-05 0 0 0 0 0 0 0 0 0 0 0 0 0 
1 0.700347 0.354688 0.104363 0.0150525 0.00118 6.75e-05 5e-06 0 0 0 0 0 0 0 0 0 0 0 0 
1 0.700025 0.35328 0.1038 0.0149725 0.0010625 2.5e-05 0 0 0 0 0 0 0 0 0 0 0 0 0 
1 0.699505 0.354243 0.103913 0.015145 0.000985 4.25e-05 2.5e-06 0 0 0 0 0 0 0 0 0 0 0 0 
1 0.700558 0.351693 0.102813 0.014255 0.001005 4.25e-05 2.5e-06 0 0 0 0 0 0 0 0 0 0 0 0 
1 0.700435 0.355778 0.10619 0.01552 0.0012225 6.25e-05 0 0 0 0 0 0 0 0 0 0 0 0 0 
1 0.69867 0.351765 0.102458 0.0144875 0.0010125 4.25e-05 0 0 0 0 0 0 0 0 0 0 0 0 0 
1 0.699057 0.35227 0.103335 0.014705 0.0010375 5.25e-05 5e-06 0 0 0 0 0 0 0 0 0 0 0 0 
1 0.700825 0.355255 0.105918 0.01515 0.00115 4.5e-05 2.5e-06 0 0 0 0 0 0 0 0 0 0 0 0 
1 0.700992 0.354435 0.10386 0.0146775 0.00096 5.25e-05 2.5e-06 0 0 0 0 0 0 0 0 0 0 0 0 
1 0.70048 0.35393 0.10423 0.0145975 0.0010875 4.5e-05 0 0 0 0 0 0 0 0 0 0 0 0 0 
1 0.700173 0.35336 0.104368 0.01505 0.001115 4.25e-05 0 0 0 0 0 0 0 0 0 0 0 0 0 
1 0.701422 0.3555 0.104905 0.0150475 0.0010075 4e-05 0 0 0 0 0 0 0 0 0 0 0 0 0 
1 0.700575 0.356685 0.105753 0.01521 0.0011475 5.5e-05 0 0 0 0 0 0 0 0 0 0 0 0 0 
1 0.702895 0.357375 0.106468 0.0154225 0.0011175 5.5e-05 0 0 0 0 0 0 0 0 0 0 0 0 0 
1 0.699595 0.3531 0.103903 0.0144475 0.001075 3e-05 0 0 0 0 0 0 0 0 0 0 0 0 0 
1 0.700642 0.353145 0.104148 0.0148025 0.0011425 3.75e-05 2.5e-06 0 0 0 0 0 0 0 0 0 0 0 0 
1 0.699907 0.355248 0.105255 0.015075 0.00104 3.5e-05 0 0 0 0 0 0 0 0 0 0 0 0 0 
1 0.700248 0.353648 0.10391 0.014655 0.0011025 5.25e-05 0 0 0 0 0 0 0 0 0 0 0 0 0 
1 0.698635 0.352323 0.10189 0.0143325 0.0009325 4.75e-05 0 0 0 0 0 0 0 0 0 0 0 0 0 
1 0.697392 0.350143 0.10117 0.01387 0.0009375 2.75e-05 0 0 0 0 0 0 0 0 0 0 0 0 0 
1 0.700112 0.352833 0.103145 0.0144975 0.00103 3.25e-05 5e-06 0 0 0 0 0 0 0 0 0 0 0 0 
1 0.700055 0.353398 0.103998 0.01458 0.001035 4.25e-05 2.5e-06 0 0 0 0 0 0 0 0 0 0 0 0 
1 0.698928 0.35274 0.102263 0.01464 0.0010075 4.75e-05 2.5e-06 0 0 0 0 0 0 0 0 0 0 0 0 
1 0.700498 0.355195 0.10434 0.014745 0.0010175 5e-05 2.5e-06 0 0 0 0 0 0 0 0 0 0 0 0 
1 0.700312 0.352968 0.10336 0.014265 0.001015 3.75e-05 2.5e-06 0 0 0 0 0 0 0 0 0 0 0 0 
1 0.700537 0.353548 0.102868 0.01444 0.00101 5.75e-05 0 0 0 0 0 0 0 0 0 0 0 0 0 
1 0.700395 0.353033 0.10309 0.0149225 0.0011325 5.75e-05 7.5e-06 0 0 0 0 0 0 0 0 0 0 0 0 
1 0.699025 0.3531 0.103985 0.0145675 0.001085 3.75e-05 0 0 0 0 0 0 0 0 0 0 0 0 0 
1 0.69826 0.351935 0.102648 0.014635 0.001035 3.75e-05 0 0 0 0 0 0 0 0 0 0 0 0 0 
1 0.70112 0.354173 0.102925 0.014385 0.00094 3.25e-05 0 0 0 0 0 0 0 0 0 0 0 0 0 
1 0.69983 0.353303 0.103093 0.01436 0.000925 5.75e-05 2.5e-06 0 0 0 0 0 0 0 0 0 0 0 0 
1 0.699593 0.35263 0.10336 0.0146375 0.001085 4.75e-05 0 0 0 0 0 0 0 0 0 0 0 0 0 
1 0.699577 0.353745 0.10378 0.014755 0.0010725 5.75e-05 5e-06 0 0 0 0 0 0 0 0 0 0 0 0 
1 0.700455 0.35232 0.103488 0.014645 0.001015 6.25e-05 2.5e-06 0 0 0 0 0 0 0 0 0 0 0 0 
1 0.69968 0.353593 0.103198 0.01463 0.00098 2.75e-05 2.5e-06 0 0 0 0 0 0 0 0 0 0 0 0 
1 0.700737 0.353983 0.104535 0.014685 0.00102 5.75e-05 2.5e-06 0 0 0 0 0 0 0 0 0 0 0 0 
1 0.699015 0.35115 0.103128 0.014405 0.001055 6e-05 2.5e-06 0 0 0 0 0 0 0 0 0 0 0 0 
1 0.70059 0.354308 0.104583 0.01513 0.00101 6.75e-05 0 0 0 0 0 0 0 0 0 0 0 0 0 
1 0.699683 0.353363 0.103733 0.0144925 0.001005 3.5e-05 2.5e-06 2.5e-06 0 0 0 0 0 0 0 0 0 0 0 
1 0.700488 0.355475 0.104478 0.01537 0.001225 6e-05 0 0 0 0 0 0 0 0 0 0 0 0 0 
1 0.701467 0.356275 0.105015 0.015205 0.0011025 3.75e-05 2.5e-06 0 0 0 0 0 0 0 0 0 0 0 0 
1 0.702683 0.35695 0.106875 0.01547 0.0010575 3e-05 0 0 0 0 0 0 0 0 0 0 0 0 0 
1 0.70079 0.355858 0.105308 0.01556 0.00112 7e-05 1.5e-05 0 0 0 0 0 0 0 0 0 0 0 0 
1 0.701965 0.356173 0.105668 0.0147825 0.0010575 5.5e-05 5e-06 0 0 0 0 0 0 0 0 0 0 0 0 
1 0.700303 0.35451 0.105505 0.0150225 0.00103 5.75e-05 2.5e-06 0 0 0 0 0 0 0 0 0 0 0 0 
1 0.701448 0.355638 0.10547 0.0151225 0.0011025 5.25e-05 7.5e-06 0 0 0 0 0 0 0 0 0 0 0 0 
1 0.702918 0.356205 0.10512 0.01503 0.0011175 5e-05 0 0 0 0 0 0 0 0 0 0 0 0 0 
1 0.698095 0.35095 0.102565 0.0145 0.0008775 2.25e-05 0 0 0 0 0 0 0 0 0 0 0 0 0 
1 0.69907 0.353483 0.104705 0.0151625 0.0012575 6e-05 2.5e-06 0 0 0 0 0 0 0 0 0 0 0 0 
1 0.698515 0.353095 0.103268 0.01471 0.001 4.25e-05 2.5e-06 0 0 0 0 0 0 0 0 0 0 0 0 
1 0.697302 0.350573 0.102395 0.0145525 0.00105 6.25e-05 0 0 0 0 0 0 0 0 0 0 0 0 0 
1 0.69932 0.352433 0.10274 0.0144825 0.00089 5.75e-05 2.5e-06 0 0 0 0 0 0 0 0 0 0 0 0 
1 0.700455 0.35231 0.102803 0.01449 0.0010025 3.75e-05 5e-06 0 0 0 0 0 0 0 0 0 0 0 0 
1 0.698268 0.35173 0.102923 0.0142675 0.000875 3.75e-05 0 0 0 0 0 0 0 0 0 0 0 0 0 
1 0.700163 0.353313 0.10428 0.01489 0.001105 7.25e-05 2.5e-06 0 0 0 0 0 0 0 0 0 0 0 0 
1 0.69981 0.352708 0.102913 0.0142775 0.0009475 4.25e-05 0 0 0 0 0 0 0 0 0 0 0 0 0 
1 0.700993 0.355545 0.103998 0.0146225 0.00107 6.75e-05 0 0 0 0 0 0 0 0 0 0 0 0 0 
1 0.700735 0.353893 0.103958 0.0149675 0.0010025 5.5e-05 0 0 0 0 0 0 0 0 0 0 0 0 0 
1 0.700998 0.354523 0.103905 0.0148175 0.0010275 5e-05 0 0 0 0 0 0 0 0 0 0 0 0 0 
1 0.702972 0.358875 0.10729 0.01593 0.00125 6e-05 2.5e-06 0 0 0 0 0 0 0 0 0 0 0 0 
1 0.698373 0.352093 0.103563 0.014825 0.0011125 5e-05 5e-06 0 0 0 0 0 0 0 0 0 0 0 0 
1 0.701627 0.355035 0.10514 0.01506 0.0010025 3.5e-05 2.5e-06 0 0 0 0 0 0 0 0 0 0 0 0 
1 0.69997 0.352045 0.102723 0.01476 0.0011175 4.5e-05 0 0 0 0 0 0 0 0 0 0 0 0 0 
1 0.698675 0.353433 0.104818 0.0148175 0.001025 7.75e-05 2.5e-06 0 0 0 0 0 0 0 0 0 0 0 0 
1 0.70094 0.355693 0.105305 0.01534 0.0011725 5.5e-05 0 0 0 0 0 0 0 0 0 0 0 0 0 
1 0.699207 0.352775 0.102608 0.0144175 0.0009525 3.5e-05 0 0 0 0 0 0 0 0 0 0 0 0 0 
1 0.70104 0.355625 0.105563 0.015515 0.001145 5e-05 0 0 0 0 0 0 0 0 0 0 0 0 0 
1 0.700153 0.35411 0.103915 0.0144975 0.0009125 3.25e-05 0 0 0 0 0 0 0 0 0 0 0 0 0 
1 0.70078 0.353803 0.103125 0.0149075 0.001065 5.5e-05 2.5e-06 0 0 0 0 0 0 0 0 0 0 0 0 
1 0.701035 0.355968 0.105725 0.0150875 0.0010975 4e-05 0 0 0 0 0 0 0 0 0 0 0 0 0 
1 0.702337 0.355063 0.104683 0.014835 0.001075 4.5e-05 2.5e-06 0 0 0 0 0 0 0 0 0 0 0 0 
1 0.698625 0.353138 0.103158 0.014505 0.0010175 5e-05 2.5e-06 0 0 0 0 0 0 0 0 0 0 0 0 
1 0.699915 0.354415 0.105478 0.015065 0.0010925 3.5e-05 2.5e-06 0 0 0 0 0 0 0 0 0 0 0 0 
1 0.698093 0.351283 0.101515 0.0143175 0.0008775 2.25e-05 0 0 0 0 0 0 0 0 0 0 0 0 0 
1 0.70014 0.35393 0.10321 0.0149175 0.001045 7.75e-05 5e-06 0 0 0 0 0 0 0 0 0 0 0 0 
1 0.698093 0.350828 0.102645 0.014595 0.0010775 7e-05 2.5e-06 0 0 0 0 0 0 0 0 0 0 0 0 
1 0.70017 0.35425 0.104498 0.014915 0.0010875 4e-05 0 0 0 0 0 0 0 0 0 0 0 0 0 
1 0.698945 0.35151 0.101965 0.014135 0.00093 4.5e-05 0 0 0 0 0 0 0 0 0 0 0 0 0 
1 0.699962 0.353043 0.104343 0.015115 0.001075 4.75e-05 0 0 0 0 0 0 0 0 0 0 0 0 0 
1 0.699548 0.353243 0.104248 0.0142725 0.0009925 3.75e-05 2.5e-06 0 0 0 0 0 0 0 0 0 0 0 0 
1 0.699635 0.354088 0.104725 0.0149675 0.00111 5.25e-05 2.5e-06 0 0 0 0 0 0 0 0 0 0 0 0 
1 0.701908 0.355043 0.104453 0.0149375 0.0011025 5.25e-05 2.5e-06 0 0 0 0 0 0 0 0 0 0 0 0 
1 0.700412 0.35431 0.104698 0.0152475 0.001115 6.5e-05 0 0 0 0 0 0 0 0 0 0 0 0 0 
1 0.697318 0.35033 0.102015 0.014495 0.00096 4.75e-05 2.5e-06 0 0 0 0 0 0 0 0 0 0 0 0 
1 0.701993 0.35587 0.105338 0.0150325 0.0010775 6.25e-05 2.5e-06 0 0 0 0 0 0 0 0 0 0 0 0 
1 0.699697 0.353593 0.104618 0.0150525 0.0011125 5e-05 0 0 0 0 0 0 0 0 0 0 0 0 0 
1 0.699007 0.350853 0.10346 0.0146775 0.0010425 4e-05 0 0 0 0 0 0 0 0 0 0 0 0 0 
1 0.701413 0.35419 0.105825 0.01549 0.00115 5.75e-05 2.5e-06 0 0 0 0 0 0 0 0 0 0 0 0 
1 0.69968 0.353155 0.103183 0.014815 0.0011675 8.5e-05 5e-06 0 0 0 0 0 0 0 0 0 0 0 0 
1 0.699437 0.353645 0.105513 0.014625 0.0009775 4e-05 0 0 0 0 0 0 0 0 0 0 0 0 0 
1 0.700207 0.353518 0.104225 0.01493 0.0010475 5.25e-05 0 0 0 0 0 0 0 0 0 0 0 0 0 
1 0.701685 0.356833 0.105748 0.01474 0.00105 3.75e-05 0 0 0 0 0 0 0 0 0 0 0 0 0 
1 0.701267 0.355543 0.10491 0.0150525 0.0011675 4.75e-05 0 0 0 0 0 0 0 0 0 0 0 0 0 
1 0.701278 0.35661 0.10466 0.01501 0.00111 6.25e-05 0 0 0 0 0 0 0 0 0 0 0 0 0 
1 0.699938 0.353715 0.103605 0.0149725 0.000975 3.75e-05 0 0 0 0 0 0 0 0 0 0 0 0 0 
1 0.699793 0.352763 0.103658 0.0145675 0.0010375 3.75e-05 0 0 0 0 0 0 0 0 0 0 0 0 0 
1 0.70057 0.353103 0.10358 0.014595 0.001035 5e-05 0 0 0 0 0 0 0 0 0 0 0 0 0 
1 0.698975 0.352515 0.102643 0.0144625 0.00095 5.75e-05 0 0 0 0 0 0 0 0 0 0 0 0 0 
1 0.699777 0.353623 0.104038 0.0147875 0.0010025 4.5e-05 0 0 0 0 0 0 0 0 0 0 0 0 0 
1 0.698555 0.35182 0.103018 0.01418 0.000955 3.5e-05 0 0 0 0 0 0 0 0 0 0 0 0 0 
1 0.70067 0.35647 0.106663 0.01581 0.00129 3.25e-05 0 0 0 0 0 0 0 0 0 0 0 0 0 
1 0.69752 0.350005 0.10171 0.01422 0.00097 3e-05 0 0 0 0 0 0 0 0 0 0 0 0 0 
1 0.700127 0.35499 0.10426 0.0151125 0.0010775 4.25e-05 0 0 0 0 0 0 0 0 0 0 0 0 0 
1 0.69977 0.35509 0.10445 0.01451 0.001025 4e-05 2.5e-06 0 0 0 0 0 0 0 0 0 0 0 0 
1 0.699732 0.353605 0.103303 0.0147675 0.00113 4.25e-05 2.5e-06 0 0 0 0 0 0 0 0 0 0 0 0 
1 0.698873 0.350885 0.101523 0.015005 0.00106 4.75e-05 0 0 0 0 0 0 0 0 0 0 0 0 0 
1 0.698925 0.351855 0.103688 0.01505 0.00114 4e-05 2.5e-06 0 0 0 0 0 0 0 0 0 0 0 0 
1 0.69976 0.35261 0.104088 0.0150275 0.001095 5.25e-05 2.5e-06 0 0 0 0 0 0 0 0 0 0 0 0 
1 0.700107 0.352703 0.10305 0.01447 0.0010025 4.5e-05 2.5e-06 0 0 0 0 0 0 0 0 0 0 0 0 
1 0.699597 0.351345 0.102503 0.0143825 0.0010075 3e-05 2.5e-06 0 0 0 0 0 0 0 0 0 0 0 0 
1 0.698843 0.353243 0.104568 0.0155625 0.0011775 6e-05 2.5e-06 0 0 0 0 0 0 0 0 0 0 0 0 
1 0.699115 0.35417 0.104455 0.0152475 0.001115 6e-05 2.5e-06 0 0 0 0 0 0 0 0 0 0 0 0 
1 0.700322 0.3547 0.105465 0.01577 0.0011575 7e-05 2.5e-06 0 0 0 0 0 0 0 0 0 0 0 0 
1 0.699372 0.35318 0.103845 0.014745 0.00104 6.5e-05 2.5e-06 0 0 0 0 0 0 0 0 0 0 0 0 
1 0.699622 0.3534 0.10347 0.014955 0.00105 4.75e-05 0 0 0 0 0 0 0 0 0 0 0 0 0 
1 0.7002 0.353228 0.102575 0.01406 0.0008925 5.5e-05 0 0 0 0 0 0 0 0 0 0 0 0 0 
1 0.699492 0.352218 0.10324 0.01463 0.000995 4.5e-05 0 0 0 0 0 0 0 0 0 0 0 0 0 
1 0.700385 0.355603 0.106218 0.0154725 0.00115 5.75e-05 2.5e-06 0 0 0 0 0 0 0 0 0 0 0 0 
1 0.700265 0.35365 0.103775 0.014765 0.00109 6.5e-05 0 0 0 0 0 0 0 0 0 0 0 0 0 
1 0.702345 0.35561 0.10477 0.0152375 0.001085 4.25e-05 0 0 0 0 0 0 0 0 0 0 0 0 0 
1 0.700005 0.352505 0.102688 0.014575 0.0009475 3.75e-05 0 0 0 0 0 0 0 0 0 0 0 0 0 
1 0.700025 0.355375 0.106733 0.0156175 0.0012375 7.5e-05 0 0 0 0 0 0 0 0 0 0 0 0 0 
1 0.701105 0.354518 0.10329 0.0143525 0.00112 6e-05 2.5e-06 2.5e-06 0 0 0 0 0 0 0 0 0 0 0 
1 0.700955 0.3543 0.105188 0.015025 0.0010625 5.5e-05 5e-06 0 0 0 0 0 0 0 0 0 0 0 0 
1 0.699715 0.35317 0.10424 0.0150075 0.0010975 8.25e-05 2.5e-06 0 0 0 0 0 0 0 0 0 0 0 0 
1 0.700007 0.354463 0.105638 0.0158525 0.001195 4.75e-05 2.5e-06 2.5e-06 0 0 0 0 0 0 0 0 0 0 0 
1 0.699168 0.352305 0.103578 0.0146825 0.001015 4e-05 0 0 0 0 0 0 0 0 0 0 0 0 0 
1 0.700662 0.355028 0.10428 0.0146325 0.0010775 3e-05 0 0 0 0 0 0 0 0 0 0 0 0 0 
1 0.6974 0.350405 0.102095 0.0144575 0.0009575 3.5e-05 2.5e-06 0 0 0 0 0 0 0 0 0 0 0 0 
1 0.701425 0.356105 0.105758 0.0155775 0.0011225 5e-05 0 0 0 0 0 0 0 0 0 0 0 0 0 
1 0.700415 0.354515 0.1047 0.0150875 0.0011275 5e-05 0 0 0 0 0 0 0 0 0 0 0 0 0 
1 0.700985 0.356825 0.105908 0.01534 0.0012675 6.25e-05 5e-06 0 0 0 0 0 0 0 0 0 0 0 0 
1 0.699305 0.35451 0.104415 0.015005 0.0011325 7.75e-05 0 0 0 0 0 0 0 0 0 0 0 0 0 
1 0.701483 0.35319 0.104303 0.01468 0.00102 5e-05 2.5e-06 0 0 0 0 0 0 0 0 0 0 0 0 
1 0.701753 0.355908 0.105375 0.0152325 0.0011 4e-05 0 0 0 0 0 0 0 0 0 0 0 0 0 
1 0.7 0.353803 0.102743 0.0143875 0.0009475 3.25e-05 7.5e-06 0 0 0 0 0 0 0 0 0 0 0 0 
1 0.698215 0.35122 0.10303 0.01463 0.001065 2.25e-05 0 0 0 0 0 0 0 0 0 0 0 0 0 
1 0.699618 0.353988 0.103165 0.0142325 0.00097 3e-05 2.5e-06 0 0 0 0 0 0 0 0 0 0 0 0 
1 0.697357 0.34931 0.10111 0.014205 0.0009675 4.25e-05 0 0 0 0 0 0 0 0 0 0 0 0 0 
1 0.700182 0.355008 0.105883 0.01565 0.0012025 6.25e-05 0 0 0 0 0 0 0 0 0 0 0 0 0 
1 0.700318 0.354053 0.103783 0.0145025 0.0011125 7e-05 2.5e-06 0 0 0 0 0 0 0 0 0 0 0 0 
1 0.699568 0.354013 0.10372 0.0147925 0.001135 6.25e-05 2.5e-06 0 0 0 0 0 0 0 0 0 0 0 0 
1 0.698542 0.352563 0.10336 0.0146875 0.0009925 3.75e-05 0 0 0 0 0 0 0 0 0 0 0 0 0 
1 0.699752 0.353358 0.104105 0.0148775 0.0010275 5e-05 2.5e-06 0 0 0 0 0 0 0 0 0 0 0 0 
1 0.70108 0.355578 0.105038 0.01477 0.000975 5e-05 0 0 0 0 0 0 0 0 0 0 0 0 0 
1 0.699537 0.352693 0.10354 0.0145775 0.001155 6.25e-05 5e-06 0 0 0 0 0 0 0 0 0 0 0 0 
1 0.698917 0.35147 0.101863 0.014035 0.0010575 3.5e-05 0 0 0 0 0 0 0 0 0 0 0 0 0 
1 0.70078 0.355358 0.105178 0.0152175 0.0011175 5.25e-05 0 0 0 0 0 0 0 0 0 0 0 0 0 
1 0.69968 0.35435 0.104343 0.01472 0.001085 5.25e-05 0 0 0 0 0 0 0 0 0 0 0 0 0 
1 0.69868 0.353345 0.104293 0.0149925 0.001115 6.25e-05 2.5e-06 0 0 0 0 0 0 0 0 0 0 0 0 
1 0.701763 0.355013 0.104758 0.01498 0.0009875 5e-05 0 0 0 0 0 0 0 0 0 0 0 0 0 
1 0.701258 0.35594 0.105855 0.01493 0.0010175 6.75e-05 0 0 0 0 0 0 0 0 0 0 0 0 0 
1 0.6988 0.350663 0.101843 0.01429 0.0009775 3.75e-05 2.5e-06 0 0 0 0 0 0 0 0 0 0 0 0 
1 0.699662 0.354298 0.103968 0.01472 0.0011375 6.75e-05 1e-05 0 0 0 0 0 0 0 0 0 0 0 0 
1 0.69834 0.35267 0.103588 0.01428 0.000995 3.25e-05 0 0 0 0 0 0 0 0 0 0 0 0 0 
1 0.698848 0.351923 0.103225 0.014785 0.0009775 5e-05 0 0 0 0 0 0 0 0 0 0 0 0 0 
1 0.699195 0.352545 0.102925 0.0142875 0.0010375 4.25e-05 0 0 0 0 0 0 0 0 0 0 0 0 0 
1 0.700452 0.354405 0.104875 0.0149075 0.001165 8.75e-05 0 0 0 0 0 0 0 0 0 0 0 0 0 
1 0.70131 0.353973 0.104175 0.0149525 0.0011 5.5e-05 2.5e-06 0 0 0 0 0 0 0 0 0 0 0 0 
1 0.69873 0.350893 0.101565 0.0136175 0.00095 4.5e-05 2.5e-06 0 0 0 0 0 0 0 0 0 0 0 0 
1 0.702192 0.356485 0.105778 0.0153475 0.001165 4e-05 0 0 0 0 0 0 0 0 0 0 0 0 0 
1 0.699815 0.352758 0.102823 0.0142275 0.001 4e-05 0 0 0 0 0 0 0 0 0 0 0 0 0 
1 0.70003 0.355243 0.104388 0.01504 0.0011575 7.25e-05 0 0 0 0 0 0 0 0 0 0 0 0 0 
1 0.700683 0.353943 0.103515 0.0144775 0.0009 4.25e-05 2.5e-06 0 0 0 0 0 0 0 0 0 0 0 0 
1 0.7015 0.355545 0.104963 0.01535 0.00109 6e-05 5e-06 0 0 0 0 0 0 0 0 0 0 0 0 
1 0.700553 0.354463 0.10371 0.0145925 0.000995 5.25e-05 2.5e-06 0 0 0 0 0 0 0 0 0 0 0 0 
1 0.698338 0.353453 0.104038 0.0147275 0.0010675 5.25e-05 5e-06 0 0 0 0 0 0 0 0 0 0 0 0 
1 0.702232 0.355555 0.104993 0.0150575 0.0011025 4.75e-05 2.5e-06 0 0 0 0 0 0 0 0 0 0 0 0 
1 0.699535 0.352285 0.103203 0.01466 0.001 4.75e-05 7.5e-06 2.5e-06 0 0 0 0 0 0 0 0 0 0 0 
1 0.69857 0.351233 0.101813 0.0142825 0.001025 3.75e-05 2.5e-06 0 0 0 0 0 0 0 0 0 0 0 0 
1 0.70095 0.355465 0.105078 0.01496 0.0010775 3.75e-05 0 0 0 0 0 0 0 0 0 0 0 0 0 
1 0.699605 0.352925 0.103258 0.0142175 0.0010425 3.75e-05 1e-05 0 0 0 0 0 0 0 0 0 0 0 0 
1 0.702233 0.356403 0.10612 0.015725 0.0011275 3.5e-05 0 0 0 0 0 0 0 0 0 0 0 0 0 
1 0.700115 0.355248 0.10493 0.0151225 0.00124 7.5e-05 2.5e-06 0 0 0 0 0 0 0 0 0 0 0 0 
1 0.70129 0.353235 0.10324 0.014505 0.0009825 4.5e-05 0 0 0 0 0 0 0 0 0 0 0 0 0 
1 0.698918 0.352628 0.10263 0.01493 0.0011525 4.25e-05 2.5e-06 0 0 0 0 0 0 0 0 0 0 0 0 
1 0.7005 0.354075 0.104358 0.0150175 0.001025 5.5e-05 0 0 0 0 0 0 0 0 0 0 0 0 0 
1 0.701968 0.357858 0.10643 0.0153325 0.0010675 4.25e-05 0 0 0 0 0 0 0 0 0 0 0 0 0 
1 0.699918 0.35081 0.102115 0.01427 0.0009775 5.5e-05 2.5e-06 0 0 0 0 0 0 0 0 0 0 0 0 
1 0.701363 0.354025 0.104723 0.014885 0.0010425 4.25e-05 2.5e-06 0 0 0 0 0 0 0 0 0 0 0 0 
1 0.700087 0.352918 0.1034 0.014685 0.0010825 5e-05 2.5e-06 0 0 0 0 0 0 0 0 0 0 0 0 
1 0.699315 0.35413 0.103473 0.0149975 0.0010375 4e-05 2.5e-06 0 0 0 0 0 0 0 0 0 0 0 0 
1 0.699538 0.352883 0.102925 0.0142075 0.000935 4e-05 5e-06 0 0 0 0 0 0 0 0 0 0 0 0 
1 0.700242 0.356025 0.105675 0.0149475 0.0010725 4.5e-05 0 0 0 0 0 0 0 0 0 0 0 0 0 
1 0.700155 0.353383 0.103398 0.0146575 0.0010125 4e-05 5e-06 0 0 0 0 0 0 0 0 0 0 0 0 
1 0.698315 0.35357 0.103143 0.01389 0.001015 5.5e-05 0 0 0 0 0 0 0 0 0 0 0 0 0 
1 0.698565 0.350835 0.100705 0.0139825 0.000925 2.5e-05 0 0 0 0 0 0 0 0 0 0 0 0 0 
1 0.700268 0.35625 0.105133 0.01521 0.0010875 7.75e-05 5e-06 0 0 0 0 0 0 0 0 0 0 0 0 
1 0.70013 0.354303 0.103823 0.014455 0.000895 3.75e-05 2.5e-06 0 0 0 0 0 0 0 0 0 0 0 0 
1 0.698215 0.35251 0.10365 0.01469 0.001065 7e-05 0 0 0 0 0 0 0 0 0 0 0 0 0 
1 0.70027 0.353703 0.104295 0.014795 0.00104 3.75e-05 2.5e-06 0 0 0 0 0 0 0 0 0 0 0 0 
1 0.700313 0.353388 0.1043 0.014695 0.001065 5.25e-05 0 0 0 0 0 0 0 0 0 0 0 0 0 
1 0.69778 0.348688 0.10142 0.0139225 0.00099 5.25e-05 2.5e-06 0 0 0 0 0 0 0 0 0 0 0 0 
1 0.700815 0.353 0.103278 0.015 0.0011 4.75e-05 0 0 0 0 0 0 0 0 0 0 0 0 0 
1 0.701732 0.356615 0.105953 0.0155525 0.0011175 4.25e-05 0 0 0 0 0 0 0 0 0 0 0 0 0 
1 0.702695 0.358113 0.106233 0.0149175 0.0009425 4.5e-05 2.5e-06 0 0 0 0 0 0 0 0 0 0 0 0 
1 0.701142 0.354415 0.10396 0.01465 0.0011175 6.75e-05 0 0 0 0 0 0 0 0 0 0 0 0 0 
1 0.700543 0.354353 0.103608 0.01491 0.00103 4e-05 0 0 0 0 0 0 0 0 0 0 0 0 0 
1 0.699553 0.35312 0.104178 0.0150225 0.001115 4.25e-05 5e-06 0 0 0 0 0 0 0 0 0 0 0 0 
1 0.698957 0.353678 0.102845 0.0144625 0.0009875 5e-05 2.5e-06 2.5e-06 0 0 0 0 0 0 0 0 0 0 0 
1 0.697802 0.352058 0.102583 0.0146825 0.0009775 5.25e-05 0 0 0 0 0 0 0 0 0 0 0 0 0 
1 0.699017 0.35193 0.102755 0.01434 0.000935 5e-05 2.5e-06 0 0 0 0 0 0 0 0 0 0 0 0 
1 0.701383 0.355263 0.104263 0.0148475 0.00102 6e-05 0 0 0 0 0 0 0 0 0 0 0 0 0 
1 0.701047 0.356205 0.105218 0.0146275 0.00104 3e-05 5e-06 0 0 0 0 0 0 0 0 0 0 0 0 
1 0.700515 0.352828 0.102733 0.014465 0.0010225 3.75e-05 0 0 0 0 0 0 0 0 0 0 0 0 0 
1 0.700658 0.354478 0.10387 0.01485 0.0010725 2.25e-05 0 0 0 0 0 0 0 0 0 0 0 0 0 
1 0.700608 0.354003 0.104108 0.0148525 0.0011225 5e-05 2.5e-06 0 0 0 0 0 0 0 0 0 0 0 0 
1 0.700393 0.353408 0.1028 0.0142425 0.000975 4.25e-05 0 0 0 0 0 0 0 0 0 0 0 0 0 
1 0.698128 0.350195 0.10086 0.0137175 0.0008775 4.75e-05 2.5e-06 0 0 0 0 0 0 0 0 0 0 0 0 
1 0.700725 0.35416 0.104183 0.014495 0.0010675 4e-05 2.5e-06 0 0 0 0 0 0 0 0 0 0 0 0 
1 0.698558 0.351145 0.102013 0.0140325 0.000935 6.5e-05 2.5e-06 0 0 0 0 0 0 0 0 0 0 0 0 
1 0.700423 0.354573 0.104883 0.0149175 0.0012 5.25e-05 0 0 0 0 0 0 0 0 0 0 0 0 0 
1 0.700608 0.35275 0.104355 0.0147725 0.0009875 5.5e-05 5e-06 0 0 0 0 0 0 0 0 0 0 0 0 
1 0.697608 0.34883 0.10006 0.0139575 0.0009375 2.75e-05 0 0 0 0 0 0 0 0 0 0 0 0 0 
1 0.699335 0.353583 0.104023 0.0149175 0.00106 4.5e-05 0 0 0 0 0 0 0 0 0 0 0 0 0 
1 0.698598 0.350363 0.102355 0.0140025 0.000885 4e-05 0 0 0 0 0 0 0 0 0 0 0 0 0 
1 0.700515 0.356385 0.106288 0.01509 0.00105 5.75e-05 7.5e-06 0 0 0 0 0 0 0 0 0 0 0 0 
1 0.702072 0.35716 0.106225 0.01502 0.001115 4.25e-05 0 0 0 0 0 0 0 0 0 0 0 0 0 
1 0.70021 0.353543 0.103545 0.01475 0.0011 5.25e-05 0 0 0 0 0 0 0 0 0 0 0 0 0 
1 0.70071 0.354598 0.104208 0.01495 0.001075 3.5e-05 2.5e-06 0 0 0 0 0 0 0 0 0 0 0 0 
1 0.70167 0.356005 0.10579 0.0153875 0.001165 4e-05 2.5e-06 0 0 0 0 0 0 0 0 0 0 0 0 
1 0.698208 0.35255 0.103083 0.0148175 0.0010525 2.5e-05 0 0 0 0 0 0 0 0 0 0 0 0 0 
1 0.698577 0.352265 0.102798 0.014375 0.000955 5e-05 0 0 0 0 0 0 0 0 0 0 0 0 0 
1 0.700835 0.35427 0.103803 0.01432 0.0011025 4.25e-05 0 0 0 0 0 0 0 0 0 0 0 0 0 
1 0.701778 0.355875 0.105303 0.01521 0.0010875 4e-05 0 0 0 0 0 0 0 0 0 0 0 0 0 
1 0.69877 0.350935 0.101765 0.0144725 0.001055 5e-05 5e-06 0 0 0 0 0 0 0 0 0 0 0 0 
1 0.699975 0.354165 0.10419 0.0146325 0.0010525 3.5e-05 0 0 0 0 0 0 0 0 0 0 0 0 0 
1 0.700593 0.35441 0.105173 0.0151775 0.0011175 4.75e-05 2.5e-06 0 0 0 0 0 0 0 0 0 0 0 0 
1 0.698725 0.35243 0.102495 0.0141425 0.001065 4.75e-05 0 0 0 0 0 0 0 0 0 0 0 0 0 
1 0.700805 0.353203 0.103785 0.0145 0.0009975 5.25e-05 0 0 0 0 0 0 0 0 0 0 0 0 0 
1 0.698713 0.35296 0.102588 0.01418 0.00097 4.25e-05 0 0 0 0 0 0 0 0 0 0 0 0 0 
1 0.699295 0.353228 0.10329 0.01459 0.0010825 6.5e-05 5e-06 0 0 0 0 0 0 0 0 0 0 0 0 
1 0.700647 0.352695 0.10333 0.014705 0.001045 5e-05 0 0 0 0 0 0 0 0 0 0 0 0 0 
1 0.700975 0.356008 0.105383 0.015235 0.001085 4.5e-05 0 0 0 0 0 0 0 0 0 0 0 0 0 
1 0.698985 0.352183 0.10281 0.0144325 0.001045 4.25e-05 0 0 0 0 0 0 0 0 0 0 0 0 0 
1 0.699555 0.352788 0.103213 0.014495 0.00094 3.75e-05 7.5e-06 0 0 0 0 0 0 0 0 0 0 0 0 
1 0.701083 0.354678 0.10377 0.0144275 0.001105 6.75e-05 2.5e-06 0 0 0 0 0 0 0 0 0 0 0 0 
1 0.699197 0.354458 0.10402 0.01502 0.0010825 6e-05 5e-06 0 0 0 0 0 0 0 0 0 0 0 0 
1 0.699445 0.35451 0.10427 0.0147725 0.0010725 4.75e-05 0 0 0 0 0 0 0 0 0 0 0 0 0 
1 0.69844 0.351795 0.10203 0.0143075 0.001 5e-05 7.5e-06 0 0 0 0 0 0 0 0 0 0 0 0 
1 0.698695 0.35189 0.103158 0.01465 0.0010925 4.75e-05 5e-06 0 0 0 0 0 0 0 0 0 0 0 0 
1 0.698327 0.35152 0.103188 0.01473 0.0010125 4.25e-05 2.5e-06 0 0 0 0 0 0 0 0 0 0 0 0 
1 0.69762 0.35035 0.101993 0.0144725 0.001085 6e-05 2.5e-06 0 0 0 0 0 0 0 0 0 0 0 0 
1 0.699508 0.352 0.1025 0.0143375 0.0010325 4.25e-05 7.5e-06 0 0 0 0 0 0 0 0 0 0 0 0 
1 0.70169 0.35662 0.105208 0.0154775 0.00122 6e-05 0 0 0 0 0 0 0 0 0 0 0 0 0 
1 0.698273 0.352038 0.10273 0.0142275 0.0008875 2.75e-05 0 0 0 0 0 0 0 0 0 0 0 0 0 
1 0.69972 0.353308 0.103773 0.01482 0.00106 5.75e-05 0 0 0 0 0 0 0 0 0 0 0 0 0 
1 0.701077 0.356055 0.106643 0.0157825 0.001155 5.75e-05 0 0 0 0 0 0 0 0 0 0 0 0 0 
1 0.698953 0.35065 0.103113 0.0144125 0.00104 5.75e-05 2.5e-06 0 0 0 0 0 0 0 0 0 0 0 0 
1 0.699677 0.354633 0.104513 0.0147675 0.0010625 4.25e-05 2.5e-06 0 0 0 0 0 0 0 0 0 0 0 0 
1 0.70013 0.35357 0.104145 0.0143775 0.0010225 3.75e-05 2.5e-06 0 0 0 0 0 0 0 0 0 0 0 0 
1 0.698768 0.35297 0.104078 0.014725 0.0009575 4.5e-05 5e-06 0 0 0 0 0 0 0 0 0 0 0 0 
1 0.698653 0.35208 0.103365 0.0142875 0.0009925 4e-05 2.5e-06 0 0 0 0 0 0 0 0 0 0 0 0 
1 0.701183 0.356428 0.106358 0.0152175 0.001095 3.75e-05 0 0 0 0 0 0 0 0 0 0 0 0 0 
1 0.699477 0.354388 0.104285 0.0151125 0.0011975 4.5e-05 2.5e-06 0 0 0 0 0 0 0 0 0 0 0 0 
1 0.702035 0.356375 0.104648 0.0149075 0.00098 6.75e-05 7.5e-06 2.5e-06 0 0 0 0 0 0 0 0 0 0 0 
1 0.699527 0.353618 0.104528 0.0146325 0.0010775 6.5e-05 0 0 0 0 0 0 0 0 0 0 0 0 0 
1 0.70109 0.356568 0.1046 0.014995 0.00115 6.75e-05 2.5e-06 0 0 0 0 0 0 0 0 0 0 0 0 
1 0.70038 0.353833 0.104535 0.01521 0.0011475 3.75e-05 0 0 0 0 0 0 0 0 0 0 0 0 0 
1 0.700133 0.353828 0.10341 0.0145675 0.00104 6e-05 2.5e-06 0 0 0 0 0 0 0 0 0 0 0 0 
1 0.700338 0.354033 0.10484 0.01497 0.001135 3.5e-05 0 0 0 0 0 0 0 0 0 0 0 0 0 
1 0.699573 0.353138 0.10421 0.0149275 0.0010375 5e-05 0 0 0 0 0 0 0 0 0 0 0 0 0 
1 0.700395 0.353335 0.103685 0.01481 0.0009925 5.75e-05 2.5e-06 0 0 0 0 0 0 0 0 0 0 0 0 
1 0.70366 0.359555 0.107285 0.015655 0.0010725 5e-05 5e-06 0 0 0 0 0 0 0 0 0 0 0 0 
1 0.700075 0.355203 0.104458 0.014535 0.001145 7.25e-05 7.5e-06 0 0 0 0 0 0 0 0 0 0 0 0 
1 0.699745 0.3545 0.103618 0.0148825 0.001035 4.25e-05 0 0 0 0 0 0 0 0 0 0 0 0 0 
1 0.700665 0.355688 0.105638 0.0149675 0.00107 8.75e-05 2.5e-06 0 0 0 0 0 0 0 0 0 0 0 0 
1 0.698567 0.353213 0.104048 0.01481 0.0011575 4.75e-05 0 0 0 0 0 0 0 0 0 0 0 0 0 
1 0.699242 0.352475 0.103973 0.01521 0.001035 5.75e-05 0 0 0 0 0 0 0 0 0 0 0 0 0 
1 0.7012 0.357138 0.105725 0.01514 0.001065 5.25e-05 2.5e-06 0 0 0 0 0 0 0 0 0 0 0 0 
1 0.701543 0.355288 0.104963 0.0150275 0.001055 2.75e-05 2.5e-06 0 0 0 0 0 0 0 0 0 0 0 0 
1 0.700373 0.355835 0.106043 0.015585 0.0012075 6e-05 0 0 0 0 0 0 0 0 0 0 0 0 0 
1 0.700578 0.352288 0.103355 0.0143625 0.00107 3e-05 0 0 0 0 0 0 0 0 0 0 0 0 0 
1 0.699055 0.35255 0.104568 0.014935 0.000985 3e-05 0 0 0 0 0 0 0 0 0 0 0 0 0 
1 0.7008 0.354468 0.105788 0.015595 0.00125 5e-05 0 0 0 0 0 0 0 0 0 0 0 0 0 
1 0.69847 0.353573 0.104385 0.015005 0.0012025 5.5e-05 0 0 0 0 0 0 0 0 0 0 0 0 0 
1 0.698122 0.350593 0.10191 0.0141225 0.0009775 6.5e-05 5e-06 0 0 0 0 0 0 0 0 0 0 0 0 
1 0.700997 0.355075 0.105315 0.015285 0.0011475 6.25e-05 2.5e-06 0 0 0 0 0 0 0 0 0 0 0 0 
1 0.69989 0.353448 0.103995 0.0149925 0.0011 5.5e-05 2.5e-06 0 0 0 0 0 0 0 0 0 0 0 0 
1 0.70238 0.35762 0.106633 0.0156775 0.0012075 4.5e-05 0 0 0 0 0 0 0 0 0 0 0 0 0 
1 0.699915 0.35437 0.105155 0.0148675 0.0011 4.5e-05 2.5e-06 0 0 0 0 0 0 0 0 0 0 0 0 
1 0.700463 0.354215 0.105028 0.0152025 0.0010725 4.25e-05 0 0 0 0 0 0 0 0 0 0 0 0 0 
1 0.698725 0.352448 0.102898 0.01419 0.00101 3.75e-05 2.5e-06 0 0 0 0 0 0 0 0 0 0 0 0 
1 0.698935 0.351873 0.10204 0.0140825 0.0009425 3.75e-05 0 0 0 0 0 0 0 0 0 0 0 0 0 
1 0.700488 0.355585 0.106085 0.0153325 0.001065 4e-05 0 0 0 0 0 0 0 0 0 0 0 0 0 
1 0.699645 0.355148 0.104698 0.0150625 0.0011025 4.5e-05 0 0 0 0 0 0 0 0 0 0 0 0 0 
1 0.699447 0.35417 0.10385 0.0144375 0.001 4.75e-05 0 0 0 0 0 0 0 0 0 0 0 0 0 
1 0.699705 0.354113 0.104538 0.014835 0.0011175 5e-05 2.5e-06 0 0 0 0 0 0 0 0 0 0 0 0 
1 0.70062 0.354935 0.104223 0.0147875 0.0010325 2.25e-05 0 0 0 0 0 0 0 0 0 0 0 0 0 
1 0.69988 0.354303 0.10425 0.01513 0.00101 5e-05 0 0 0 0 0 0 0 0 0 0 0 0 0 
1 0.700125 0.354468 0.104448 0.014945 0.001135 5.5e-05 2.5e-06 2.5e-06 0 0 0 0 0 0 0 0 0 0 0 
1 0.701865 0.354513 0.10432 0.0151525 0.00103 4.5e-05 5e-06 0 0 0 0 0 0 0 0 0 0 0 0 
1 0.69853 0.350898 0.102373 0.014445 0.0010725 2.5e-05 2.5e-06 0 0 0 0 0 0 0 0 0 0 0 0 
1 0.69952 0.353175 0.104408 0.01513 0.001205 5.75e-05 2.5e-06 0 0 0 0 0 0 0 0 0 0 0 0 
1 0.700485 0.353133 0.103185 0.0144975 0.0009625 4.25e-05 2.5e-06 0 0 0 0 0 0 0 0 0 0 0 0 
1 0.700855 0.355445 0.10456 0.0149825 0.00111 4.5e-05 2.5e-06 0 0 0 0 0 0 0 0 0 0 0 0 
1 0.69946 0.352468 0.103268 0.0147175 0.0010675 4.5e-05 0 0 0 0 0 0 0 0 0 0 0 0 0 
1 0.70166 0.355493 0.104955 0.0151025 0.0010625 6.5e-05 0 0 0 0 0 0 0 0 0 0 0 0 0 
1 0.70023 0.35513 0.10581 0.0154025 0.0011375 4.25e-05 5e-06 0 0 0 0 0 0 0 0 0 0 0 0 
1 0.700888 0.354825 0.105105 0.0149025 0.00109 5.75e-05 5e-06 0 0 0 0 0 0 0 0 0 0 0 0 
1 0.702267 0.356703 0.106168 0.01549 0.001135 5.5e-05 5e-06 0 0 0 0 0 0 0 0 0 0 0 0 
1 0.69958 0.35282 0.104355 0.0151575 0.0011 3.5e-05 2.5e-06 0 0 0 0 0 0 0 0 0 0 0 0 
1 0.697655 0.35175 0.102508 0.01416 0.00101 5e-05 5e-06 0 0 0 0 0 0 0 0 0 0 0 0 
1 0.70067 0.35423 0.10401 0.01451 0.000975 4.25e-05 2.5e-06 0 0 0 0 0 0 0 0 0 0 0 0 
1 0.700415 0.355613 0.10563 0.0155625 0.00115 4.75e-05 0 0 0 0 0 0 0 0 0 0 0 0 0 
1 0.698362 0.35253 0.103428 0.0148275 0.0010375 2.5e-05 0 0 0 0 0 0 0 0 0 0 0 0 0 
1 0.700117 0.357725 0.105105 0.0148775 0.0010725 3.5e-05 2.5e-06 0 0 0 0 0 0 0 0 0 0 0 0 
1 0.700165 0.352633 0.103738 0.01509 0.0011 3.25e-05 0 0 0 0 0 0 0 0 0 0 0 0 0 
1 0.700485 0.35307 0.10359 0.0146675 0.001005 5e-05 0 0 0 0 0 0 0 0 0 0 0 0 0 
1 0.701155 0.35629 0.105378 0.0151425 0.0011725 4.75e-05 0 0 0 0 0 0 0 0 0 0 0 0 0 
1 0.701383 0.356115 0.104763 0.01521 0.00115 4.25e-05 0 0 0 0 0 0 0 0 0 0 0 0 0 
1 0.70005 0.353858 0.102975 0.0141425 0.0009425 5.75e-05 2.5e-06 0 0 0 0 0 0 0 0 0 0 0 0 
1 0.699765 0.354153 0.104333 0.0150925 0.001095 3.5e-05 2.5e-06 0 0 0 0 0 0 0 0 0 0 0 0 
1 0.70137 0.354708 0.104485 0.0152325 0.0012 5e-05 2.5e-06 0 0 0 0 0 0 0 0 0 0 0 0 
1 0.701637 0.357098 0.106538 0.015555 0.00112 4.5e-05 0 0 0 0 0 0 0 0 0 0 0 0 0 
1 0.697628 0.35176 0.102758 0.01431 0.00096 5.25e-05 0 0 0 0 0 0 0 0 0 0 0 0 0 
1 0.70176 0.35422 0.103843 0.0148925 0.000985 4e-05 2.5e-06 0 0 0 0 0 0 0 0 0 0 0 0 
1 0.697785 0.349293 0.101738 0.01446 0.000995 4.25e-05 2.5e-06 0 0 0 0 0 0 0 0 0 0 0 0 
1 0.70186 0.357098 0.106863 0.015475 0.0011775 3.5e-05 2.5e-06 0 0 0 0 0 0 0 0 0 0 0 0 
1 0.700123 0.353978 0.103883 0.0147775 0.0011425 7.25e-05 2.5e-06 0 0 0 0 0 0 0 0 0 0 0 0 
1 0.700508 0.352345 0.102538 0.0139525 0.001025 5e-05 0 0 0 0 0 0 0 0 0 0 0 0 0 
1 0.699695 0.351928 0.10253 0.0145625 0.001005 2.75e-05 2.5e-06 0 0 0 0 0 0 0 0 0 0 0 0 
1 0.699443 0.353518 0.104053 0.0147325 0.0010025 4.5e-05 2.5e-06 0 0 0 0 0 0 0 0 0 0 0 0 
1 0.700755 0.354773 0.105308 0.0153275 0.001135 4.25e-05 0 0 0 0 0 0 0 0 0 0 0 0 0 
1 0.698505 0.352383 0.10407 0.0149475 0.001135 5.5e-05 0 0 0 0 0 0 0 0 0 0 0 0 0 
1 0.700738 0.354083 0.104595 0.0149725 0.0011575 4e-05 5e-06 0 0 0 0 0 0 0 0 0 0 0 0 
1 0.699178 0.351963 0.103945 0.0148075 0.00109 4.25e-05 0 0 0 0 0 0 0 0 0 0 0 0 0 
1 0.699112 0.35288 0.10403 0.0148675 0.0011675 5.75e-05 0 0 0 0 0 0 0 0 0 0 0 0 0 
1 0.69819 0.351908 0.10314 0.0142575 0.00108 5.75e-05 0 0 0 0 0 0 0 0 0 0 0 0 0 
1 0.700715 0.354283 0.10393 0.01489 0.0010925 4.5e-05 2.5e-06 0 0 0 0 0 0 0 0 0 0 0 0 
1 0.70043 0.35479 0.105543 0.0152875 0.00104 6e-05 2.5e-06 0 0 0 0 0 0 0 0 0 0 0 0 
1 0.702133 0.356908 0.105995 0.0152525 0.0011675 5.75e-05 0 0 0 0 0 0 0 0 0 0 0 0 0 
1 0.699297 0.352938 0.103633 0.0151175 0.001055 3.75e-05 2.5e-06 0 0 0 0 0 0 0 0 0 0 0 0 
1 0.69921 0.352135 0.103343 0.0149125 0.001045 3e-05 0 0 0 0 0 0 0 0 0 0 0 0 0 
1 0.699058 0.352725 0.10328 0.0146925 0.001095 6.5e-05 7.5e-06 0 0 0 0 0 0 0 0 0 0 0 0 
1 0.699915 0.354793 0.10508 0.0150525 0.0011 4.25e-05 0 0 0 0 0 0 0 0 0 0 0 0 0 
1 0.69981 0.354413 0.104438 0.01469 0.00109 5e-05 5e-06 0 0 0 0 0 0 0 0 0 0 0 0 
1 0.701122 0.354533 0.105015 0.0148925 0.0010425 5.5e-05 2.5e-06 0 0 0 0 0 0 0 0 0 0 0 0 
1 0.69952 0.353185 0.10431 0.014885 0.0009775 4e-05 0 0 0 0 0 0 0 0 0 0 0 0 0 
1 0.700577 0.35491 0.10424 0.014485 0.0009775 4.5e-05 0 0 0 0 0 0 0 0 0 0 0 0 0 
1 0.700765 0.354265 0.103978 0.015265 0.0011325 6.75e-05 2.5e-06 0 0 0 0 0 0 0 0 0 0 0 0 
1 0.699023 0.352713 0.103908 0.0151125 0.000995 3.5e-05 0 0 0 0 0 0 0 0 0 0 0 0 0 
1 0.700105 0.35323 0.103713 0.0147175 0.00095 5.5e-05 2.5e-06 0 0 0 0 0 0 0 0 0 0 0 0 
1 0.70006 0.354645 0.103803 0.0148575 0.00112 7.5e-05 0 0 0 0 0 0 0 0 0 0 0 0 0 
1 0.70109 0.354223 0.104155 0.01458 0.0010275 4.75e-05 0 0 0 0 0 0 0 0 0 0 0 0 0 
1 0.702655 0.356858 0.10589 0.0148 0.0010425 4e-05 0 0 0 0 0 0 0 0 0 0 0 0 0 
1 0.69869 0.353913 0.104405 0.0149375 0.0011075 4.25e-05 0 0 0 0 0 0 0 0 0 0 0 0 0 
1 0.7005 0.353733 0.103428 0.0151425 0.001135 8.75e-05 0 0 0 0 0 0 0 0 0 0 0 0 0 
1 0.699417 0.352493 0.103318 0.01481 0.0010875 3.5e-05 7.5e-06 0 0 0 0 0 0 0 0 0 0 0 0 
1 0.700463 0.353723 0.103928 0.0146425 0.00099 6e-05 2.5e-06 2.5e-06 0 0 0 0 0 0 0 0 0 0 0 
1 0.701198 0.355245 0.104838 0.0151575 0.00114 7.25e-05 0 0 0 0 0 0 0 0 0 0 0 0 0 
1 0.701387 0.355708 0.104023 0.015305 0.001045 6.25e-05 5e-06 0 0 0 0 0 0 0 0 0 0 0 0 
1 0.70032 0.35356 0.104165 0.0147875 0.001075 5.75e-05 2.5e-06 0 0 0 0 0 0 0 0 0 0 0 0 
1 0.69886 0.352665 0.102118 0.014215 0.0010975 6.5e-05 2.5e-06 0 0 0 0 0 0 0 0 0 0 0 0 
1 0.703173 0.357495 0.106248 0.0157 0.001245 8e-05 0 0 0 0 0 0 0 0 0 0 0 0 0 
1 0.702005 0.355605 0.104853 0.0155525 0.0012075 5.25e-05 5e-06 0 0 0 0 0 0 0 0 0 0 0 0 
1 0.700295 0.353495 0.103743 0.0149475 0.001085 7.25e-05 2.5e-06 0 0 0 0 0 0 0 0 0 0 0 0 
1 0.69837 0.351135 0.102783 0.015035 0.0010925 5.75e-05 7.5e-06 0 0 0 0 0 0 0 0 0 0 0 0 
1 0.698655 0.351765 0.10231 0.014415 0.001035 6.25e-05 0 0 0 0 0 0 0 0 0 0 0 0 0 
1 0.697313 0.350048 0.101243 0.0142025 0.00098 5.25e-05 2.5e-06 0 0 0 0 0 0 0 0 0 0 0 0 
1 0.70194 0.354898 0.103973 0.014615 0.0010625 6e-05 0 0 0 0 0 0 0 0 0 0 0 0 0 
1 0.70121 0.355858 0.105705 0.014925 0.001105 4.75e-05 2.5e-06 0 0 0 0 0 0 0 0 0 0 0 0 
1 0.702152 0.3575 0.106225 0.0155875 0.0011475 4.5e-05 2.5e-06 0 0 0 0 0 0 0 0 0 0 0 0 
1 0.700635 0.35422 0.104168 0.0146875 0.00103 4e-05 0 0 0 0 0 0 0 0 0 0 0 0 0 
1 0.698953 0.351583 0.102735 0.0143425 0.0010225 4e-05 5e-06 0 0 0 0 0 0 0 0 0 0 0 0 
1 0.698338 0.350413 0.102138 0.0139725 0.0009025 3e-05 2.5e-06 0 0 0 0 0 0 0 0 0 0 0 0 
1 0.700393 0.354108 0.104055 0.0145725 0.00098 4.25e-05 0 0 0 0 0 0 0 0 0 0 0 0 0 
1 0.700513 0.35544 0.10485 0.0152 0.001205 0.0001 1e-05 0 0 0 0 0 0 0 0 0 0 0 0 
1 0.700083 0.355265 0.105285 0.015065 0.0010625 4e-05 0 0 0 0 0 0 0 0 0 0 0 0 0 
1 0.69889 0.351485 0.102505 0.0144625 0.00096 4.25e-05 2.5e-06 0 0 0 0 0 0 0 0 0 0 0 0 
1 0.700578 0.35422 0.10424 0.01466 0.00098 4e-05 5e-06 0 0 0 0 0 0 0 0 0 0 0 0 
1 0.697705 0.351345 0.103025 0.01452 0.000935 4.25e-05 2.5e-06 0 0 0 0 0 0 0 0 0 0 0 0 
1 0.699212 0.352858 0.10326 0.015065 0.00108 5.75e-05 5e-06 0 0 0 0 0 0 0 0 0 0 0 0 
1 0.699195 0.352725 0.104703 0.0150975 0.0011275 5.25e-05 0 0 0 0 0 0 0 0 0 0 0 0 0 
1 0.699347 0.352875 0.10342 0.014575 0.000995 4.25e-05 0 0 0 0 0 0 0 0 0 0 0 0 0 
1 0.698025 0.350178 0.10187 0.01394 0.001025 5.75e-05 7.5e-06 0 0 0 0 0 0 0 0 0 0 0 0 
1 0.699703 0.354268 0.104463 0.014795 0.001035 4e-05 5e-06 0 0 0 0 0 0 0 0 0 0 0 0 
1 0.69959 0.353885 0.103553 0.014555 0.001025 5e-05 0 0 0 0 0 0 0 0 0 0 0 0 0 
1 0.69928 0.353318 0.10466 0.01462 0.0009975 4e-05 0 0 0 0 0 0 0 0 0 0 0 0 0 
1 0.698598 0.35156 0.102938 0.0148025 0.0011225 6.25e-05 0 0 0 0 0 0 0 0 0 0 0 0 0 
1 0.69924 0.352368 0.103 0.01469 0.000995 5.75e-05 0 0 0 0 0 0 0 0 0 0 0 0 0 
1 0.701193 0.355168 0.105643 0.0152 0.0012125 5e-05 5e-06 0 0 0 0 0 0 0 0 0 0 0 0 
1 0.702 0.355478 0.10619 0.015415 0.00111 5.5e-05 2.5e-06 0 0 0 0 0 0 0 0 0 0 0 0 
1 0.701792 0.356035 0.105895 0.01507 0.0011375 2.75e-05 0 0 0 0 0 0 0 0 0 0 0 0 0 
1 0.701235 0.354363 0.103373 0.014815 0.0012 6.5e-05 0 0 0 0 0 0 0 0 0 0 0 0 0 
1 0.699538 0.352845 0.103113 0.014655 0.00112 5.5e-05 0 0 0 0 0 0 0 0 0 0 0 0 0 
1 0.701323 0.356065 0.10498 0.014845 0.0010575 5.75e-05 2.5e-06 0 0 0 0 0 0 0 0 0 0 0 0 
1 0.702048 0.356125 0.105308 0.0149675 0.00094 3.5e-05 0 0 0 0 0 0 0 0 0 0 0 0 0 
1 0.697745 0.350195 0.101513 0.0141525 0.000895 1.5e-05 0 0 0 0 0 0 0 0 0 0 0 0 0 
1 0.70112 0.355483 0.10435 0.0152775 0.0011975 6e-05 0 0 0 0 0 0 0 0 0 0 0 0 0 
1 0.700063 0.354565 0.104575 0.014715 0.0011125 5.5e-05 0 0 0 0 0 0 0 0 0 0 0 0 0 
1 0.700782 0.353988 0.1048 0.01512 0.00116 5.25e-05 0 0 0 0 0 0 0 0 0 0 0 0 0 
1 0.698795 0.353185 0.103435 0.0142875 0.0009725 4e-05 0 0 0 0 0 0 0 0 0 0 0 0 0 
1 0.69965 0.35496 0.104343 0.015285 0.00118 5.75e-05 0 0 0 0 0 0 0 0 0 0 0 0 0 
1 0.699277 0.352378 0.103 0.0143325 0.00099 4.5e-05 0 0 0 0 0 0 0 0 0 0 0 0 0 
1 0.700335 0.355345 0.104815 0.0151125 0.001055 4.75e-05 2.5e-06 0 0 0 0 0 0 0 0 0 0 0 0 
1 0.699143 0.35167 0.102235 0.0138175 0.000955 5.5e-05 0 0 0 0 0 0 0 0 0 0 0 0 0 
1 0.701545 0.355198 0.105073 0.0154525 0.00112 4.25e-05 7.5e-06 0 0 0 0 0 0 0 0 0 0 0 0 
1 0.699348 0.35264 0.103883 0.014805 0.0010525 5.5e-05 5e-06 0 0 0 0 0 0 0 0 0 0 0 0 
1 0.70052 0.35439 0.1043 0.015195 0.0012475 6.25e-05 2.5e-06 0 0 0 0 0 0 0 0 0 0 0 0 
1 0.700255 0.353963 0.10501 0.015 0.000945 6.25e-05 0 0 0 0 0 0 0 0 0 0 0 0 0 
1 0.700638 0.35394 0.104068 0.0145475 0.00104 4.5e-05 0 0 0 0 0 0 0 0 0 0 0 0 0 
1 0.701675 0.356865 0.104198 0.0148975 0.0009375 4.25e-05 2.5e-06 0 0 0 0 0 0 0 0 0 0 0 0 
1 0.70006 0.35283 0.10382 0.014775 0.001155 5.75e-05 0 0 0 0 0 0 0 0 0 0 0 0 0 
1 0.70063 0.356673 0.10587 0.0150175 0.0010275 5.25e-05 0 0 0 0 0 0 0 0 0 0 0 0 0 
1 0.69918 0.351148 0.102885 0.0146125 0.00103 7e-05 2.5e-06 0 0 0 0 0 0 0 0 0 0 0 0 
1 0.699598 0.353725 0.103435 0.014595 0.0009675 4.5e-05 2.5e-06 0 0 0 0 0 0 0 0 0 0 0 0 
1 0.69885 0.353313 0.103268 0.01463 0.001095 5.25e-05 0 0 0 0 0 0 0 0 0 0 0 0 0 
1 0.697627 0.350358 0.102495 0.0145975 0.001015 5.25e-05 2.5e-06 0 0 0 0 0 0 0 0 0 0 0 0 
1 0.701363 0.35335 0.103698 0.0148825 0.00108 4.5e-05 2.5e-06 0 0 0 0 0 0 0 0 0 0 0 0 
1 0.699945 0.355028 0.10386 0.0151775 0.0010275 2.75e-05 2.5e-06 0 0 0 0 0 0 0 0 0 0 0 0 
1 0.69947 0.354853 0.10433 0.0148925 0.001055 6.25e-05 0 0 0 0 0 0 0 0 0 0 0 0 0 
1 0.699495 0.353378 0.10233 0.01438 0.00103 5e-05 5e-06 0 0 0 0 0 0 0 0 0 0 0 0 
1 0.702958 0.355893 0.104815 0.0153325 0.00116 4.25e-05 2.5e-06 0 0 0 0 0 0 0 0 0 0 0 0 
1 0.697748 0.352858 0.10419 0.0146825 0.001205 6.75e-05 1e-05 0 0 0 0 0 0 0 0 0 0 0 0 
1 0.700167 0.35453 0.105245 0.0154625 0.0011925 7.25e-05 0 0 0 0 0 0 0 0 0 0 0 0 0 
1 0.699735 0.353638 0.103355 0.0146775 0.000995 4e-05 0 0 0 0 0 0 0 0 0 0 0 0 0 
1 0.699835 0.352115 0.102743 0.014285 0.00099 5.25e-05 2.5e-06 0 0 0 0 0 0 0 0 0 0 0 0 
1 0.699963 0.352368 0.103325 0.0145075 0.00107 4e-05 0 0 0 0 0 0 0 0 0 0 0 0 0 
1 0.701047 0.355358 0.104773 0.0152275 0.0011925 6.5e-05 7.5e-06 0 0 0 0 0 0 0 0 0 0 0 0 
1 0.700043 0.35416 0.103998 0.0148525 0.0010025 5.25e-05 0 0 0 0 0 0 0 0 0 0 0 0 0 
1 0.701702 0.356213 0.105338 0.0152125 0.00102 4e-05 0 0 0 0 0 0 0 0 0 0 0 0 0 
1 0.700593 0.353998 0.103645 0.0143575 0.001045 4e-05 0 0 0 0 0 0 0 0 0 0 0 0 0 
1 0.7013 0.354165 0.103603 0.0144425 0.00095 3.5e-05 2.5e-06 0 0 0 0 0 0 0 0 0 0 0 0 
1 0.69954 0.353308 0.103418 0.014605 0.0010525 3.5e-05 2.5e-06 0 0 0 0 0 0 0 0 0 0 0 0 
1 0.69819 0.350638 0.101318 0.0140475 0.000985 4.25e-05 2.5e-06 0 0 0 0 0 0 0 0 0 0 0 0 
1 0.70176 0.357143 0.106398 0.0156625 0.00114 6.25e-05 0 0 0 0 0 0 0 0 0 0 0 0 0 
1 0.699988 0.354405 0.105198 0.01471 0.00098 6.5e-05 1.25e-05 2.5e-06 0 0 0 0 0 0 0 0 0 0 0 
1 0.701723 0.355608 0.10489 0.01447 0.0010075 4.25e-05 2.5e-06 0 0 0 0 0 0 0 0 0 0 0 0 
1 0.699742 0.353815 0.10456 0.0148125 0.001145 4.25e-05 5e-06 0 0 0 0 0 0 0 0 0 0 0 0 
1 0.700315 0.354208 0.103115 0.0147325 0.00121 3.5e-05 0 0 0 0 0 0 0 0 0 0 0 0 0 
1 0.700218 0.35343 0.103563 0.0148 0.0010875 7e-05 0 0 0 0 0 0 0 0 0 0 0 0 0 
1 0.6993 0.35358 0.103688 0.01479 0.001085 5e-05 2.5e-06 0 0 0 0 0 0 0 0 0 0 0 0 
1 0.69701 0.347628 0.101015 0.0140625 0.0010275 4.25e-05 0 0 0 0 0 0 0 0 0 0 0 0 0 
1 0.70144 0.356903 0.10509 0.0154675 0.0012075 3.25e-05 0 0 0 0 0 0 0 0 0 0 0 0 0 
1 0.701815 0.35474 0.10427 0.01481 0.00106 2.75e-05 2.5e-06 0 0 0 0 0 0 0 0 0 0 0 0 
1 0.70268 0.356088 0.104545 0.01455 0.0010525 4e-05 0 0 0 0 0 0 0 0 0 0 0 0 0 
1 0.700405 0.355905 0.104753 0.01495 0.001015 2.5e-05 0 0 0 0 0 0 0 0 0 0 0 0 0 
1 0.69984 0.352238 0.102545 0.01464 0.0011025 4.25e-05 0 0 0 0 0 0 0 0 0 0 0 0 0 
1 0.70179 0.354988 0.105325 0.015275 0.0010675 4e-05 5e-06 0 0 0 0 0 0 0 0 0 0 0 0 
1 0.699805 0.353265 0.10282 0.014545 0.0010225 3.75e-05 2.5e-06 0 0 0 0 0 0 0 0 0 0 0 0 
1 0.698553 0.352673 0.102555 0.0144725 0.0010025 6e-05 2.5e-06 0 0 0 0 0 0 0 0 0 0 0 0 
1 0.700015 0.352735 0.103213 0.01403 0.0009175 2.25e-05 0 0 0 0 0 0 0 0 0 0 0 0 0 
1 0.69704 0.350445 0.103648 0.014885 0.00113 5.75e-05 2.5e-06 2.5e-06 0 0 0 0 0 0 0 0 0 0 0 
1 0.70026 0.353033 0.103325 0.014005 0.0009075 5e-05 5e-06 2.5e-06 0 0 0 0 0 0 0 0 0 0 0 
1 0.701118 0.355565 0.10482 0.0149325 0.001135 8.75e-05 2.5e-06 0 0 0 0 0 0 0 0 0 0 0 0 
1 0.698897 0.352855 0.104185 0.01493 0.00111 4.25e-05 0 0 0 0 0 0 0 0 0 0 0 0 0 
1 0.700577 0.353873 0.104298 0.0146 0.00102 5e-05 0 0 0 0 0 0 0 0 0 0 0 0 0 
1 0.698772 0.352798 0.103083 0.0146825 0.001095 5.25e-05 7.5e-06 0 0 0 0 0 0 0 0 0 0 0 0 
1 0.699605 0.35285 0.103138 0.014575 0.001015 4.5e-05 0 0 0 0 0 0 0 0 0 0 0 0 0 
1 0.69824 0.35152 0.102178 0.014055 0.000975 4.75e-05 5e-06 0 0 0 0 0 0 0 0 0 0 0 0 
1 0.699112 0.353413 0.104 0.01502 0.0011325 5.75e-05 0 0 0 0 0 0 0 0 0 0 0 0 0 
1 0.699882 0.355195 0.104495 0.015225 0.00105 4.5e-05 2.5e-06 0 0 0 0 0 0 0 0 0 0 0 0 
1 0.700785 0.356295 0.105928 0.01539 0.001125 4.25e-05 0 0 0 0 0 0 0 0 0 0 0 0 0 
1 0.698938 0.351435 0.102045 0.01458 0.00104 4.25e-05 2.5e-06 0 0 0 0 0 0 0 0 0 0 0 0 
1 0.700612 0.35431 0.103683 0.0145175 0.00099 2.75e-05 0 0 0 0 0 0 0 0 0 0 0 0 0 
1 0.700388 0.35314 0.103025 0.01427 0.0010475 5.25e-05 0 0 0 0 0 0 0 0 0 0 0 0 0 
1 0.700215 0.355275 0.105098 0.015265 0.0010825 6.5e-05 2.5e-06 0 0 0 0 0 0 0 0 0 0 0 0 
1 0.70028 0.35589 0.105778 0.0148475 0.0009825 4.25e-05 0 0 0 0 0 0 0 0 0 0 0 0 0 
1 0.700945 0.35578 0.105025 0.0152425 0.001265 8.25e-05 2.5e-06 0 0 0 0 0 0 0 0 0 0 0 0 
1 0.699873 0.355435 0.105243 0.0149975 0.00106 3.75e-05 0 0 0 0 0 0 0 0 0 0 0 0 0 
1 0.699037 0.352125 0.10368 0.014755 0.000975 5.25e-05 5e-06 0 0 0 0 0 0 0 0 0 0 0 0 
1 0.700272 0.355403 0.105688 0.0155375 0.0011675 8e-05 5e-06 0 0 0 0 0 0 0 0 0 0 0 0 
1 0.700213 0.354723 0.103945 0.01497 0.000985 3.75e-05 0 0 0 0 0 0 0 0 0 0 0 0 0 
1 0.699085 0.35285 0.1034 0.0146825 0.000925 4.75e-05 2.5e-06 0 0 0 0 0 0 0 0 0 0 0 0 
1 0.698422 0.351068 0.101995 0.01448 0.001105 6.25e-05 5e-06 0 0 0 0 0 0 0 0 0 0 0 0 
1 0.698065 0.3518 0.102863 0.014495 0.00106 4.25e-05 0 0 0 0 0 0 0 0 0 0 0 0 0 
1 0.698835 0.353793 0.103895 0.0148475 0.00094 5e-05 0 0 0 0 0 0 0 0 0 0 0 0 0 
1 0.700485 0.354018 0.10325 0.014535 0.00108 4e-05 0 0 0 0 0 0 0 0 0 0 0 0 0 
1 0.701205 0.353848 0.104478 0.0149225 0.0010975 6e-05 5e-06 0 0 0 0 0 0 0 0 0 0 0 0 
1 0.698973 0.351923 0.10325 0.0144425 0.0010725 4e-05 0 0 0 0 0 0 0 0 0 0 0 0 0 
1 0.701127 0.35627 0.104093 0.0150725 0.0010575 2.75e-05 0 0 0 0 0 0 0 0 0 0 0 0 0 
1 0.701813 0.355915 0.105478 0.01524 0.0011 3.75e-05 2.5e-06 0 0 0 0 0 0 0 0 0 0 0 0 
1 0.700445 0.354813 0.103663 0.01477 0.001065 5e-05 0 0 0 0 0 0 0 0 0 0 0 0 0 
1 0.700077 0.354498 0.104915 0.014795 0.00099 5e-05 7.5e-06 0 0 0 0 0 0 0 0 0 0 0 0 
1 0.70026 0.353573 0.104495 0.0149725 0.00106 4.5e-05 5e-06 0 0 0 0 0 0 0 0 0 0 0 0 
1 0.699792 0.351923 0.10319 0.014935 0.0011075 4.5e-05 0 0 0 0 0 0 0 0 0 0 0 0 0 
1 0.700595 0.353588 0.103385 0.0145925 0.0009825 3e-05 2.5e-06 0 0 0 0 0 0 0 0 0 0 0 0 
1 0.698572 0.352578 0.103063 0.0146875 0.0011075 7.75e-05 2.5e-06 0 0 0 0 0 0 0 0 0 0 0 0 
1 0.700165 0.35372 0.104075 0.0149075 0.00116 6.25e-05 7.5e-06 0 0 0 0 0 0 0 0 0 0 0 0 
1 0.700793 0.353785 0.104768 0.0151375 0.00124 4.25e-05 5e-06 0 0 0 0 0 0 0 0 0 0 0 0 
1 0.700918 0.355188 0.104008 0.01475 0.0009975 5.75e-05 5e-06 0 0 0 0 0 0 0 0 0 0 0 0 
1 0.69896 0.3523 0.102118 0.014345 0.00102 4.75e-05 0 0 0 0 0 0 0 0 0 0 0 0 0 
1 0.69688 0.35029 0.103053 0.014665 0.00108 6.25e-05 2.5e-06 0 0 0 0 0 0 0 0 0 0 0 0 
1 0.699285 0.35265 0.102663 0.0145575 0.0010225 3.25e-05 0 0 0 0 0 0 0 0 0 0 0 0 0 
1 0.70368 0.356823 0.105925 0.0153175 0.0010725 4.5e-05 0 0 0 0 0 0 0 0 0 0 0 0 0 
1 0.701075 0.35596 0.105065 0.01496 0.0010775 5.5e-05 5e-06 0 0 0 0 0 0 0 0 0 0 0 0 
1 0.7014 0.35406 0.105223 0.015315 0.0011725 5.25e-05 5e-06 0 0 0 0 0 0 0 0 0 0 0 0 
1 0.698915 0.351853 0.102635 0.014395 0.00105 4.75e-05 2.5e-06 0 0 0 0 0 0 0 0 0 0 0 0 
1 0.70081 0.355248 0.103813 0.0147875 0.00101 7e-05 5e-06 0 0 0 0 0 0 0 0 0 0 0 0 
1 0.701922 0.35479 0.104068 0.014705 0.0009925 3.75e-05 2.5e-06 2.5e-06 0 0 0 0 0 0 0 0 0 0 0 
1 0.699338 0.353158 0.103473 0.0148075 0.001095 4.5e-05 0 0 0 0 0 0 0 0 0 0 0 0 0 
1 0.699268 0.351258 0.102343 0.0142725 0.001015 4e-05 0 0 0 0 0 0 0 0 0 0 0 0 0 
1 0.698107 0.351275 0.102098 0.01439 0.001055 3.75e-05 5e-06 2.5e-06 0 0 0 0 0 0 0 0 0 0 0 
1 0.700012 0.354923 0.105073 0.01528 0.00111 5.25e-05 0 0 0 0 0 0 0 0 0 0 0 0 0 
1 0.70138 0.354808 0.10469 0.01504 0.001095 5.75e-05 0 0 0 0 0 0 0 0 0 0 0 0 0 
1 0.697908 0.350135 0.101793 0.0143375 0.00104 4.5e-05 0 0 0 0 0 0 0 0 0 0 0 0 0 
1 0.7001 0.353835 0.104288 0.01498 0.0010975 7.25e-05 0 0 0 0 0 0 0 0 0 0 0 0 0 
1 0.700495 0.356053 0.105658 0.014935 0.0010825 3.5e-05 2.5e-06 0 0 0 0 0 0 0 0 0 0 0 0 
1 0.701193 0.35485 0.10539 0.0155125 0.0010325 1.5e-05 0 0 0 0 0 0 0 0 0 0 0 0 0 
1 0.702018 0.357058 0.105048 0.015055 0.001135 6.75e-05 0 0 0 0 0 0 0 0 0 0 0 0 0 
1 0.701545 0.35598 0.104415 0.014755 0.0010525 4.75e-05 2.5e-06 0 0 0 0 0 0 0 0 0 0 0 0 
1 0.700325 0.353853 0.10424 0.0149375 0.00097 5.25e-05 2.5e-06 2.5e-06 0 0 0 0 0 0 0 0 0 0 0 
1 0.699995 0.35412 0.103475 0.0146025 0.0010275 4.75e-05 5e-06 0 0 0 0 0 0 0 0 0 0 0 0 
1 0.699813 0.354305 0.105415 0.015405 0.001235 7.75e-05 2.5e-06 0 0 0 0 0 0 0 0 0 0 0 0 
1 0.69943 0.350955 0.1012 0.014015 0.0010175 2.25e-05 0 0 0 0 0 0 0 0 0 0 0 0 0 
1 0.700925 0.35387 0.104133 0.0150725 0.00098 5.75e-05 2.5e-06 0 0 0 0 0 0 0 0 0 0 0 0 
1 0.700797 0.354785 0.104188 0.014905 0.00098 2.75e-05 0 0 0 0 0 0 0 0 0 0 0 0 0 
1 0.701325 0.356548 0.10586 0.01561 0.0011325 6e-05 2.5e-06 0 0 0 0 0 0 0 0 0 0 0 0 
1 0.698295 0.35371 0.103848 0.01478 0.001075 4.5e-05 0 0 0 0 0 0 0 0 0 0 0 0 0 
1 0.698225 0.351673 0.10287 0.0141875 0.00087 4.25e-05 5e-06 0 0 0 0 0 0 0 0 0 0 0 0 
1 0.700083 0.353925 0.104728 0.0149275 0.00106 4.5e-05 0 0 0 0 0 0 0 0 0 0 0 0 0 
1 0.699283 0.352945 0.104235 0.014695 0.00107 4.5e-05 0 0 0 0 0 0 0 0 0 0 0 0 0 
1 0.698933 0.351728 0.102573 0.014345 0.001045 5.5e-05 0 0 0 0 0 0 0 0 0 0 0 0 0 
1 0.69789 0.350475 0.1024 0.0142175 0.0009925 4e-05 2.5e-06 0 0 0 0 0 0 0 0 0 0 0 0 
1 0.699193 0.351118 0.103035 0.014735 0.0010625 6.25e-05 2.5e-06 0 0 0 0 0 0 0 0 0 0 0 0 
1 0.69958 0.353273 0.103693 0.014535 0.0009425 4.75e-05 0 0 0 0 0 0 0 0 0 0 0 0 0 
1 0.699995 0.353125 0.10326 0.0147425 0.001075 6.5e-05 5e-06 0 0 0 0 0 0 0 0 0 0 0 0 
1 0.69961 0.353603 0.103958 0.014975 0.001155 6.25e-05 7.5e-06 0 0 0 0 0 0 0 0 0 0 0 0 
1 0.70104 0.354218 0.10539 0.015325 0.001115 6e-05 2.5e-06 0 0 0 0 0 0 0 0 0 0 0 0 
1 0.701027 0.35744 0.10689 0.0157025 0.0012475 6.75e-05 0 0 0 0 0 0 0 0 0 0 0 0 0 
1 0.699982 0.351548 0.103493 0.014785 0.00115 5.5e-05 0 0 0 0 0 0 0 0 0 0 0 0 0 
1 0.701128 0.355315 0.10431 0.0150725 0.0010125 4.25e-05 0 0 0 0 0 0 0 0 0 0 0 0 0 
1 0.701645 0.35672 0.106408 0.01575 0.0012175 6.75e-05 0 0 0 0 0 0 0 0 0 0 0 0 0 
1 0.700103 0.354115 0.104675 0.01458 0.00104 4.5e-05 0 0 0 0 0 0 0 0 0 0 0 0 0 
1 0.700653 0.35485 0.104363 0.0145225 0.0009875 3e-05 0 0 0 0 0 0 0 0 0 0 0 0 0 
1 0.70099 0.354998 0.10362 0.0146925 0.000995 3e-05 2.5e-06 0 0 0 0 0 0 0 0 0 0 0 0 
1 0.701995 0.355388 0.10461 0.0145975 0.0010075 4e-05 2.5e-06 0 0 0 0 0 0 0 0 0 0 0 0 
1 0.700237 0.354105 0.103903 0.0143925 0.0010225 6.5e-05 2.5e-06 0 0 0 0 0 0 0 0 0 0 0 0 
1 0.701595 0.355023 0.103613 0.0148275 0.0011925 9.75e-05 5e-06 0 0 0 0 0 0 0 0 0 0 0 0 
1 0.700458 0.353005 0.104385 0.0149675 0.0012 4.75e-05 0 0 0 0 0 0 0 0 0 0 0 0 0 
1 0.700923 0.355015 0.104675 0.015045 0.001 4.25e-05 0 0 0 0 0 0 0 0 0 0 0 0 0 
1 0.702652 0.35668 0.106358 0.015615 0.001105 7.5e-05 2.5e-06 0 0 0 0 0 0 0 0 0 0 0 0 
1 0.69683 0.348845 0.10063 0.013985 0.0010775 6.25e-05 0 0 0 0 0 0 0 0 0 0 0 0 0 
1 0.69895 0.35261 0.103078 0.01439 0.00102 3.25e-05 0 0 0 0 0 0 0 0 0 0 0 0 0 
1 0.701652 0.35605 0.105688 0.015165 0.00107 6e-05 5e-06 0 0 0 0 0 0 0 0 0 0 0 0 
1 0.700025 0.353623 0.10312 0.014725 0.000955 3e-05 0 0 0 0 0 0 0 0 0 0 0 0 0 
1 0.699113 0.35237 0.102915 0.0142725 0.0010475 5.25e-05 2.5e-06 0 0 0 0 0 0 0 0 0 0 0 0 
1 0.701242 0.355533 0.105115 0.015185 0.001125 5.75e-05 0 0 0 0 0 0 0 0 0 0 0 0 0 
1 0.700838 0.356 0.105385 0.0146725 0.0010825 5.5e-05 5e-06 0 0 0 0 0 0 0 0 0 0 0 0 
1 0.701743 0.356305 0.105368 0.01539 0.001195 6.75e-05 0 0 0 0 0 0 0 0 0 0 0 0 0 
1 0.701135 0.35562 0.105563 0.01503 0.0010625 5e-05 0 0 0 0 0 0 0 0 0 0 0 0 0 
1 0.698507 0.35143 0.103435 0.0147175 0.00098 4e-05 2.5e-06 0 0 0 0 0 0 0 0 0 0 0 0 
1 0.699503 0.35253 0.102398 0.0141775 0.0010225 5e-05 0 0 0 0 0 0 0 0 0 0 0 0 0 
1 0.699708 0.352473 0.10261 0.014745 0.001115 6.75e-05 5e-06 2.5e-06 0 0 0 0 0 0 0 0 0 0 0 
1 0.699368 0.352338 0.102878 0.01402 0.00093 4e-05 2.5e-06 0 0 0 0 0 0 0 0 0 0 0 0 
1 0.69915 0.35097 0.1023 0.014685 0.001035 2.5e-05 2.5e-06 0 0 0 0 0 0 0 0 0 0 0 0 
1 0.700468 0.35273 0.10239 0.0140275 0.0009275 5e-05 5e-06 0 0 0 0 0 0 0 0 0 0 0 0 
1 0.70129 0.356303 0.106348 0.0155625 0.0011175 6e-05 2.5e-06 0 0 0 0 0 0 0 0 0 0 0 0 
1 0.701262 0.355675 0.1051 0.01516 0.0012075 5.25e-05 0 0 0 0 0 0 0 0 0 0 0 0 0 
1 0.7015 0.354103 0.10388 0.0147575 0.00101 3.25e-05 0 0 0 0 0 0 0 0 0 0 0 0 0 
1 0.701638 0.354053 0.102838 0.0146875 0.00107 4.5e-05 0 0 0 0 0 0 0 0 0 0 0 0 0 
1 0.701947 0.354365 0.103833 0.01445 0.000965 4.25e-05 0 0 0 0 0 0 0 0 0 0 0 0 0 
1 0.699435 0.352158 0.103313 0.014605 0.0010575 4.75e-05 0 0 0 0 0 0 0 0 0 0 0 0 0 
1 0.701185 0.356735 0.106593 0.01548 0.0011425 4.25e-05 5e-06 0 0 0 0 0 0 0 0 0 0 0 0 
1 0.699765 0.354543 0.104635 0.0149525 0.0010025 5e-05 2.5e-06 0 0 0 0 0 0 0 0 0 0 0 0 
1 0.702067 0.357198 0.10676 0.0157975 0.001205 6e-05 5e-06 0 0 0 0 0 0 0 0 0 0 0 0 
1 0.701412 0.357415 0.106495 0.015705 0.00112 4e-05 0 0 0 0 0 0 0 0 0 0 0 0 0 
1 0.69887 0.350313 0.101665 0.0142075 0.0009425 3.25e-05 2.5e-06 0 0 0 0 0 0 0 0 0 0 0 0 
1 0.699993 0.355218 0.10486 0.015015 0.0009975 4e-05 2.5e-06 0 0 0 0 0 0 0 0 0 0 0 0 
1 0.702388 0.35732 0.106185 0.0153875 0.0011575 4.75e-05 5e-06 0 0 0 0 0 0 0 0 0 0 0 0 
1 0.700845 0.355985 0.10422 0.0149125 0.0010575 4.25e-05 5e-06 0 0 0 0 0 0 0 0 0 0 0 0 
1 0.700325 0.35581 0.105748 0.015165 0.00109 6.25e-05 7.5e-06 0 0 0 0 0 0 0 0 0 0 0 0 
1 0.702472 0.358213 0.106558 0.0155325 0.0010775 4.5e-05 2.5e-06 0 0 0 0 0 0 0 0 0 0 0 0 
1 0.699285 0.354033 0.104495 0.0150975 0.0011675 6.5e-05 0 0 0 0 0 0 0 0 0 0 0 0 0 
1 0.69922 0.351653 0.103965 0.0151075 0.001205 5.25e-05 0 0 0 0 0 0 0 0 0 0 0 0 0 
1 0.69944 0.351923 0.102425 0.014595 0.001075 3.25e-05 0 0 0 0 0 0 0 0 0 0 0 0 0 
1 0.698362 0.35342 0.10455 0.015265 0.0011325 5.75e-05 0 0 0 0 0 0 0 0 0 0 0 0 0 
1 0.701467 0.355108 0.104638 0.0151975 0.0010575 5.75e-05 0 0 0 0 0 0 0 0 0 0 0 0 0 
1 0.701735 0.354888 0.104245 0.0148475 0.0010375 5.75e-05 2.5e-06 0 0 0 0 0 0 0 0 0 0 0 0 
1 0.701275 0.355113 0.10461 0.015085 0.0010875 5.25e-05 2.5e-06 0 0 0 0 0 0 0 0 0 0 0 0 
1 0.700307 0.35362 0.104053 0.0147475 0.00101 3e-05 0 0 0 0 0 0 0 0 0 0 0 0 0 
1 0.69868 0.352935 0.10317 0.0148275 0.000925 4.75e-05 0 0 0 0 0 0 0 0 0 0 0 0 0 
1 0.69811 0.351888 0.103748 0.014885 0.001125 5.5e-05 5e-06 0 0 0 0 0 0 0 0 0 0 0 0 
1 0.699452 0.353908 0.10432 0.01522 0.001165 7e-05 2.5e-06 0 0 0 0 0 0 0 0 0 0 0 0 
1 0.69955 0.35335 0.104138 0.014595 0.001025 4.25e-05 0 0 0 0 0 0 0 0 0 0 0 0 0 
1 0.70013 0.352808 0.104395 0.01466 0.0009325 3.75e-05 0 0 0 0 0 0 0 0 0 0 0 0 0 
1 0.699963 0.353773 0.104253 0.01481 0.00103 5e-05 2.5e-06 0 0 0 0 0 0 0 0 0 0 0 0 
1 0.702035 0.356933 0.10623 0.0153075 0.00113 4.25e-05 2.5e-06 0 0 0 0 0 0 0 0 0 0 0 0 
1 0.701505 0.356068 0.105388 0.0151375 0.001015 5.75e-05 2.5e-06 0 0 0 0 0 0 0 0 0 0 0 0 
1 0.701743 0.355293 0.104528 0.0150275 0.00109 5.25e-05 2.5e-06 0 0 0 0 0 0 0 0 0 0 0 0 
1 0.700163 0.355005 0.104773 0.0147425 0.0010825 4.25e-05 0 0 0 0 0 0 0 0 0 0 0 0 0 
1 0.699348 0.353478 0.102933 0.0146625 0.0009775 3.75e-05 0 0 0 0 0 0 0 0 0 0 0 0 0 
1 0.701623 0.356115 0.10625 0.0151975 0.00114 6.5e-05 0 0 0 0 0 0 0 0 0 0 0 0 0 
1 0.70114 0.355895 0.10554 0.0153325 0.0012325 8.75e-05 1.25e-05 5e-06 0 0 0 0 0 0 0 0 0 0 0 
1 0.70233 0.357245 0.105813 0.015305 0.001155 5.75e-05 0 0 0 0 0 0 0 0 0 0 0 0 0 
1 0.70021 0.35387 0.104223 0.01498 0.0010475 4.25e-05 2.5e-06 0 0 0 0 0 0 0 0 0 0 0 0 
1 0.701773 0.356758 0.106195 0.0153025 0.0010125 4.25e-05 0 0 0 0 0 0 0 0 0 0 0 0 0 
1 0.700838 0.354013 0.104733 0.015085 0.0011275 4.25e-05 5e-06 0 0 0 0 0 0 0 0 0 0 0 0 
1 0.700002 0.3535 0.10417 0.0144975 0.00097 3.75e-05 0 0 0 0 0 0 0 0 0 0 0 0 0 
1 0.699307 0.352058 0.103143 0.01466 0.00103 5e-05 2.5e-06 0 0 0 0 0 0 0 0 0 0 0 0 
1 0.699177 0.352505 0.103393 0.0145975 0.00102 4.75e-05 5e-06 0 0 0 0 0 0 0 0 0 0 0 0 
1 0.699323 0.351705 0.103213 0.014635 0.001045 5.75e-05 2.5e-06 0 0 0 0 0 0 0 0 0 0 0 0 
1 0.701313 0.357638 0.107175 0.0155275 0.0011525 5e-05 2.5e-06 0 0 0 0 0 0 0 0 0 0 0 0 
1 0.699105 0.351558 0.102453 0.0144975 0.0010475 4.75e-05 0 0 0 0 0 0 0 0 0 0 0 0 0 
1 0.700995 0.354008 0.10333 0.01446 0.00108 6e-05 1e-05 0 0 0 0 0 0 0 0 0 0 0 0 
1 0.700208 0.353778 0.1041 0.01513 0.001095 6.75e-05 7.5e-06 0 0 0 0 0 0 0 0 0 0 0 0 
1 0.701585 0.356493 0.106543 0.01517 0.0011625 5.5e-05 5e-06 0 0 0 0 0 0 0 0 0 0 0 0 
1 0.700158 0.354455 0.10401 0.01486 0.001095 5.5e-05 0 0 0 0 0 0 0 0 0 0 0 0 0 
1 0.701163 0.354745 0.103433 0.01469 0.0010375 4.75e-05 2.5e-06 0 0 0 0 0 0 0 0 0 0 0 0 
1 0.701177 0.357028 0.105903 0.015565 0.00121 4.75e-05 0 0 0 0 0 0 0 0 0 0 0 0 0 
1 0.700142 0.35475 0.105365 0.0153175 0.001025 3.75e-05 0 0 0 0 0 0 0 0 0 0 0 0 0 
1 0.697543 0.351478 0.102843 0.01467 0.000985 3.5e-05 0 0 0 0 0 0 0 0 0 0 0 0 0 
1 0.7009 0.35374 0.104895 0.015025 0.001065 4e-05 2.5e-06 0 0 0 0 0 0 0 0 0 0 0 0 
1 0.699817 0.353 0.10495 0.0153425 0.0011875 6.5e-05 2.5e-06 0 0 0 0 0 0 0 0 0 0 0 0 
1 0.70059 0.35441 0.103995 0.0146075 0.001 3.25e-05 0 0 0 0 0 0 0 0 0 0 0 0 0 
1 0.700212 0.353783 0.103753 0.0147925 0.00105 4.5e-05 2.5e-06 0 0 0 0 0 0 0 0 0 0 0 0 
1 0.700563 0.354635 0.104275 0.014875 0.0010425 5.5e-05 0 0 0 0 0 0 0 0 0 0 0 0 0 
1 0.698987 0.351785 0.103033 0.0144375 0.0010825 4.5e-05 0 0 0 0 0 0 0 0 0 0 0 0 0 
1 0.69758 0.34905 0.102625 0.01482 0.001095 4.75e-05 2.5e-06 0 0 0 0 0 0 0 0 0 0 0 0 
1 0.700165 0.355793 0.104868 0.01526 0.000985 4.75e-05 2.5e-06 0 0 0 0 0 0 0 0 0 0 0 0 
1 0.699535 0.35108 0.102145 0.0142475 0.000905 2.5e-05 0 0 0 0 0 0 0 0 0 0 0 0 0 
1 0.699755 0.35288 0.104228 0.0149175 0.0010775 7.25e-05 0 0 0 0 0 0 0 0 0 0 0 0 0 
1 0.70017 0.353783 0.10504 0.0153875 0.00124 7.5e-05 2.5e-06 0 0 0 0 0 0 0 0 0 0 0 0 
1 0.700955 0.35346 0.103648 0.014895 0.00113 5e-05 2.5e-06 0 0 0 0 0 0 0 0 0 0 0 0 
1 0.699217 0.352015 0.103528 0.014505 0.0009425 6e-05 5e-06 0 0 0 0 0 0 0 0 0 0 0 0 
1 0.698575 0.35206 0.103043 0.0142925 0.0009925 6.5e-05 2.5e-06 0 0 0 0 0 0 0 0 0 0 0 0 
1 0.699775 0.354573 0.10451 0.0148525 0.0010425 3.5e-05 0 0 0 0 0 0 0 0 0 0 0 0 0 
1 0.697737 0.35255 0.102603 0.0144425 0.0010925 5.75e-05 0 0 0 0 0 0 0 0 0 0 0 0 0 
1 0.698975 0.3511 0.102178 0.014875 0.0010225 4.5e-05 0 0 0 0 0 0 0 0 0 0 0 0 0 
1 0.699288 0.351518 0.102095 0.0144625 0.001115 6.5e-05 5e-06 2.5e-06 0 0 0 0 0 0 0 0 0 0 0 
1 0.699997 0.354413 0.10418 0.0149775 0.0011025 4.5e-05 5e-06 0 0 0 0 0 0 0 0 0 0 0 0 
1 0.69914 0.35177 0.10311 0.01492 0.0009725 4.75e-05 0 0 0 0 0 0 0 0 0 0 0 0 0 
1 0.700018 0.353015 0.103893 0.0152075 0.00109 3.5e-05 0 0 0 0 0 0 0 0 0 0 0 0 0 
1 0.700575 0.35583 0.10519 0.01519 0.001085 4.5e-05 5e-06 0 0 0 0 0 0 0 0 0 0 0 0 
1 0.697945 0.35109 0.102403 0.01402 0.0009475 3.5e-05 2.5e-06 0 0 0 0 0 0 0 0 0 0 0 0 
1 0.698108 0.350513 0.102148 0.0143625 0.0010225 4.5e-05 0 0 0 0 0 0 0 0 0 0 0 0 0 
1 0.701007 0.356025 0.105025 0.0149225 0.0011 4.25e-05 5e-06 0 0 0 0 0 0 0 0 0 0 0 0 
1 0.69916 0.353103 0.10478 0.0150225 0.0010875 5e-05 0 0 0 0 0 0 0 0 0 0 0 0 0 
1 0.696485 0.349725 0.102003 0.0144625 0.0009975 3.5e-05 0 0 0 0 0 0 0 0 0 0 0 0 0 
1 0.70019 0.352775 0.103185 0.0144625 0.0009825 3e-05 0 0 0 0 0 0 0 0 0 0 0 0 0 
1 0.696847 0.349478 0.10015 0.013965 0.000995 5.25e-05 2.5e-06 0 0 0 0 0 0 0 0 0 0 0 0 
1 0.700152 0.35109 0.102598 0.0142675 0.00094 4.75e-05 0 0 0 0 0 0 0 0 0 0 0 0 0 
1 0.701943 0.353883 0.103888 0.0144575 0.0010725 6e-05 5e-06 0 0 0 0 0 0 0 0 0 0 0 0 
1 0.699275 0.35192 0.103665 0.01482 0.0010675 4e-05 2.5e-06 0 0 0 0 0 0 0 0 0 0 0 0 
1 0.700273 0.353575 0.104358 0.0150175 0.00111 5.5e-05 0 0 0 0 0 0 0 0 0 0 0 0 0 
1 0.69995 0.353673 0.103763 0.0148375 0.0010325 4.75e-05 2.5e-06 0 0 0 0 0 0 0 0 0 0 0 0 
1 0.70045 0.354195 0.104145 0.0147 0.00102 4e-05 2.5e-06 0 0 0 0 0 0 0 0 0 0 0 0 
1 0.70003 0.35093 0.103508 0.01448 0.00102 4e-05 0 0 0 0 0 0 0 0 0 0 0 0 0 
1 0.69946 0.352698 0.102555 0.0140325 0.001035 8.75e-05 5e-06 0 0 0 0 0 0 0 0 0 0 0 0 
1 0.7009 0.35379 0.10379 0.01495 0.0010275 4.75e-05 0 0 0 0 0 0 0 0 0 0 0 0 0 
1 0.699647 0.35391 0.104978 0.01472 0.0009625 4.5e-05 5e-06 0 0 0 0 0 0 0 0 0 0 0 0 
1 0.69688 0.349023 0.10098 0.01408 0.0009975 6.75e-05 2.5e-06 0 0 0 0 0 0 0 0 0 0 0 0 
1 0.700608 0.354983 0.105118 0.0154025 0.001075 6e-05 5e-06 0 0 0 0 0 0 0 0 0 0 0 0 
1 0.699755 0.35259 0.103435 0.0145825 0.00112 5.75e-05 2.5e-06 0 0 0 0 0 0 0 0 0 0 0 0 
1 0.699973 0.35498 0.1047 0.015425 0.001115 3e-05 0 0 0 0 0 0 0 0 0 0 0 0 0 
1 0.701555 0.355295 0.103763 0.015045 0.00111 4e-05 2.5e-06 0 0 0 0 0 0 0 0 0 0 0 0 
1 0.69915 0.35238 0.10355 0.0146875 0.0010075 2.25e-05 0 0 0 0 0 0 0 0 0 0 0 0 0 
1 0.697185 0.350005 0.101023 0.0142725 0.000975 4.75e-05 0 0 0 0 0 0 0 0 0 0 0 0 0 
1 0.697743 0.349208 0.100275 0.013455 0.0008975 3e-05 2.5e-06 0 0 0 0 0 0 0 0 0 0 0 0 
1 0.701418 0.354195 0.10422 0.01477 0.0010925 3.25e-05 0 0 0 0 0 0 0 0 0 0 0 0 0 
1 0.6984 0.352298 0.10283 0.01437 0.00105 5.25e-05 2.5e-06 0 0 0 0 0 0 0 0 0 0 0 0 
1 0.698113 0.351525 0.103225 0.0147025 0.0010375 5.25e-05 0 0 0 0 0 0 0 0 0 0 0 0 0 
1 0.69969 0.352518 0.103053 0.0145975 0.000965 4.25e-05 2.5e-06 0 0 0 0 0 0 0 0 0 0 0 0 
1 0.700452 0.354418 0.104705 0.014965 0.0010375 4.25e-05 0 0 0 0 0 0 0 0 0 0 0 0 0 
1 0.701358 0.355633 0.104378 0.0145775 0.001055 4e-05 2.5e-06 0 0 0 0 0 0 0 0 0 0 0 0 
1 0.700045 0.354008 0.10433 0.0145825 0.0010775 3.5e-05 0 0 0 0 0 0 0 0 0 0 0 0 0 
1 0.700857 0.354075 0.104638 0.0150025 0.001065 5.25e-05 5e-06 0 0 0 0 0 0 0 0 0 0 0 0 
1 0.700398 0.354045 0.103655 0.014655 0.0010425 3.5e-05 2.5e-06 0 0 0 0 0 0 0 0 0 0 0 0 
1 0.699727 0.35098 0.102645 0.014615 0.0009425 3.5e-05 0 0 0 0 0 0 0 0 0 0 0 0 0 
1 0.699748 0.3549 0.10413 0.0146425 0.001 4e-05 2.5e-06 0 0 0 0 0 0 0 0 0 0 0 0 
1 0.699837 0.35359 0.10314 0.01452 0.0010025 6.5e-05 0 0 0 0 0 0 0 0 0 0 0 0 0 
1 0.69954 0.353195 0.104488 0.0151225 0.0011075 4e-05 2.5e-06 0 0 0 0 0 0 0 0 0 0 0 0 
1 0.700522 0.354493 0.105488 0.0155475 0.0010175 4.5e-05 0 0 0 0 0 0 0 0 0 0 0 0 0 
1 0.700328 0.354845 0.104045 0.01478 0.001065 6e-05 7.5e-06 2.5e-06 0 0 0 0 0 0 0 0 0 0 0 
1 0.702793 0.356693 0.105473 0.0154575 0.0011675 5.5e-05 2.5e-06 0 0 0 0 0 0 0 0 0 0 0 0 
1 0.700913 0.354158 0.104388 0.0144625 0.00104 4e-05 0 0 0 0 0 0 0 0 0 0 0 0 0 
1 0.700437 0.35546 0.104943 0.015285 0.0011675 4.5e-05 2.5e-06 0 0 0 0 0 0 0 0 0 0 0 0 
1 0.69858 0.35219 0.10381 0.0148925 0.0010725 4.5e-05 0 0 0 0 0 0 0 0 0 0 0 0 0 
1 0.699487 0.353508 0.10403 0.0144075 0.0010575 4.75e-05 0 0 0 0 0 0 0 0 0 0 0 0 0 
1 0.69857 0.34966 0.102443 0.0145725 0.0010225 2.5e-05 0 0 0 0 0 0 0 0 0 0 0 0 0 
1 0.699482 0.35471 0.10492 0.0148925 0.0010525 5.25e-05 5e-06 0 0 0 0 0 0 0 0 0 0 0 0 
1 0.698928 0.352368 0.102138 0.01447 0.0009575 2.5e-05 0 0 0 0 0 0 0 0 0 0 0 0 0 
1 0.698045 0.35113 0.101658 0.013975 0.0009025 3.75e-05 0 0 0 0 0 0 0 0 0 0 0 0 0 
1 0.701732 0.35545 0.103575 0.0147325 0.001175 4.75e-05 7.5e-06 0 0 0 0 0 0 0 0 0 0 0 0 
1 0.701192 0.355995 0.105885 0.01518 0.0010675 4.25e-05 2.5e-06 0 0 0 0 0 0 0 0 0 0 0 0 
1 0.699618 0.353585 0.102933 0.01462 0.00104 3.75e-05 0 0 0 0 0 0 0 0 0 0 0 0 0 
1 0.697985 0.34981 0.101335 0.014065 0.00102 5.5e-05 0 0 0 0 0 0 0 0 0 0 0 0 0 
1 0.700773 0.3554 0.105308 0.0152975 0.00107 6.5e-05 5e-06 2.5e-06 2.5e-06 0 0 0 0 0 0 0 0 0 0 
1 0.69923 0.35381 0.104545 0.01539 0.0010925 6.25e-05 0 0 0 0 0 0 0 0 0 0 0 0 0 
1 0.700385 0.35321 0.103023 0.0147475 0.001015 7.5e-05 0 0 0 0 0 0 0 0 0 0 0 0 0 
1 0.700632 0.354873 0.10432 0.01496 0.0010725 5.75e-05 2.5e-06 0 0 0 0 0 0 0 0 0 0 0 0 
1 0.699653 0.35267 0.103795 0.01485 0.0010625 4.75e-05 2.5e-06 0 0 0 0 0 0 0 0 0 0 0 0 
1 0.698328 0.35103 0.101695 0.0141125 0.0009775 3.75e-05 0 0 0 0 0 0 0 0 0 0 0 0 0 
1 0.701657 0.355185 0.103975 0.01492 0.001115 5.75e-05 0 0 0 0 0 0 0 0 0 0 0 0 0 
1 0.69975 0.353203 0.104078 0.015095 0.001005 3.5e-05 0 0 0 0 0 0 0 0 0 0 0 0 0 
1 0.69881 0.352018 0.102428 0.014305 0.000945 5.25e-05 2.5e-06 0 0 0 0 0 0 0 0 0 0 0 0 
1 0.69882 0.35256 0.103615 0.0147725 0.0011 5e-05 7.5e-06 0 0 0 0 0 0 0 0 0 0 0 0 
1 0.699933 0.351478 0.103248 0.0144275 0.000915 3e-05 0 0 0 0 0 0 0 0 0 0 0 0 0 
1 0.702093 0.358013 0.10619 0.015055 0.00103 6.5e-05 5e-06 0 0 0 0 0 0 0 0 0 0 0 0 
1 0.700223 0.35366 0.10408 0.0147 0.001055 5.25e-05 2.5e-06 0 0 0 0 0 0 0 0 0 0 0 0 
1 0.700378 0.3558 0.105963 0.0155175 0.0011825 6e-05 2.5e-06 0 0 0 0 0 0 0 0 0 0 0 0 
1 0.699605 0.352838 0.103748 0.014615 0.000885 4.75e-05 5e-06 0 0 0 0 0 0 0 0 0 0 0 0 
1 0.70252 0.357563 0.106538 0.0149075 0.00109 2.5e-05 0 0 0 0 0 0 0 0 0 0 0 0 0 
1 0.70178 0.354153 0.10396 0.014525 0.0010375 4.75e-05 0 0 0 0 0 0 0 0 0 0 0 0 0 
1 0.700773 0.355755 0.104888 0.0146925 0.00102 3e-05 0 0 0 0 0 0 0 0 0 0 0 0 0 
1 0.699713 0.353015 0.102185 0.0140675 0.0009025 2.75e-05 0 0 0 0 0 0 0 0 0 0 0 0 0 
1 0.698308 0.350988 0.102985 0.01462 0.001025 4e-05 2.5e-06 0 0 0 0 0 0 0 0 0 0 0 0 
1 0.702597 0.356258 0.10593 0.01515 0.00102 3.25e-05 2.5e-06 0 0 0 0 0 0 0 0 0 0 0 0 
1 0.698433 0.35148 0.10209 0.0144 0.0010075 3e-05 2.5e-06 0 0 0 0 0 0 0 0 0 0 0 0 
1 0.699667 0.355018 0.10591 0.015005 0.0010825 5.25e-05 0 0 0 0 0 0 0 0 0 0 0 0 0 
1 0.69797 0.352238 0.104435 0.01496 0.0010825 4.25e-05 0 0 0 0 0 0 0 0 0 0 0 0 0 
1 0.6993 0.353135 0.10295 0.0145025 0.00102 4e-05 0 0 0 0 0 0 0 0 0 0 0 0 0 
1 0.69886 0.353265 0.104873 0.01524 0.0010125 4.75e-05 2.5e-06 0 0 0 0 0 0 0 0 0 0 0 0 
1 0.70063 0.35572 0.1056 0.015015 0.00112 3.75e-05 0 0 0 0 0 0 0 0 0 0 0 0 0 
1 0.69838 0.351815 0.103945 0.0148 0.001075 3.75e-05 5e-06 0 0 0 0 0 0 0 0 0 0 0 0 
1 0.698825 0.351775 0.102545 0.014525 0.001025 6.5e-05 5e-06 0 0 0 0 0 0 0 0 0 0 0 0 
1 0.699505 0.35323 0.104175 0.014795 0.0009425 4.5e-05 0 0 0 0 0 0 0 0 0 0 0 0 0 
1 0.70063 0.354623 0.105083 0.0151425 0.00114 6.25e-05 2.5e-06 0 0 0 0 0 0 0 0 0 0 0 0 
1 0.702533 0.354915 0.105133 0.015015 0.0010225 5.75e-05 0 0 0 0 0 0 0 0 0 0 0 0 0 
1 0.69869 0.350228 0.102355 0.0144875 0.0010475 5.75e-05 2.5e-06 0 0 0 0 0 0 0 0 0 0 0 0 
1 0.69982 0.35362 0.10332 0.014975 0.0011375 4.25e-05 0 0 0 0 0 0 0 0 0 0 0 0 0 
1 0.697795 0.350723 0.101688 0.0141375 0.000985 5.25e-05 7.5e-06 0 0 0 0 0 0 0 0 0 0 0 0 
1 0.698912 0.35164 0.102638 0.0141425 0.000975 2e-05 5e-06 0 0 0 0 0 0 0 0 0 0 0 0 
1 0.698632 0.352598 0.10351 0.0148 0.0010575 6.25e-05 5e-06 0 0 0 0 0 0 0 0 0 0 0 0 
1 0.700878 0.352958 0.103878 0.0151375 0.001165 5.5e-05 2.5e-06 0 0 0 0 0 0 0 0 0 0 0 0 
1 0.700997 0.354353 0.104063 0.01499 0.0011225 7.5e-05 2.5e-06 0 0 0 0 0 0 0 0 0 0 0 0 
1 0.700522 0.353795 0.104475 0.0155175 0.0010775 6.25e-05 5e-06 0 0 0 0 0 0 0 0 0 0 0 0 
1 0.699015 0.354685 0.104658 0.0142725 0.0008875 3.25e-05 5e-06 0 0 0 0 0 0 0 0 0 0 0 0 
1 0.698172 0.351463 0.101858 0.01419 0.0010425 4.75e-05 0 0 0 0 0 0 0 0 0 0 0 0 0 
1 0.699635 0.351968 0.103368 0.01475 0.0009375 4.25e-05 0 0 0 0 0 0 0 0 0 0 0 0 0 
1 0.69942 0.352283 0.103363 0.0144825 0.001015 4.5e-05 0 0 0 0 0 0 0 0 0 0 0 0 0 
1 0.700947 0.35503 0.104968 0.0150175 0.0010125 4.5e-05 0 0 0 0 0 0 0 0 0 0 0 0 0 
1 0.700835 0.354338 0.104765 0.01525 0.0011275 6.25e-05 2.5e-06 0 0 0 0 0 0 0 0 0 0 0 0 
1 0.700033 0.353655 0.104108 0.0148425 0.0010525 3.75e-05 0 0 0 0 0 0 0 0 0 0 0 0 0 
1 0.700513 0.353678 0.104973 0.015405 0.00117 2.75e-05 0 0 0 0 0 0 0 0 0 0 0 0 0 
1 0.701328 0.353995 0.104153 0.015145 0.001155 6e-05 2.5e-06 0 0 0 0 0 0 0 0 0 0 0 0 
1 0.70352 0.358058 0.107085 0.015615 0.0011375 5.25e-05 2.5e-06 0 0 0 0 0 0 0 0 0 0 0 0 
1 0.699655 0.35378 0.10334 0.014745 0.0010875 3.75e-05 2.5e-06 0 0 0 0 0 0 0 0 0 0 0 0 
1 0.701098 0.353885 0.103948 0.0147375 0.00102 3.25e-05 2.5e-06 0 0 0 0 0 0 0 0 0 0 0 0 
1 0.7006 0.35411 0.103523 0.014495 0.0010275 5e-05 2.5e-06 0 0 0 0 0 0 0 0 0 0 0 0 
1 0.697477 0.350575 0.101548 0.0142575 0.000965 2.75e-05 1e-05 0 0 0 0 0 0 0 0 0 0 0 0 
1 0.698773 0.35213 0.103623 0.0148075 0.001035 5.25e-05 2.5e-06 0 0 0 0 0 0 0 0 0 0 0 0 
1 0.70068 0.355085 0.104478 0.0149275 0.0010625 7.75e-05 2.5e-06 0 0 0 0 0 0 0 0 0 0 0 0 
1 0.695913 0.351205 0.102955 0.01426 0.0010225 4e-05 0 0 0 0 0 0 0 0 0 0 0 0 0 
1 0.699065 0.351695 0.102528 0.0143325 0.001005 3.75e-05 0 0 0 0 0 0 0 0 0 0 0 0 0 
1 0.69939 0.351815 0.102523 0.0143075 0.00098 3.75e-05 0 0 0 0 0 0 0 0 0 0 0 0 0 
1 0.700765 0.356733 0.106065 0.0154375 0.0011825 6.75e-05 5e-06 0 0 0 0 0 0 0 0 0 0 0 0 
1 0.699133 0.354108 0.104658 0.015055 0.00112 3.25e-05 0 0 0 0 0 0 0 0 0 0 0 0 0 
1 0.699073 0.352085 0.10265 0.01431 0.000985 3.5e-05 0 0 0 0 0 0 0 0 0 0 0 0 0 
1 0.69822 0.349368 0.101293 0.01371 0.0009575 5e-05 2.5e-06 0 0 0 0 0 0 0 0 0 0 0 0 
1 0.698945 0.352873 0.10316 0.0147725 0.001065 7.25e-05 0 0 0 0 0 0 0 0 0 0 0 0 0 
1 0.702362 0.35683 0.106288 0.015545 0.0012875 5.75e-05 5e-06 0 0 0 0 0 0 0 0 0 0 0 0 
1 0.70061 0.35363 0.103188 0.0144625 0.0010525 4e-05 2.5e-06 0 0 0 0 0 0 0 0 0 0 0 0 
1 0.700947 0.354268 0.104298 0.01467 0.0010125 5.5e-05 0 0 0 0 0 0 0 0 0 0 0 0 0 
1 0.698412 0.351318 0.10157 0.0139375 0.0009775 3.5e-05 0 0 0 0 0 0 0 0 0 0 0 0 0 
1 0.69895 0.35075 0.101795 0.01398 0.0009675 3.75e-05 0 0 0 0 0 0 0 0 0 0 0 0 0 
1 0.698358 0.352053 0.102868 0.014835 0.0011375 4.75e-05 2.5e-06 0 0 0 0 0 0 0 0 0 0 0 0 
1 0.698325 0.351198 0.101923 0.0147475 0.00096 4e-05 0 0 0 0 0 0 0 0 0 0 0 0 0 
1 0.700238 0.354658 0.105545 0.01507 0.0010425 4.75e-05 0 0 0 0 0 0 0 0 0 0 0 0 0 
1 0.701747 0.355823 0.104823 0.0151925 0.00114 4.75e-05 0 0 0 0 0 0 0 0 0 0 0 0 0 
1 0.70019 0.352158 0.10294 0.0145225 0.0009475 5.25e-05 2.5e-06 0 0 0 0 0 0 0 0 0 0 0 0 
1 0.699665 0.35538 0.104763 0.0150725 0.0011025 4.5e-05 2.5e-06 2.5e-06 0 0 0 0 0 0 0 0 0 0 0 
1 0.700423 0.355585 0.105543 0.0154025 0.00112 4.5e-05 0 0 0 0 0 0 0 0 0 0 0 0 0 
1 0.701345 0.354653 0.104423 0.0150825 0.0011375 6.25e-05 5e-06 0 0 0 0 0 0 0 0 0 0 0 0 
1 0.700773 0.354698 0.104505 0.015065 0.0011175 6.25e-05 2.5e-06 0 0 0 0 0 0 0 0 0 0 0 0 
1 0.69845 0.3524 0.10281 0.014275 0.0010375 3.75e-05 0 0 0 0 0 0 0 0 0 0 0 0 0 
1 0.700567 0.355618 0.104785 0.0148325 0.001035 4.25e-05 2.5e-06 0 0 0 0 0 0 0 0 0 0 0 0 
1 0.701735 0.358013 0.10725 0.0155625 0.0011125 5.75e-05 5e-06 0 0 0 0 0 0 0 0 0 0 0 0 
1 0.69947 0.352433 0.103458 0.01447 0.0010275 5.25e-05 2.5e-06 0 0 0 0 0 0 0 0 0 0 0 0 
1 0.697338 0.351188 0.102045 0.014615 0.00102 6.75e-05 2.5e-06 0 0 0 0 0 0 0 0 0 0 0 0 
1 0.69988 0.354698 0.103945 0.0150175 0.000975 2e-05 2.5e-06 0 0 0 0 0 0 0 0 0 0 0 0 
1 0.700715 0.354968 0.105103 0.01493 0.0011875 4.75e-05 0 0 0 0 0 0 0 0 0 0 0 0 0 
1 0.699573 0.353913 0.103763 0.01499 0.001015 3e-05 0 0 0 0 0 0 0 0 0 0 0 0 0 
1 0.702615 0.356588 0.105735 0.015265 0.0010875 7.75e-05 5e-06 0 0 0 0 0 0 0 0 0 0 0 0 
1 0.699473 0.354708 0.10398 0.0146125 0.00106 4e-05 5e-06 0 0 0 0 0 0 0 0 0 0 0 0 
1 0.698952 0.350955 0.102813 0.0141975 0.001075 5.25e-05 2.5e-06 0 0 0 0 0 0 0 0 0 0 0 0 
1 0.698357 0.35361 0.104123 0.0147025 0.001115 7e-05 5e-06 0 0 0 0 0 0 0 0 0 0 0 0 
1 0.701135 0.357485 0.10735 0.015645 0.0011075 4.25e-05 2.5e-06 0 0 0 0 0 0 0 0 0 0 0 0 
1 0.698085 0.35074 0.102785 0.014645 0.00103 5e-05 0 0 0 0 0 0 0 0 0 0 0 0 0 
1 0.701123 0.355688 0.105325 0.015 0.0011125 5.75e-05 5e-06 0 0 0 0 0 0 0 0 0 0 0 0 
1 0.700448 0.354873 0.10355 0.0149525 0.0011725 5.25e-05 2.5e-06 0 0 0 0 0 0 0 0 0 0 0 0 
1 0.701465 0.354183 0.103655 0.0151775 0.0011575 3.5e-05 0 0 0 0 0 0 0 0 0 0 0 0 0 
1 0.700458 0.355013 0.104388 0.01507 0.00117 8.25e-05 2.5e-06 0 0 0 0 0 0 0 0 0 0 0 0 
1 0.701075 0.35566 0.105268 0.0151475 0.0011 6e-05 5e-06 0 0 0 0 0 0 0 0 0 0 0 0 
1 0.699415 0.351985 0.103428 0.0147475 0.00104 5e-05 0 0 0 0 0 0 0 0 0 0 0 0 0 
1 0.698212 0.353913 0.10464 0.0148875 0.001175 5.75e-05 0 0 0 0 0 0 0 0 0 0 0 0 0 
1 0.699433 0.353135 0.104245 0.014675 0.00092 3.75e-05 0 0 0 0 0 0 0 0 0 0 0 0 0 
1 0.699355 0.353383 0.104073 0.0148625 0.0010425 2.5e-05 0 0 0 0 0 0 0 0 0 0 0 0 0 
1 0.699503 0.352675 0.104098 0.0147225 0.0009625 4.75e-05 0 0 0 0 0 0 0 0 0 0 0 0 0 
1 0.702845 0.35814 0.10688 0.015565 0.0011375 5e-05 2.5e-06 0 0 0 0 0 0 0 0 0 0 0 0 
1 0.700425 0.35557 0.104903 0.014675 0.001 1.75e-05 0 0 0 0 0 0 0 0 0 0 0 0 0 
1 0.701773 0.356288 0.104653 0.01491 0.0010625 5.25e-05 2.5e-06 0 0 0 0 0 0 0 0 0 0 0 0 
1 0.699152 0.352553 0.10249 0.01418 0.0008725 4e-05 0 0 0 0 0 0 0 0 0 0 0 0 0 
1 0.697993 0.350263 0.101243 0.014055 0.000985 5.25e-05 2.5e-06 0 0 0 0 0 0 0 0 0 0 0 0 
1 0.701065 0.355725 0.105743 0.0153175 0.0011575 6.25e-05 0 0 0 0 0 0 0 0 0 0 0 0 0 
1 0.699477 0.351605 0.10198 0.013645 0.000865 4e-05 5e-06 0 0 0 0 0 0 0 0 0 0 0 0 
1 0.700545 0.355 0.105255 0.0151975 0.0011325 4e-05 2.5e-06 0 0 0 0 0 0 0 0 0 0 0 0 
1 0.699343 0.352545 0.10342 0.0150225 0.001045 5.25e-05 0 0 0 0 0 0 0 0 0 0 0 0 0 
1 0.69919 0.35464 0.10453 0.0147175 0.0009925 3.25e-05 0 0 0 0 0 0 0 0 0 0 0 0 0 
1 0.698845 0.353103 0.102643 0.014035 0.000875 5.25e-05 1e-05 0 0 0 0 0 0 0 0 0 0 0 0 
1 0.699665 0.353008 0.10339 0.01455 0.001055 5e-05 2.5e-06 0 0 0 0 0 0 0 0 0 0 0 0 
1 0.699925 0.352813 0.10356 0.0148575 0.00112 7e-05 0 0 0 0 0 0 0 0 0 0 0 0 0 
1 0.69869 0.352015 0.102838 0.014465 0.0011 8.75e-05 0 0 0 0 0 0 0 0 0 0 0 0 0 
1 0.698863 0.352038 0.10306 0.0145525 0.0009675 5e-05 0 0 0 0 0 0 0 0 0 0 0 0 0 
1 0.69913 0.35353 0.102635 0.0141075 0.0009175 4e-05 2.5e-06 0 0 0 0 0 0 0 0 0 0 0 0 
1 0.697703 0.351113 0.102105 0.0142375 0.00099 4.25e-05 0 0 0 0 0 0 0 0 0 0 0 0 0 
1 0.701053 0.353995 0.103745 0.01459 0.0011 4e-05 0 0 0 0 0 0 0 0 0 0 0 0 0 
1 0.701455 0.355088 0.104795 0.0150625 0.0010625 5.5e-05 0 0 0 0 0 0 0 0 0 0 0 0 0 
1 0.699098 0.354495 0.104415 0.0152 0.0011725 6.5e-05 0 0 0 0 0 0 0 0 0 0 0 0 0 
1 0.699737 0.353875 0.103838 0.0147525 0.0009075 2.75e-05 0 0 0 0 0 0 0 0 0 0 0 0 0 
1 0.699825 0.351623 0.10229 0.01442 0.00104 2.5e-05 2.5e-06 0 0 0 0 0 0 0 0 0 0 0 0 
1 0.700035 0.352323 0.102858 0.01433 0.000975 5e-05 0 0 0 0 0 0 0 0 0 0 0 0 0 
1 0.701645 0.354128 0.103913 0.0148875 0.000985 6.5e-05 2.5e-06 0 0 0 0 0 0 0 0 0 0 0 0 
1 0.700135 0.35542 0.10414 0.0147275 0.00113 6e-05 0 0 0 0 0 0 0 0 0 0 0 0 0 
1 0.699352 0.352325 0.102978 0.0144425 0.000985 4e-05 0 0 0 0 0 0 0 0 0 0 0 0 0 
1 0.698285 0.352373 0.102875 0.014985 0.00101 3.5e-05 0 0 0 0 0 0 0 0 0 0 0 0 0 
1 0.69993 0.354135 0.103738 0.0149425 0.001105 5.75e-05 2.5e-06 0 0 0 0 0 0 0 0 0 0 0 0 
1 0.702455 0.35772 0.107483 0.0158725 0.001415 0.0001 2.5e-06 0 0 0 0 0 0 0 0 0 0 0 0 
1 0.69869 0.35098 0.102143 0.01398 0.00101 6.25e-05 7.5e-06 0 0 0 0 0 0 0 0 0 0 0 0 
1 0.69952 0.352963 0.103405 0.0144875 0.0010625 3e-05 0 0 0 0 0 0 0 0 0 0 0 0 0 
1 0.696817 0.348515 0.101448 0.01436 0.000965 5.5e-05 2.5e-06 0 0 0 0 0 0 0 0 0 0 0 0 
1 0.702428 0.356698 0.10632 0.0153775 0.0011425 4.75e-05 0 0 0 0 0 0 0 0 0 0 0 0 0 
1 0.700995 0.35515 0.105115 0.0150125 0.00099 4e-05 2.5e-06 0 0 0 0 0 0 0 0 0 0 0 0 
1 0.69879 0.353185 0.10331 0.01481 0.0010375 3.5e-05 0 0 0 0 0 0 0 0 0 0 0 0 0 
1 0.70279 0.357343 0.106853 0.0155925 0.0011425 8.25e-05 5e-06 0 0 0 0 0 0 0 0 0 0 0 0 
1 0.701825 0.35703 0.105728 0.01502 0.0010625 3.75e-05 2.5e-06 0 0 0 0 0 0 0 0 0 0 0 0 
1 0.70027 0.354588 0.104295 0.0145025 0.001055 6e-05 0 0 0 0 0 0 0 0 0 0 0 0 0 
1 0.69914 0.351975 0.102813 0.0147825 0.001105 3e-05 0 0 0 0 0 0 0 0 0 0 0 0 0 
1 0.700422 0.354063 0.10405 0.014705 0.0009775 3.75e-05 5e-06 0 0 0 0 0 0 0 0 0 0 0 0 
1 0.69714 0.349288 0.101735 0.0140525 0.000905 3e-05 2.5e-06 0 0 0 0 0 0 0 0 0 0 0 0 
1 0.69942 0.353188 0.10373 0.01477 0.001055 4.25e-05 2.5e-06 0 0 0 0 0 0 0 0 0 0 0 0 
1 0.70047 0.35409 0.104195 0.014815 0.0010825 3.75e-05 2.5e-06 0 0 0 0 0 0 0 0 0 0 0 0 
1 0.700048 0.355195 0.104125 0.0147925 0.00105 4.5e-05 0 0 0 0 0 0 0 0 0 0 0 0 0 
1 0.70048 0.35391 0.105368 0.0149775 0.000985 3.75e-05 0 0 0 0 0 0 0 0 0 0 0 0 0 
1 0.700382 0.35315 0.103528 0.01502 0.001095 6.25e-05 2.5e-06 0 0 0 0 0 0 0 0 0 0 0 0 
1 0.701227 0.355728 0.105065 0.015195 0.0011125 5.75e-05 2.5e-06 0 0 0 0 0 0 0 0 0 0 0 0 
1 0.69989 0.354385 0.103435 0.014255 0.000905 5.25e-05 0 0 0 0 0 0 0 0 0 0 0 0 0 
1 0.699225 0.353403 0.103675 0.01402 0.0009 5.75e-05 2.5e-06 0 0 0 0 0 0 0 0 0 0 0 0 
1 0.700938 0.355245 0.105005 0.0154725 0.00107 4.5e-05 0 0 0 0 0 0 0 0 0 0 0 0 0 
1 0.700068 0.354055 0.105055 0.014445 0.00114 4.75e-05 2.5e-06 0 0 0 0 0 0 0 0 0 0 0 0 
1 0.700615 0.356628 0.10603 0.0152775 0.0010475 3.25e-05 0 0 0 0 0 0 0 0 0 0 0 0 0 
1 0.702145 0.357018 0.10551 0.015125 0.0011625 8e-05 2.5e-06 0 0 0 0 0 0 0 0 0 0 0 0 
1 0.699388 0.35496 0.105008 0.01503 0.00109 4.75e-05 0 0 0 0 0 0 0 0 0 0 0 0 0 
1 0.700492 0.354243 0.104253 0.0151375 0.0012475 7e-05 5e-06 0 0 0 0 0 0 0 0 0 0 0 0 
1 0.699255 0.35228 0.103445 0.014605 0.0009775 6.25e-05 2.5e-06 0 0 0 0 0 0 0 0 0 0 0 0 
1 0.698823 0.350993 0.101208 0.0139475 0.0009275 5e-05 2.5e-06 0 0 0 0 0 0 0 0 0 0 0 0 
1 0.699743 0.352433 0.103678 0.01506 0.0012975 7.5e-05 2.5e-06 0 0 0 0 0 0 0 0 0 0 0 0 
1 0.70004 0.35459 0.104888 0.0148525 0.00111 5.25e-05 0 0 0 0 0 0 0 0 0 0 0 0 0 
1 0.700735 0.354058 0.103783 0.01474 0.0009475 6.75e-05 2.5e-06 0 0 0 0 0 0 0 0 0 0 0 0 
1 0.700282 0.353128 0.103543 0.0147175 0.0009575 5.75e-05 0 0 0 0 0 0 0 0 0 0 0 0 0 
1 0.701067 0.35568 0.105045 0.015235 0.0010675 5.5e-05 5e-06 0 0 0 0 0 0 0 0 0 0 0 0 
1 0.699978 0.355085 0.10554 0.015195 0.001095 6.5e-05 0 0 0 0 0 0 0 0 0 0 0 0 0 
1 0.699808 0.354075 0.104463 0.01479 0.0010075 5.25e-05 0 0 0 0 0 0 0 0 0 0 0 0 0 
1 0.69765 0.350328 0.102568 0.0147 0.0010925 3.5e-05 0 0 0 0 0 0 0 0 0 0 0 0 0 
1 0.698768 0.352105 0.10309 0.014945 0.0010225 3.5e-05 0 0 0 0 0 0 0 0 0 0 0 0 0 
1 0.69956 0.355915 0.104753 0.01506 0.0010575 5.25e-05 2.5e-06 0 0 0 0 0 0 0 0 0 0 0 0 
1 0.700877 0.353883 0.103905 0.01474 0.0010375 4.5e-05 0 0 0 0 0 0 0 0 0 0 0 0 0 
1 0.701458 0.35562 0.105093 0.015 0.0012275 7e-05 2.5e-06 0 0 0 0 0 0 0 0 0 0 0 0 
1 0.70045 0.353403 0.102675 0.01451 0.0010675 5.75e-05 2.5e-06 0 0 0 0 0 0 0 0 0 0 0 0 
1 0.69802 0.351495 0.101933 0.0145575 0.001115 7.25e-05 1.5e-05 0 0 0 0 0 0 0 0 0 0 0 0 
1 0.701547 0.354663 0.1039 0.0149825 0.0010525 5.5e-05 2.5e-06 0 0 0 0 0 0 0 0 0 0 0 0 
1 0.70078 0.354825 0.104503 0.014735 0.0010175 5e-05 0 0 0 0 0 0 0 0 0 0 0 0 0 
1 0.698898 0.353373 0.10349 0.0146275 0.0010375 5e-05 0 0 0 0 0 0 0 0 0 0 0 0 0 
1 0.69994 0.35416 0.103513 0.0146075 0.001065 4.25e-05 0 0 0 0 0 0 0 0 0 0 0 0 0 
1 0.70016 0.352458 0.10309 0.0141875 0.00094 4.75e-05 2.5e-06 0 0 0 0 0 0 0 0 0 0 0 0 
1 0.699683 0.353248 0.10398 0.014555 0.0009725 4.5e-05 2.5e-06 0 0 0 0 0 0 0 0 0 0 0 0 
1 0.703597 0.359855 0.107835 0.01586 0.00121 5.75e-05 5e-06 0 0 0 0 0 0 0 0 0 0 0 0 
1 0.698918 0.35289 0.102843 0.014635 0.0010325 4e-05 0 0 0 0 0 0 0 0 0 0 0 0 0 
1 0.702092 0.355763 0.105605 0.015345 0.0010825 5e-05 0 0 0 0 0 0 0 0 0 0 0 0 0 
1 0.699218 0.35284 0.103385 0.01498 0.001115 5e-05 5e-06 0 0 0 0 0 0 0 0 0 0 0 0 
1 0.699015 0.353325 0.103875 0.014645 0.001035 5.75e-05 2.5e-06 0 0 0 0 0 0 0 0 0 0 0 0 
1 0.698638 0.352983 0.103255 0.0144375 0.0010875 6.25e-05 2.5e-06 0 0 0 0 0 0 0 0 0 0 0 0 
1 0.699597 0.35227 0.10284 0.014655 0.0010025 3.5e-05 0 0 0 0 0 0 0 0 0 0 0 0 0 
1 0.700163 0.353503 0.103663 0.01512 0.001195 8.5e-05 2.5e-06 0 0 0 0 0 0 0 0 0 0 0 0 
1 0.701145 0.353835 0.102805 0.014585 0.0009675 5.25e-05 5e-06 0 0 0 0 0 0 0 0 0 0 0 0 
1 0.7029 0.357058 0.106368 0.015155 0.0010975 3.75e-05 0 0 0 0 0 0 0 0 0 0 0 0 0 
1 0.699738 0.354498 0.104815 0.01516 0.0012125 5e-05 5e-06 0 0 0 0 0 0 0 0 0 0 0 0 
1 0.699727 0.35261 0.103223 0.0150225 0.0011525 5.5e-05 0 0 0 0 0 0 0 0 0 0 0 0 0 
1 0.701208 0.355413 0.105113 0.015655 0.0011475 3.75e-05 0 0 0 0 0 0 0 0 0 0 0 0 0 
1 0.697383 0.349723 0.102228 0.0143375 0.0009825 3.75e-05 0 0 0 0 0 0 0 0 0 0 0 0 0 
1 0.696675 0.348288 0.100163 0.0138575 0.0009 2.25e-05 0 0 0 0 0 0 0 0 0 0 0 0 0 
1 0.699218 0.353088 0.103763 0.0148075 0.0010675 5.25e-05 0 0 0 0 0 0 0 0 0 0 0 0 0 
1 0.699898 0.351768 0.103438 0.01488 0.001025 6e-05 2.5e-06 0 0 0 0 0 0 0 0 0 0 0 0 
1 0.702402 0.356593 0.106718 0.0154525 0.001095 4.25e-05 0 0 0 0 0 0 0 0 0 0 0 0 0 
1 0.697603 0.350113 0.101398 0.01417 0.00094 3.5e-05 0 0 0 0 0 0 0 0 0 0 0 0 0 
1 0.700335 0.353098 0.10299 0.0143275 0.0009025 4.5e-05 5e-06 0 0 0 0 0 0 0 0 0 0 0 0 
1 0.701587 0.357208 0.106713 0.015575 0.001115 6.25e-05 0 0 0 0 0 0 0 0 0 0 0 0 0 
1 0.700922 0.3527 0.10263 0.014495 0.001025 4.75e-05 0 0 0 0 0 0 0 0 0 0 0 0 0 
1 0.702778 0.356623 0.106343 0.0159025 0.0011525 6.25e-05 2.5e-06 0 0 0 0 0 0 0 0 0 0 0 0 
1 0.70027 0.353763 0.104745 0.015435 0.0011275 6e-05 0 0 0 0 0 0 0 0 0 0 0 0 0 
1 0.700373 0.35287 0.103658 0.0148775 0.001185 7.25e-05 2.5e-06 0 0 0 0 0 0 0 0 0 0 0 0 
1 0.698293 0.352125 0.10254 0.0145375 0.001045 5e-05 0 0 0 0 0 0 0 0 0 0 0 0 0 
1 0.702898 0.358008 0.106063 0.0152175 0.0010625 3.5e-05 0 0 0 0 0 0 0 0 0 0 0 0 0 
1 0.70044 0.354218 0.104335 0.014855 0.001005 4.5e-05 0 0 0 0 0 0 0 0 0 0 0 0 0 
1 0.69904 0.353615 0.102475 0.0143975 0.000945 4.25e-05 7.5e-06 0 0 0 0 0 0 0 0 0 0 0 0 
1 0.700367 0.35408 0.103483 0.0145525 0.00108 5.75e-05 2.5e-06 0 0 0 0 0 0 0 0 0 0 0 0 
1 0.702065 0.356333 0.105693 0.0151525 0.001095 4.5e-05 2.5e-06 0 0 0 0 0 0 0 0 0 0 0 0 
1 0.697975 0.353398 0.10409 0.0142675 0.001005 5.75e-05 0 0 0 0 0 0 0 0 0 0 0 0 0 
1 0.69945 0.352925 0.102958 0.0143725 0.0010375 2.75e-05 0 0 0 0 0 0 0 0 0 0 0 0 0 
1 0.698997 0.353538 0.10446 0.0150425 0.001055 3.5e-05 2.5e-06 0 0 0 0 0 0 0 0 0 0 0 0 
1 0.701425 0.355983 0.10487 0.0147875 0.001055 5.5e-05 0 0 0 0 0 0 0 0 0 0 0 0 0 
1 0.699215 0.351013 0.102413 0.014285 0.0010375 5.5e-05 5e-06 0 0 0 0 0 0 0 0 0 0 0 0 
1 0.699985 0.354305 0.10359 0.0150625 0.0010775 6.5e-05 5e-06 0 0 0 0 0 0 0 0 0 0 0 0 
1 0.700063 0.35424 0.104325 0.014735 0.0009125 3.5e-05 2.5e-06 0 0 0 0 0 0 0 0 0 0 0 0 
1 0.701087 0.35461 0.104263 0.01555 0.001165 5.75e-05 0 0 0 0 0 0 0 0 0 0 0 0 0 
1 0.699877 0.352368 0.10382 0.0147875 0.0010775 4.25e-05 0 0 0 0 0 0 0 0 0 0 0 0 0 
1 0.700915 0.353858 0.103973 0.0146875 0.0011325 3.25e-05 0 0 0 0 0 0 0 0 0 0 0 0 0 
1 0.6989 0.352545 0.104015 0.014935 0.00108 3.75e-05 0 0 0 0 0 0 0 0 0 0 0 0 0 
1 0.699792 0.352498 0.103513 0.014825 0.0010125 5e-05 0 0 0 0 0 0 0 0 0 0 0 0 0 
1 0.699433 0.352273 0.103325 0.015165 0.0011275 4.5e-05 0 0 0 0 0 0 0 0 0 0 0 0 0 
1 0.698472 0.351855 0.101498 0.0143175 0.0009625 3.5e-05 0 0 0 0 0 0 0 0 0 0 0 0 0 
1 0.70216 0.355898 0.10549 0.0152675 0.001095 5.5e-05 2.5e-06 0 0 0 0 0 0 0 0 0 0 0 0 
1 0.700807 0.355113 0.105908 0.0156 0.0012925 8.25e-05 0 0 0 0 0 0 0 0 0 0 0 0 0 
1 0.70048 0.354185 0.10395 0.0145575 0.00099 5.5e-05 2.5e-06 0 0 0 0 0 0 0 0 0 0 0 0 
1 0.698927 0.353098 0.103893 0.015115 0.001225 7e-05 0 0 0 0 0 0 0 0 0 0 0 0 0 
1 0.70118 0.355563 0.105175 0.0152925 0.00109 4.5e-05 2.5e-06 0 0 0 0 0 0 0 0 0 0 0 0 
1 0.700047 0.35228 0.103208 0.0146475 0.001045 3.5e-05 5e-06 0 0 0 0 0 0 0 0 0 0 0 0 
1 0.70101 0.353885 0.10471 0.0156875 0.00119 6e-05 0 0 0 0 0 0 0 0 0 0 0 0 0 
1 0.699488 0.353455 0.10358 0.01425 0.000915 3.25e-05 2.5e-06 0 0 0 0 0 0 0 0 0 0 0 0 
1 0.699773 0.354043 0.103748 0.0147525 0.001045 2.75e-05 0 0 0 0 0 0 0 0 0 0 0 0 0 
1 0.700473 0.355193 0.10563 0.0151875 0.0010675 5e-05 0 0 0 0 0 0 0 0 0 0 0 0 0 
1 0.701218 0.356933 0.106668 0.015375 0.00114 2.25e-05 0 0 0 0 0 0 0 0 0 0 0 0 0 
1 0.698402 0.35175 0.102125 0.01387 0.0008525 2.5e-05 0 0 0 0 0 0 0 0 0 0 0 0 0 
1 0.697233 0.349813 0.102385 0.0145225 0.001005 4.25e-05 0 0 0 0 0 0 0 0 0 0 0 0 0 
1 0.700035 0.353863 0.10432 0.0148325 0.0010575 7e-05 0 0 0 0 0 0 0 0 0 0 0 0 0 
1 0.699832 0.353698 0.103298 0.0147575 0.00097 3.25e-05 2.5e-06 0 0 0 0 0 0 0 0 0 0 0 0 
1 0.698298 0.350085 0.101803 0.0140325 0.0009975 4.75e-05 2.5e-06 0 0 0 0 0 0 0 0 0 0 0 0 
1 0.697462 0.351768 0.102353 0.0144175 0.0009675 4.75e-05 2.5e-06 0 0 0 0 0 0 0 0 0 0 0 0 
1 0.69866 0.353375 0.103698 0.014565 0.0010775 4.75e-05 0 0 0 0 0 0 0 0 0 0 0 0 0 
1 0.70199 0.355615 0.104758 0.01543 0.001115 5.25e-05 0 0 0 0 0 0 0 0 0 0 0 0 0 
1 0.700558 0.353408 0.103833 0.0150475 0.0011575 6.5e-05 5e-06 0 0 0 0 0 0 0 0 0 0 0 0 
1 0.699653 0.353843 0.105335 0.01546 0.0011725 3.75e-05 2.5e-06 0 0 0 0 0 0 0 0 0 0 0 0 
1 0.699548 0.352013 0.102485 0.015305 0.0011175 4.75e-05 5e-06 0 0 0 0 0 0 0 0 0 0 0 0 
1 0.700955 0.355483 0.105155 0.0150925 0.001075 5e-05 0 0 0 0 0 0 0 0 0 0 0 0 0 
1 0.699458 0.35337 0.103443 0.0151825 0.0010875 3.5e-05 5e-06 0 0 0 0 0 0 0 0 0 0 0 0 
1 0.699943 0.35297 0.103833 0.014505 0.0010325 6.5e-05 0 0 0 0 0 0 0 0 0 0 0 0 0 
1 0.699438 0.354415 0.104555 0.014715 0.0009875 5.5e-05 0 0 0 0 0 0 0 0 0 0 0 0 0 
1 0.70031 0.353865 0.104455 0.014795 0.0010475 6e-05 1e-05 0 0 0 0 0 0 0 0 0 0 0 0 
1 0.700033 0.35312 0.10387 0.01473 0.001055 4.5e-05 2.5e-06 0 0 0 0 0 0 0 0 0 0 0 0 
1 0.699588 0.353523 0.10385 0.014655 0.0011425 5e-05 2.5e-06 0 0 0 0 0 0 0 0 0 0 0 0 
