1 0.949799 0.816624 0.533677 0.18153 0.0197657 0.000562 3.6e-06 0 0 0 0 0 0 0 0 0 0 0 0 
1 0.950175 0.817705 0.534854 0.181114 0.0189929 0.0005268 6.55e-06 0 0 0 0 0 0 0 0 0 0 0 0 
1 0.949027 0.813981 0.528424 0.176543 0.0182215 0.0005443 5.75e-06 0 0 0 0 0 0 0 0 0 0 0 0 
1 0.949698 0.815764 0.531079 0.178242 0.0185522 0.0005566 4.9e-06 0 0 0 0 0 0 0 0 0 0 0 0 
1 0.950102 0.81701 0.53352 0.180691 0.0188129 0.0004833 4.3e-06 0 0 0 0 0 0 0 0 0 0 0 0 
1 0.949887 0.816817 0.533177 0.180591 0.0190844 0.00051775 4.2e-06 0 0 0 0 0 0 0 0 0 0 0 0 
1 0.94933 0.814752 0.528729 0.174914 0.017164 0.0004253 2.7e-06 0 0 0 0 0 0 0 0 0 0 0 0 
1 0.950336 0.818301 0.536506 0.184087 0.0203255 0.000562 4e-06 0 0 0 0 0 0 0 0 0 0 0 0 
1 0.950053 0.817127 0.533293 0.179306 0.0179107 0.00034425 6.5e-07 0 0 0 0 0 0 0 0 0 0 0 0 
1 0.950045 0.817297 0.53486 0.182236 0.0197898 0.00054065 1.95e-06 0 0 0 0 0 0 0 0 0 0 0 0 
1 0.950191 0.817749 0.535486 0.182708 0.0198969 0.00063325 5.75e-06 0 0 0 0 0 0 0 0 0 0 0 0 
1 0.94919 0.814311 0.528594 0.176342 0.0180282 0.00045785 1.95e-06 0 0 0 0 0 0 0 0 0 0 0 0 
1 0.949828 0.816597 0.533323 0.180876 0.0197577 0.0005792 4.05e-06 0 0 0 0 0 0 0 0 0 0 0 0 
1 0.950312 0.818177 0.536176 0.183328 0.0201855 0.0007546 1.21e-05 0 0 0 0 0 0 0 0 0 0 0 0 
1 0.949799 0.816537 0.533394 0.180638 0.0192592 0.00055555 3.2e-06 0 0 0 0 0 0 0 0 0 0 0 0 
1 0.950684 0.819563 0.539385 0.186488 0.0206794 0.00063015 3.65e-06 0 0 0 0 0 0 0 0 0 0 0 0 
1 0.949335 0.814766 0.529909 0.177499 0.0182118 0.0004926 6.3e-06 0 0 0 0 0 0 0 0 0 0 0 0 
1 0.949477 0.815446 0.530932 0.179093 0.019235 0.00059585 8.6e-06 0 0 0 0 0 0 0 0 0 0 0 0 
1 0.950279 0.818257 0.536834 0.183227 0.0192501 0.0004891 1.15e-06 0 0 0 0 0 0 0 0 0 0 0 0 
1 0.950013 0.817053 0.533724 0.180292 0.0189202 0.0004607 6.5e-07 0 0 0 0 0 0 0 0 0 0 0 0 
1 0.950612 0.818783 0.537794 0.184815 0.0204081 0.0006507 7.85e-06 0 0 0 0 0 0 0 0 0 0 0 0 
1 0.950029 0.817336 0.535136 0.183539 0.0202554 0.00053105 1.95e-06 0 0 0 0 0 0 0 0 0 0 0 0 
1 0.949855 0.816476 0.532933 0.179449 0.0184465 0.000462 1.8e-06 0 0 0 0 0 0 0 0 0 0 0 0 
1 0.94967 0.816093 0.532215 0.180119 0.0197016 0.00063975 5.75e-06 0 0 0 0 0 0 0 0 0 0 0 0 
1 0.950315 0.817982 0.535694 0.182018 0.0190777 0.00051185 2.95e-06 0 0 0 0 0 0 0 0 0 0 0 0 
1 0.949691 0.816037 0.532159 0.179342 0.0188702 0.00051955 1.7e-06 0 0 0 0 0 0 0 0 0 0 0 0 
1 0.949788 0.816408 0.532897 0.180633 0.0198946 0.0007312 1.92e-05 0 0 0 0 0 0 0 0 0 0 0 0 
1 0.949593 0.8159 0.532312 0.180683 0.019864 0.0006026 3.25e-06 0 0 0 0 0 0 0 0 0 0 0 0 
1 0.949953 0.816966 0.53435 0.183093 0.020708 0.0005962 3.95e-06 0 0 0 0 0 0 0 0 0 0 0 0 
1 0.950602 0.819143 0.538316 0.185244 0.0203733 0.00068255 9.8e-06 0 0 0 0 0 0 0 0 0 0 0 0 
1 0.949972 0.816964 0.534046 0.181991 0.0201606 0.000681 1.25e-05 5e-08 0 0 0 0 0 0 0 0 0 0 0 
1 0.94952 0.815655 0.531785 0.180032 0.0192289 0.0005647 4.95e-06 0 0 0 0 0 0 0 0 0 0 0 0 
1 0.951141 0.820956 0.541833 0.188862 0.0211672 0.0006285 4.05e-06 0 0 0 0 0 0 0 0 0 0 0 0 
1 0.949899 0.8171 0.533795 0.18091 0.0194995 0.0006042 5.3e-06 4e-07 0 0 0 0 0 0 0 0 0 0 0 
1 0.950412 0.818444 0.537098 0.183662 0.0194916 0.000463 1.65e-06 0 0 0 0 0 0 0 0 0 0 0 0 
1 0.950695 0.819708 0.540241 0.188832 0.0220701 0.00078405 9.1e-06 0 0 0 0 0 0 0 0 0 0 0 0 
1 0.950402 0.818348 0.536322 0.182283 0.0195296 0.000598 5.9e-06 0 0 0 0 0 0 0 0 0 0 0 0 
1 0.950471 0.818267 0.536715 0.183646 0.0200625 0.00060205 4.65e-06 0 0 0 0 0 0 0 0 0 0 0 0 
1 0.950074 0.817234 0.534939 0.183628 0.0211922 0.0008662 2.02e-05 0 0 0 0 0 0 0 0 0 0 0 0 
1 0.950002 0.817288 0.534876 0.181582 0.0188822 0.0005344 6e-06 0 0 0 0 0 0 0 0 0 0 0 0 
1 0.949891 0.816605 0.533157 0.17989 0.0185206 0.0004498 1.7e-06 0 0 0 0 0 0 0 0 0 0 0 0 
1 0.950382 0.81826 0.536759 0.184342 0.0203715 0.00060735 2.9e-06 0 0 0 0 0 0 0 0 0 0 0 0 
1 0.949244 0.814549 0.528875 0.176567 0.0182597 0.0005569 3.4e-06 0 0 0 0 0 0 0 0 0 0 0 0 
1 0.949619 0.815722 0.531286 0.178979 0.0189646 0.0005989 8.85e-06 0 0 0 0 0 0 0 0 0 0 0 0 
1 0.950155 0.817654 0.535296 0.182639 0.0198601 0.0006048 7.25e-06 0 0 0 0 0 0 0 0 0 0 0 0 
1 0.950368 0.818386 0.537212 0.185004 0.0206418 0.0006624 4.4e-06 0 0 0 0 0 0 0 0 0 0 0 0 
1 0.949741 0.816187 0.532502 0.180553 0.0197568 0.0006486 6.6e-06 0 0 0 0 0 0 0 0 0 0 0 0 
1 0.950344 0.818622 0.537563 0.185935 0.0210036 0.00063505 4e-06 0 0 0 0 0 0 0 0 0 0 0 0 
1 0.950075 0.81715 0.533894 0.180053 0.0186219 0.00048125 1.9e-06 0 0 0 0 0 0 0 0 0 0 0 0 
1 0.949939 0.817068 0.534349 0.18163 0.0192064 0.000509 6.5e-06 0 0 0 0 0 0 0 0 0 0 0 0 
1 0.950302 0.817984 0.536312 0.184139 0.020656 0.0006842 8.6e-06 0 0 0 0 0 0 0 0 0 0 0 0 
1 0.950071 0.817661 0.535828 0.183858 0.0208084 0.00081955 1.38e-05 0 0 0 0 0 0 0 0 0 0 0 0 
1 0.949625 0.815857 0.531137 0.178116 0.0186776 0.00062675 6.85e-06 0 0 0 0 0 0 0 0 0 0 0 0 
1 0.949852 0.816519 0.532288 0.178411 0.0182985 0.00048785 1.65e-06 0 0 0 0 0 0 0 0 0 0 0 0 
1 0.950423 0.818585 0.537739 0.185635 0.0209817 0.00072885 1.645e-05 0 0 0 0 0 0 0 0 0 0 0 0 
1 0.949571 0.8157 0.531324 0.178518 0.018837 0.0006103 1.535e-05 0 0 0 0 0 0 0 0 0 0 0 0 
1 0.950815 0.819716 0.53981 0.186853 0.0208426 0.0006199 6.1e-06 0 0 0 0 0 0 0 0 0 0 0 0 
1 0.949803 0.816285 0.532605 0.179433 0.018368 0.000463 1.55e-06 0 0 0 0 0 0 0 0 0 0 0 0 
1 0.949825 0.816229 0.532227 0.179295 0.0188026 0.00056615 5.3e-06 0 0 0 0 0 0 0 0 0 0 0 0 
1 0.95046 0.818482 0.537713 0.186071 0.0215889 0.0008683 1.25e-05 0 0 0 0 0 0 0 0 0 0 0 0 
1 0.950824 0.819613 0.538982 0.185962 0.0202745 0.00052135 4.75e-06 0 0 0 0 0 0 0 0 0 0 0 0 
1 0.950005 0.817247 0.534983 0.183137 0.0201681 0.0006527 8.05e-06 0 0 0 0 0 0 0 0 0 0 0 0 
1 0.950261 0.817951 0.536135 0.183692 0.020693 0.00067735 4.65e-06 0 0 0 0 0 0 0 0 0 0 0 0 
1 0.950208 0.817837 0.535744 0.183167 0.0199604 0.0005971 6.65e-06 0 0 0 0 0 0 0 0 0 0 0 0 
1 0.950359 0.818442 0.537086 0.184302 0.0202594 0.00057495 2.55e-06 0 0 0 0 0 0 0 0 0 0 0 0 
1 0.949552 0.816124 0.532666 0.179908 0.0188989 0.00048985 3.8e-06 0 0 0 0 0 0 0 0 0 0 0 0 
1 0.95008 0.817195 0.534628 0.182229 0.0200719 0.0007032 9.2e-06 0 0 0 0 0 0 0 0 0 0 0 0 
1 0.949688 0.816173 0.532058 0.179585 0.0193558 0.00058565 4.7e-06 0 0 0 0 0 0 0 0 0 0 0 0 
1 0.950057 0.817276 0.534822 0.181922 0.0195756 0.0005725 3.4e-06 0 0 0 0 0 0 0 0 0 0 0 0 
1 0.950731 0.819783 0.539587 0.186031 0.0205199 0.0006962 1.765e-05 1e-07 0 0 0 0 0 0 0 0 0 0 0 
1 0.949803 0.816458 0.533457 0.182065 0.0201987 0.0007101 8e-06 0 0 0 0 0 0 0 0 0 0 0 0 
1 0.950094 0.817557 0.535546 0.183003 0.020114 0.00063845 6.9e-06 0 0 0 0 0 0 0 0 0 0 0 0 
1 0.95014 0.817599 0.535237 0.182352 0.0194921 0.0005353 3.45e-06 0 0 0 0 0 0 0 0 0 0 0 0 
1 0.950276 0.818134 0.537177 0.18612 0.0215359 0.0006811 5.35e-06 0 0 0 0 0 0 0 0 0 0 0 0 
1 0.949891 0.816881 0.534215 0.182358 0.0199723 0.0006415 1.04e-05 0 0 0 0 0 0 0 0 0 0 0 0 
1 0.950159 0.817713 0.536013 0.183553 0.0199115 0.00053695 2.95e-06 0 0 0 0 0 0 0 0 0 0 0 0 
1 0.950178 0.818054 0.536206 0.183502 0.0200203 0.00067365 6.25e-06 0 0 0 0 0 0 0 0 0 0 0 0 
1 0.949806 0.816482 0.533181 0.18104 0.0196216 0.00061045 4.2e-06 0 0 0 0 0 0 0 0 0 0 0 0 
1 0.949971 0.816689 0.532509 0.178553 0.0179534 0.00039235 9.5e-07 0 0 0 0 0 0 0 0 0 0 0 0 
1 0.950428 0.818617 0.53723 0.183781 0.020066 0.00061265 3.35e-06 0 0 0 0 0 0 0 0 0 0 0 0 
1 0.950725 0.819426 0.539216 0.187233 0.0212742 0.00071145 5.45e-06 0 0 0 0 0 0 0 0 0 0 0 0 
1 0.94987 0.816754 0.53396 0.181922 0.0196579 0.0005115 1.75e-06 0 0 0 0 0 0 0 0 0 0 0 0 
1 0.949973 0.81702 0.534404 0.182554 0.0204013 0.0006847 5.3e-06 0 0 0 0 0 0 0 0 0 0 0 0 
1 0.949495 0.815553 0.531797 0.17994 0.0190235 0.0004503 2.3e-06 0 0 0 0 0 0 0 0 0 0 0 0 
1 0.95019 0.817854 0.535346 0.182219 0.0194743 0.0005506 1.9e-06 0 0 0 0 0 0 0 0 0 0 0 0 
1 0.949719 0.81648 0.533244 0.180833 0.0193707 0.00050835 2.8e-06 0 0 0 0 0 0 0 0 0 0 0 0 
1 0.950128 0.817686 0.535061 0.182264 0.0194806 0.0005126 3.65e-06 0 0 0 0 0 0 0 0 0 0 0 0 
1 0.949907 0.816618 0.532879 0.179454 0.0187142 0.0005418 3.85e-06 0 0 0 0 0 0 0 0 0 0 0 0 
1 0.949845 0.816266 0.53226 0.179925 0.01943 0.00051425 7e-07 0 0 0 0 0 0 0 0 0 0 0 0 
1 0.950538 0.819083 0.538618 0.185656 0.0205624 0.00077325 2.205e-05 0 0 0 0 0 0 0 0 0 0 0 0 
1 0.950137 0.817629 0.535582 0.183504 0.0201949 0.0006131 4.45e-06 0 0 0 0 0 0 0 0 0 0 0 0 
1 0.95028 0.818138 0.536259 0.183336 0.0197467 0.0005369 1.9e-06 0 0 0 0 0 0 0 0 0 0 0 0 
1 0.950196 0.818027 0.536298 0.183316 0.01974 0.00055405 3.55e-06 0 0 0 0 0 0 0 0 0 0 0 0 
1 0.950064 0.817396 0.535105 0.18298 0.01996 0.00060495 6e-06 0 0 0 0 0 0 0 0 0 0 0 0 
1 0.949398 0.814915 0.529835 0.178029 0.0187656 0.0005197 2.55e-06 0 0 0 0 0 0 0 0 0 0 0 0 
1 0.950453 0.818609 0.536914 0.183322 0.0189707 0.00039575 1.5e-07 0 0 0 0 0 0 0 0 0 0 0 0 
1 0.95066 0.819271 0.538638 0.185771 0.0207935 0.00072045 7.65e-06 0 0 0 0 0 0 0 0 0 0 0 0 
1 0.950115 0.8175 0.534984 0.181937 0.019189 0.00048965 2.05e-06 0 0 0 0 0 0 0 0 0 0 0 0 
1 0.950367 0.818158 0.535498 0.180274 0.0178635 0.00035585 5e-07 0 0 0 0 0 0 0 0 0 0 0 0 
1 0.948755 0.812806 0.525799 0.173249 0.0169515 0.0003054 5.5e-07 0 0 0 0 0 0 0 0 0 0 0 0 
1 0.949596 0.815649 0.531309 0.178593 0.018438 0.00047625 5.8e-06 0 0 0 0 0 0 0 0 0 0 0 0 
1 0.94977 0.816293 0.532968 0.181398 0.0200349 0.0005279 1.25e-06 0 0 0 0 0 0 0 0 0 0 0 0 
1 0.94977 0.815921 0.53156 0.178661 0.0185213 0.00047165 1.85e-06 0 0 0 0 0 0 0 0 0 0 0 0 
1 0.949816 0.816647 0.53314 0.17976 0.0185307 0.00042785 1.3e-06 0 0 0 0 0 0 0 0 0 0 0 0 
1 0.950663 0.81909 0.538357 0.185905 0.020678 0.0005855 4.65e-06 0 0 0 0 0 0 0 0 0 0 0 0 
1 0.951104 0.820725 0.541946 0.188928 0.0212548 0.00064225 5.95e-06 0 0 0 0 0 0 0 0 0 0 0 0 
1 0.949966 0.817325 0.534742 0.181715 0.0192963 0.00056075 4.5e-06 0 0 0 0 0 0 0 0 0 0 0 0 
1 0.950801 0.819602 0.53861 0.185193 0.0202374 0.00057845 3.9e-06 0 0 0 0 0 0 0 0 0 0 0 0 
1 0.950914 0.820374 0.541184 0.188819 0.0216201 0.0007707 9e-06 0 0 0 0 0 0 0 0 0 0 0 0 
1 0.950245 0.817868 0.535128 0.180971 0.0184994 0.0005123 5.55e-06 0 0 0 0 0 0 0 0 0 0 0 0 
1 0.949357 0.814995 0.530576 0.179409 0.0196009 0.0006321 4.85e-06 0 0 0 0 0 0 0 0 0 0 0 0 
1 0.949365 0.815047 0.52981 0.176837 0.0181562 0.0005175 5.65e-06 0 0 0 0 0 0 0 0 0 0 0 0 
1 0.949561 0.815445 0.530734 0.177949 0.0187066 0.0005107 2.25e-06 0 0 0 0 0 0 0 0 0 0 0 0 
1 0.950433 0.818608 0.537795 0.185418 0.020806 0.0007215 1.19e-05 0 0 0 0 0 0 0 0 0 0 0 0 
1 0.949424 0.81525 0.531103 0.179797 0.0198474 0.00062 9.5e-06 0 0 0 0 0 0 0 0 0 0 0 0 
1 0.950113 0.81734 0.534358 0.181169 0.0191622 0.0005547 4.95e-06 0 0 0 0 0 0 0 0 0 0 0 0 
1 0.950795 0.819533 0.539023 0.185145 0.0198291 0.0005079 2.45e-06 0 0 0 0 0 0 0 0 0 0 0 0 
1 0.950466 0.8185 0.537058 0.184916 0.0210113 0.00074505 1.26e-05 0 0 0 0 0 0 0 0 0 0 0 0 
1 0.950887 0.819989 0.539751 0.185593 0.0199177 0.000514 2.5e-06 0 0 0 0 0 0 0 0 0 0 0 0 
1 0.948997 0.81393 0.527941 0.175645 0.0180737 0.0004635 1.45e-06 0 0 0 0 0 0 0 0 0 0 0 0 
1 0.950022 0.817282 0.534489 0.180451 0.0182584 0.00035905 6e-07 0 0 0 0 0 0 0 0 0 0 0 0 
1 0.950529 0.818742 0.537418 0.183965 0.020295 0.0009251 4.295e-05 3.5e-07 0 0 0 0 0 0 0 0 0 0 0 
1 0.950002 0.817291 0.534527 0.180811 0.0188004 0.00054315 4.1e-06 0 0 0 0 0 0 0 0 0 0 0 0 
1 0.950021 0.817005 0.533556 0.179925 0.0186277 0.00052995 1.75e-06 0 0 0 0 0 0 0 0 0 0 0 0 
1 0.950101 0.817296 0.534259 0.180764 0.0190088 0.00052635 4.65e-06 0 0 0 0 0 0 0 0 0 0 0 0 
1 0.950319 0.818032 0.53567 0.181284 0.0186425 0.0004403 1.55e-06 0 0 0 0 0 0 0 0 0 0 0 0 
1 0.950411 0.818522 0.537359 0.184162 0.0198575 0.0004949 7e-07 0 0 0 0 0 0 0 0 0 0 0 0 
1 0.949275 0.814752 0.528824 0.175894 0.018093 0.0005146 5.5e-06 0 0 0 0 0 0 0 0 0 0 0 0 
1 0.94988 0.816623 0.533143 0.179812 0.018711 0.0005124 5.65e-06 0 0 0 0 0 0 0 0 0 0 0 0 
1 0.949377 0.814935 0.530524 0.179058 0.0189208 0.00049415 5.35e-06 0 0 0 0 0 0 0 0 0 0 0 0 
1 0.949893 0.816827 0.53424 0.182432 0.020052 0.0005271 1.2e-06 0 0 0 0 0 0 0 0 0 0 0 0 
1 0.949754 0.816494 0.532999 0.180594 0.0192708 0.0005095 3.35e-06 0 0 0 0 0 0 0 0 0 0 0 0 
1 0.950604 0.819141 0.538707 0.187012 0.0211344 0.0006124 4.3e-06 0 0 0 0 0 0 0 0 0 0 0 0 
1 0.950115 0.817434 0.534865 0.182241 0.0197206 0.00059185 5e-06 0 0 0 0 0 0 0 0 0 0 0 0 
1 0.950255 0.818017 0.535629 0.182036 0.0194201 0.00053545 2.25e-06 0 0 0 0 0 0 0 0 0 0 0 0 
1 0.95011 0.817494 0.535641 0.184337 0.0205133 0.00058785 3.55e-06 0 0 0 0 0 0 0 0 0 0 0 0 
1 0.950839 0.819937 0.539828 0.186443 0.0203819 0.00057505 3.75e-06 0 0 0 0 0 0 0 0 0 0 0 0 
1 0.950495 0.818574 0.536728 0.183299 0.0197345 0.0006226 6.35e-06 0 0 0 0 0 0 0 0 0 0 0 0 
1 0.949809 0.816203 0.532103 0.178852 0.0184667 0.0005372 3.45e-06 0 0 0 0 0 0 0 0 0 0 0 0 
1 0.950375 0.818414 0.536926 0.18436 0.0202163 0.00058575 2.1e-06 0 0 0 0 0 0 0 0 0 0 0 0 
1 0.950099 0.817611 0.535504 0.183102 0.0200597 0.00061795 1.085e-05 5e-08 0 0 0 0 0 0 0 0 0 0 0 
1 0.950458 0.818509 0.536786 0.18336 0.0198403 0.00060155 2.95e-06 0 0 0 0 0 0 0 0 0 0 0 0 
1 0.950246 0.817894 0.535644 0.182613 0.0197089 0.0005575 1.4e-06 0 0 0 0 0 0 0 0 0 0 0 0 
1 0.950303 0.818127 0.53646 0.184346 0.0206414 0.00065585 3.05e-06 0 0 0 0 0 0 0 0 0 0 0 0 
1 0.949948 0.816787 0.533582 0.180869 0.0190949 0.00047905 1.15e-06 0 0 0 0 0 0 0 0 0 0 0 0 
1 0.950079 0.817347 0.534078 0.180925 0.0187665 0.0004783 2.9e-06 0 0 0 0 0 0 0 0 0 0 0 0 
1 0.949631 0.815767 0.53142 0.178773 0.0186678 0.0004947 7.7e-06 0 0 0 0 0 0 0 0 0 0 0 0 
1 0.949385 0.814915 0.529592 0.177392 0.0184355 0.00043605 2.05e-06 0 0 0 0 0 0 0 0 0 0 0 0 
1 0.949653 0.816187 0.53257 0.180369 0.0195404 0.00068145 2.095e-05 0 0 0 0 0 0 0 0 0 0 0 0 
1 0.950139 0.817356 0.534345 0.181107 0.019051 0.0004478 9.5e-07 0 0 0 0 0 0 0 0 0 0 0 0 
1 0.94988 0.816506 0.533111 0.180707 0.0196625 0.00062575 5.4e-06 0 0 0 0 0 0 0 0 0 0 0 0 
1 0.950628 0.819238 0.53803 0.183955 0.019787 0.00056265 3.65e-06 0 0 0 0 0 0 0 0 0 0 0 0 
1 0.949567 0.815427 0.531176 0.17914 0.0189598 0.0005472 6.55e-06 0 0 0 0 0 0 0 0 0 0 0 0 
1 0.949447 0.81523 0.529925 0.177414 0.0184436 0.0005447 4.8e-06 0 0 0 0 0 0 0 0 0 0 0 0 
1 0.949847 0.816473 0.532744 0.179842 0.018726 0.00045925 1.65e-06 0 0 0 0 0 0 0 0 0 0 0 0 
1 0.949471 0.815261 0.530423 0.177167 0.0175937 0.000386 1.55e-06 0 0 0 0 0 0 0 0 0 0 0 0 
1 0.949159 0.814269 0.528482 0.174882 0.0170569 0.0003652 8.5e-07 0 0 0 0 0 0 0 0 0 0 0 0 
1 0.949177 0.81431 0.528785 0.177199 0.018718 0.0005751 5.4e-06 0 0 0 0 0 0 0 0 0 0 0 0 
1 0.949785 0.816506 0.532958 0.180212 0.0189228 0.0005969 1.625e-05 5e-08 0 0 0 0 0 0 0 0 0 0 0 
1 0.950173 0.817815 0.535167 0.181524 0.0191104 0.00050795 3.95e-06 0 0 0 0 0 0 0 0 0 0 0 0 
1 0.94988 0.816676 0.533299 0.180498 0.0190174 0.000506 1.14e-05 0 0 0 0 0 0 0 0 0 0 0 0 
1 0.949904 0.816912 0.53388 0.18106 0.0194942 0.0006344 5e-06 0 0 0 0 0 0 0 0 0 0 0 0 
1 0.949271 0.815028 0.530375 0.178173 0.0187304 0.00055565 1.4e-06 0 0 0 0 0 0 0 0 0 0 0 0 
1 0.949893 0.816768 0.533777 0.181764 0.0198284 0.00063315 5.75e-06 0 0 0 0 0 0 0 0 0 0 0 0 
1 0.950403 0.818679 0.536595 0.182589 0.0192567 0.00047185 1.4e-06 0 0 0 0 0 0 0 0 0 0 0 0 
1 0.950324 0.818026 0.535866 0.182489 0.0191026 0.00045735 1.6e-06 0 0 0 0 0 0 0 0 0 0 0 0 
1 0.949923 0.816877 0.533352 0.180024 0.018677 0.00048365 4e-06 0 0 0 0 0 0 0 0 0 0 0 0 
1 0.950313 0.818232 0.536333 0.183608 0.0203202 0.0006458 3.95e-06 0 0 0 0 0 0 0 0 0 0 0 0 
1 0.950046 0.817093 0.533762 0.180119 0.0191845 0.00070775 8.75e-06 0 0 0 0 0 0 0 0 0 0 0 0 
1 0.950189 0.817879 0.536048 0.182954 0.0194688 0.0004827 1.55e-06 0 0 0 0 0 0 0 0 0 0 0 0 
1 0.950238 0.817687 0.535935 0.183377 0.0199469 0.0007075 1.975e-05 0 0 0 0 0 0 0 0 0 0 0 0 
1 0.949091 0.813975 0.527643 0.174545 0.0174726 0.0004523 1.35e-06 0 0 0 0 0 0 0 0 0 0 0 0 
1 0.950204 0.818082 0.536744 0.185022 0.0208736 0.0007708 2.07e-05 0 0 0 0 0 0 0 0 0 0 0 0 
1 0.950666 0.819243 0.539149 0.186784 0.0212685 0.0006498 6.05e-06 0 0 0 0 0 0 0 0 0 0 0 0 
1 0.949308 0.814839 0.529112 0.176317 0.0176865 0.00036265 9e-07 0 0 0 0 0 0 0 0 0 0 0 0 
1 0.949534 0.815451 0.53052 0.177232 0.0177268 0.0003927 1.3e-06 0 0 0 0 0 0 0 0 0 0 0 0 
1 0.949922 0.816915 0.533298 0.179879 0.0187679 0.000522 1.035e-05 0 0 0 0 0 0 0 0 0 0 0 0 
1 0.949751 0.816001 0.531822 0.178456 0.0182806 0.00042715 2.25e-06 0 0 0 0 0 0 0 0 0 0 0 0 
1 0.949585 0.815646 0.530617 0.17648 0.0175799 0.000443 3.4e-06 0 0 0 0 0 0 0 0 0 0 0 0 
1 0.950225 0.818036 0.536016 0.183652 0.0203193 0.00056485 2.3e-06 0 0 0 0 0 0 0 0 0 0 0 0 
1 0.95056 0.818944 0.537842 0.184399 0.019854 0.00055865 3.6e-06 0 0 0 0 0 0 0 0 0 0 0 0 
1 0.949699 0.816124 0.532467 0.180111 0.0191849 0.0005685 8.75e-06 1e-07 0 0 0 0 0 0 0 0 0 0 0 
1 0.949721 0.816459 0.533438 0.181458 0.0198797 0.0006357 4.2e-06 0 0 0 0 0 0 0 0 0 0 0 0 
1 0.949688 0.815857 0.53195 0.179446 0.0189891 0.0006265 9.25e-06 0 0 0 0 0 0 0 0 0 0 0 0 
1 0.950203 0.817839 0.535483 0.182839 0.0200539 0.0007859 5.465e-05 1.35e-06 0 0 0 0 0 0 0 0 0 0 0 
1 0.949351 0.814882 0.529891 0.177798 0.0183612 0.0004678 1.95e-06 0 0 0 0 0 0 0 0 0 0 0 0 
1 0.949468 0.815395 0.530797 0.178965 0.0194704 0.0005723 2.4e-06 0 0 0 0 0 0 0 0 0 0 0 0 
1 0.949877 0.816711 0.533989 0.18242 0.0205463 0.0007549 1.2e-05 0 0 0 0 0 0 0 0 0 0 0 0 
1 0.949616 0.815899 0.531418 0.178797 0.0185836 0.00046285 3.5e-06 0 0 0 0 0 0 0 0 0 0 0 0 
1 0.950232 0.817902 0.535831 0.183225 0.0195707 0.00052425 2.05e-06 0 0 0 0 0 0 0 0 0 0 0 0 
1 0.949326 0.814962 0.529868 0.1774 0.0184921 0.00044585 1.25e-06 0 0 0 0 0 0 0 0 0 0 0 0 
1 0.949927 0.816893 0.533331 0.180254 0.0191899 0.0005964 3.3e-06 0 0 0 0 0 0 0 0 0 0 0 0 
1 0.949373 0.814967 0.530218 0.178404 0.0190635 0.00058265 5.65e-06 0 0 0 0 0 0 0 0 0 0 0 0 
1 0.950648 0.818916 0.537915 0.185081 0.0202241 0.0006212 1.075e-05 0 0 0 0 0 0 0 0 0 0 0 0 
1 0.949667 0.815877 0.531343 0.177986 0.0181163 0.0004235 1.6e-06 0 0 0 0 0 0 0 0 0 0 0 0 
1 0.950501 0.818656 0.537029 0.183714 0.0201106 0.0006406 4.4e-06 0 0 0 0 0 0 0 0 0 0 0 0 
1 0.949569 0.815951 0.532279 0.181087 0.0200779 0.00062075 2.9e-06 0 0 0 0 0 0 0 0 0 0 0 0 
1 0.94967 0.816166 0.532075 0.179095 0.0185083 0.00046795 6.05e-06 2e-07 0 0 0 0 0 0 0 0 0 0 0 
1 0.949998 0.817145 0.534595 0.181301 0.0191281 0.00054725 2.55e-06 0 0 0 0 0 0 0 0 0 0 0 0 
1 0.950355 0.818323 0.536234 0.182176 0.0191569 0.0005326 2.35e-06 0 0 0 0 0 0 0 0 0 0 0 0 
1 0.950636 0.819005 0.537736 0.184167 0.0197162 0.000553 7.2e-06 0 0 0 0 0 0 0 0 0 0 0 0 
1 0.950187 0.817601 0.535139 0.182642 0.0200147 0.00060785 3.75e-06 0 0 0 0 0 0 0 0 0 0 0 0 
1 0.950117 0.817191 0.534168 0.180755 0.0187464 0.0005029 3.7e-06 0 0 0 0 0 0 0 0 0 0 0 0 
1 0.949753 0.816065 0.531868 0.178518 0.0178362 0.0004067 1.05e-06 0 0 0 0 0 0 0 0 0 0 0 0 
1 0.950116 0.817473 0.535106 0.183137 0.0202364 0.0005967 8e-06 0 0 0 0 0 0 0 0 0 0 0 0 
1 0.950648 0.819106 0.538364 0.185445 0.0203181 0.00059875 6.4e-06 0 0 0 0 0 0 0 0 0 0 0 0 
1 0.950542 0.819006 0.537884 0.184261 0.0196707 0.00047465 1.55e-06 0 0 0 0 0 0 0 0 0 0 0 0 
1 0.949513 0.815391 0.531106 0.179229 0.019273 0.00057965 1.245e-05 0 0 0 0 0 0 0 0 0 0 0 0 
1 0.950237 0.81797 0.535774 0.182558 0.0192834 0.00053655 6.5e-06 0 0 0 0 0 0 0 0 0 0 0 0 
1 0.949215 0.814518 0.528246 0.174804 0.0178745 0.0005543 6.55e-06 0 0 0 0 0 0 0 0 0 0 0 0 
1 0.95024 0.818115 0.536033 0.182475 0.0194066 0.0005506 2.75e-06 0 0 0 0 0 0 0 0 0 0 0 0 
1 0.949244 0.814603 0.52899 0.17667 0.0181085 0.0005144 5.3e-06 0 0 0 0 0 0 0 0 0 0 0 0 
1 0.950391 0.818239 0.536509 0.183453 0.0198952 0.0006418 1.07e-05 0 0 0 0 0 0 0 0 0 0 0 0 
1 0.949856 0.816446 0.533409 0.18132 0.0191956 0.00051805 4.35e-06 0 0 0 0 0 0 0 0 0 0 0 0 
1 0.949953 0.816702 0.533026 0.179471 0.0182713 0.0004355 2.25e-06 0 0 0 0 0 0 0 0 0 0 0 0 
1 0.94976 0.816208 0.531842 0.179008 0.0185309 0.00052155 7.4e-06 0 0 0 0 0 0 0 0 0 0 0 0 
1 0.950707 0.819657 0.539551 0.186505 0.0206158 0.0007053 3.215e-05 1.05e-06 0 0 0 0 0 0 0 0 0 0 0 
1 0.949662 0.816038 0.531992 0.178686 0.018278 0.00047165 1.6e-06 0 0 0 0 0 0 0 0 0 0 0 0 
1 0.949595 0.81581 0.531804 0.178668 0.0181786 0.0005189 1.12e-05 1.5e-07 0 0 0 0 0 0 0 0 0 0 0 
1 0.949668 0.815453 0.530322 0.177026 0.0178626 0.0003958 2e-07 0 0 0 0 0 0 0 0 0 0 0 0 
1 0.950086 0.81711 0.534202 0.181554 0.0198264 0.00064365 7.55e-06 0 0 0 0 0 0 0 0 0 0 0 0 
1 0.950091 0.817507 0.534658 0.180981 0.0188462 0.0004394 2.7e-06 0 0 0 0 0 0 0 0 0 0 0 0 
1 0.949791 0.816424 0.532342 0.178403 0.0183694 0.00060335 9.15e-06 0 0 0 0 0 0 0 0 0 0 0 0 
1 0.949991 0.817179 0.533797 0.180927 0.019122 0.00054125 4.25e-06 0 0 0 0 0 0 0 0 0 0 0 0 
1 0.949767 0.81606 0.532527 0.180281 0.0197453 0.00069415 4.8e-06 0 0 0 0 0 0 0 0 0 0 0 0 
1 0.950366 0.818483 0.536648 0.183847 0.02028 0.00062325 3.3e-06 0 0 0 0 0 0 0 0 0 0 0 0 
1 0.950053 0.817339 0.534668 0.181691 0.0190932 0.0006017 5.1e-06 0 0 0 0 0 0 0 0 0 0 0 0 
1 0.950233 0.817719 0.53502 0.181242 0.0189117 0.0004644 3.85e-06 0 0 0 0 0 0 0 0 0 0 0 0 
1 0.950048 0.817321 0.534815 0.18188 0.0198946 0.0006297 4.15e-06 0 0 0 0 0 0 0 0 0 0 0 0 
1 0.950046 0.817411 0.534698 0.18209 0.0193627 0.0004903 1.95e-06 0 0 0 0 0 0 0 0 0 0 0 0 
