1 0.699507 0.295801 0.074193 0.014173 0.002462 0.000409 7.1e-05 1.3e-05 2e-06 0 0 0 0 0 0 0 0 0 0 
1 0.700484 0.295178 0.07433 0.014541 0.002618 0.000452 8.4e-05 1.7e-05 4.60135e-17 0 0 0 0 0 0 0 0 0 0 
1 0.698859 0.296464 0.07566 0.014474 0.002526 0.000462 6e-05 5e-06 3.6009e-17 0 0 0 0 0 0 0 0 0 0 
1 0.698865 0.295279 0.074378 0.014101 0.002368 0.000404 5.4e-05 1.1e-05 3.51263e-17 0 0 0 0 0 0 0 0 0 0 
1 0.700405 0.295722 0.074383 0.014412 0.002494 0.000392 6.9e-05 1.1e-05 4.24646e-17 0 0 0 0 0 0 0 0 0 0 
1 0.700052 0.295672 0.075017 0.014535 0.002592 0.000388 6e-05 9e-06 4.33414e-17 0 0 0 0 0 0 0 0 0 0 
1 0.700318 0.295056 0.074174 0.014333 0.002446 0.0004 5.3e-05 6e-06 0 0 0 0 0 0 0 0 0 0 0 
1 0.699399 0.294275 0.074245 0.014312 0.00253 0.0005 7.9e-05 7e-06 0 0 0 0 0 0 0 0 0 0 0 
1 0.699367 0.295491 0.075052 0.01465 0.00253 0.000393 7.7e-05 1.4e-05 0 0 0 0 0 0 0 0 0 0 0 
1 0.700372 0.294845 0.07422 0.014303 0.002486 0.000452 8.8e-05 1.5e-05 4e-06 5.08898e-18 0 0 0 0 0 0 0 0 0 
1 0.700901 0.296258 0.074689 0.014295 0.002521 0.000401 5e-05 8e-06 2.18267e-17 0 0 0 0 0 0 0 0 0 0 
1 0.700096 0.294905 0.073877 0.013859 0.002452 0.000351 5.1e-05 6e-06 0 0 0 0 0 0 0 0 0 0 0 
1 0.701165 0.295222 0.073815 0.013917 0.002472 0.000432 6.7e-05 3e-06 4.16372e-17 0 0 0 0 0 0 0 0 0 0 
1 0.699659 0.295491 0.07474 0.01435 0.002483 0.000351 4.5e-05 8e-06 4.73083e-17 0 0 0 0 0 0 0 0 0 0 
1 0.701038 0.296097 0.074297 0.01418 0.002438 0.000428 8.8e-05 1.6e-05 1.7806e-17 0 0 0 0 0 0 0 0 0 0 
1 0.700504 0.293905 0.073849 0.014282 0.002523 0.000459 8.8e-05 1.9e-05 3e-06 1e-06 0 0 0 0 0 0 0 0 0 
1 0.699608 0.294666 0.074826 0.01441 0.002493 0.000448 7.3e-05 1.4e-05 4e-06 1e-06 0 0 0 0 0 0 0 0 0 
1 0.699769 0.294902 0.074532 0.014321 0.002494 0.000448 6.3e-05 1.6e-05 1e-06 0 0 0 0 0 0 0 0 0 0 
1 0.699993 0.295733 0.074459 0.014365 0.002432 0.000404 7.4e-05 1.6e-05 3e-06 1e-06 0 0 0 0 0 0 0 0 0 
1 0.699743 0.295671 0.07467 0.014342 0.002515 0.000402 9.3e-05 2.1e-05 7e-06 2e-06 0 0 0 0 0 0 0 0 0 
1 0.700042 0.295037 0.074408 0.014293 0.002462 0.000409 5.9e-05 9e-06 2e-06 0 0 0 0 0 0 0 0 0 0 
1 0.699973 0.294498 0.073644 0.014169 0.002587 0.00045 9.1e-05 2.2e-05 3e-06 0 0 0 0 0 0 0 0 0 0 
1 0.699414 0.294668 0.074352 0.014289 0.002469 0.000431 6.9e-05 1.2e-05 0 0 0 0 0 0 0 0 0 0 0 
1 0.698661 0.294229 0.074508 0.014466 0.002546 0.000411 5.1e-05 4e-06 0 0 0 0 0 0 0 0 0 0 0 
1 0.699695 0.295205 0.073971 0.01419 0.002449 0.000419 5.2e-05 4e-06 0 0 0 0 0 0 0 0 0 0 0 
1 0.698705 0.294172 0.074207 0.014283 0.002496 0.000382 6.6e-05 1.3e-05 3e-06 2e-06 1e-06 0 0 0 0 0 0 0 0 
1 0.699461 0.295184 0.074618 0.014524 0.002471 0.000411 5.2e-05 5e-06 1e-06 0 0 0 0 0 0 0 0 0 0 
1 0.699991 0.296173 0.075489 0.014605 0.002528 0.000426 6.6e-05 1.3e-05 1e-06 1e-06 0 0 0 0 0 0 0 0 0 
1 0.699776 0.294665 0.074745 0.014243 0.002501 0.000444 8.2e-05 1e-05 2e-06 0 0 0 0 0 0 0 0 0 0 
1 0.69948 0.294107 0.074422 0.014521 0.002562 0.00049 9.6e-05 3.7e-05 7e-06 1e-06 0 0 0 0 0 0 0 0 0 
1 0.701863 0.29626 0.074538 0.013975 0.002292 0.000385 7.7e-05 6e-06 2.14009e-17 0 0 0 0 0 0 0 0 0 0 
1 0.700813 0.296233 0.074747 0.014673 0.002636 0.000468 7.8e-05 1.8e-05 5e-06 3e-06 0 0 0 0 0 0 0 0 0 
1 0.699788 0.294912 0.074252 0.014113 0.002365 0.000404 6.5e-05 1.4e-05 3e-06 0 0 0 0 0 0 0 0 0 0 
1 0.700122 0.295096 0.074915 0.014287 0.002446 0.000388 5.8e-05 1.1e-05 4.16225e-17 0 0 0 0 0 0 0 0 0 0 
1 0.699513 0.294281 0.073694 0.013938 0.002395 0.000379 4.7e-05 3e-06 3.30383e-17 0 0 0 0 0 0 0 0 0 0 
1 0.699636 0.294509 0.074881 0.014263 0.002505 0.000481 8.9e-05 1.1e-05 5e-06 0 0 0 0 0 0 0 0 0 0 
1 0.699337 0.294332 0.074294 0.014213 0.002551 0.000456 9e-05 1.6e-05 5.23354e-17 0 0 0 0 0 0 0 0 0 0 
1 0.699888 0.294722 0.073916 0.014174 0.002501 0.000376 5.8e-05 8e-06 3e-06 0 0 0 0 0 0 0 0 0 0 
1 0.699101 0.294503 0.074031 0.014254 0.002526 0.000462 7.5e-05 1.2e-05 3.54644e-17 0 0 0 0 0 0 0 0 0 0 
1 0.699421 0.295971 0.074718 0.014289 0.002353 0.000436 7.5e-05 1.1e-05 1e-06 0 0 0 0 0 0 0 0 0 0 
1 0.700539 0.296223 0.075206 0.014874 0.002688 0.000433 6.9e-05 1e-05 3e-06 4.0368e-17 0 0 0 0 0 0 0 0 0 
1 0.699904 0.294974 0.073851 0.014069 0.002311 0.000378 4.8e-05 1.2e-05 4e-06 5.05254e-17 0 0 0 0 0 0 0 0 0 
1 0.699806 0.294963 0.074174 0.014261 0.002522 0.000464 7.8e-05 2e-05 4e-06 1e-06 0 0 0 0 0 0 0 0 0 
1 0.70001 0.294559 0.074156 0.01398 0.00242 0.000383 6.3e-05 8e-06 2.2474e-17 0 0 0 0 0 0 0 0 0 0 
1 0.700018 0.296243 0.07472 0.014311 0.00252 0.000475 0.000106 3.6e-05 1.2e-05 6e-06 2e-06 1e-06 0 0 0 0 0 0 0 
1 0.699572 0.294259 0.073964 0.01393 0.002369 0.000411 6.8e-05 6e-06 0 0 0 0 0 0 0 0 0 0 0 
1 0.699964 0.294798 0.073806 0.014167 0.002521 0.000427 8.7e-05 1.9e-05 8e-06 5e-06 3e-06 1e-06 0 0 0 0 0 0 0 
1 0.700259 0.295796 0.074676 0.014277 0.002488 0.000374 6.3e-05 1e-05 1e-06 0 0 0 0 0 0 0 0 0 0 
1 0.700342 0.29651 0.074849 0.014713 0.002651 0.000444 9.8e-05 1.6e-05 9.62341e-18 0 0 0 0 0 0 0 0 0 0 
1 0.699636 0.295013 0.07456 0.014081 0.002398 0.000403 6.7e-05 1.1e-05 2e-06 0 0 0 0 0 0 0 0 0 0 
1 0.700822 0.296106 0.074995 0.01447 0.002595 0.000509 0.000118 2.2e-05 1.1e-05 8e-06 3e-06 1e-06 1.74852e-17 0 0 0 0 0 0 
1 0.70072 0.295276 0.074758 0.014482 0.002528 0.000436 6.1e-05 1.3e-05 8e-06 2e-06 0 0 0 0 0 0 0 0 0 
1 0.70066 0.295591 0.074774 0.014434 0.002466 0.000399 6.1e-05 9e-06 0 0 0 0 0 0 0 0 0 0 0 
1 0.699827 0.294353 0.073565 0.014053 0.002576 0.000489 6.9e-05 1e-05 2.74039e-17 0 0 0 0 0 0 0 0 0 0 
1 0.699551 0.294648 0.074383 0.01435 0.002557 0.000411 6.2e-05 1.4e-05 1.11833e-17 0 0 0 0 0 0 0 0 0 0 
1 0.699825 0.295146 0.074239 0.014433 0.002574 0.000497 8.3e-05 1.3e-05 2e-06 0 0 0 0 0 0 0 0 0 0 
1 0.700693 0.294584 0.074553 0.014384 0.002599 0.00043 8.1e-05 3e-06 0 0 0 0 0 0 0 0 0 0 0 
1 0.699949 0.295588 0.074864 0.014631 0.002511 0.000425 8e-05 1.6e-05 3e-06 0 0 0 0 0 0 0 0 0 0 
1 0.700143 0.294946 0.074072 0.014168 0.002517 0.000465 9.6e-05 2.5e-05 3e-06 1.74971e-18 0 0 0 0 0 0 0 0 0 
1 0.700102 0.29543 0.074909 0.014647 0.002577 0.000436 5.8e-05 8e-06 0 0 0 0 0 0 0 0 0 0 0 
1 0.698391 0.293606 0.073741 0.014002 0.002386 0.0004 5.3e-05 4.36157e-17 0 0 0 0 0 0 0 0 0 0 0 
1 0.700125 0.294808 0.07416 0.014068 0.002437 0.000437 8.3e-05 1.7e-05 4e-06 0 0 0 0 0 0 0 0 0 0 
1 0.701005 0.29636 0.07462 0.014195 0.002556 0.00051 0.000104 1.9e-05 2e-06 0 0 0 0 0 0 0 0 0 0 
1 0.699047 0.29425 0.073883 0.014218 0.002578 0.000443 7.9e-05 1.4e-05 1e-06 0 0 0 0 0 0 0 0 0 0 
1 0.699615 0.295528 0.074961 0.01449 0.002578 0.000418 5.6e-05 1.5e-05 1e-05 4e-06 1e-06 0 0 0 0 0 0 0 0 
1 0.700079 0.295518 0.074817 0.014424 0.00243 0.000416 7.2e-05 1.2e-05 1.04744e-17 0 0 0 0 0 0 0 0 0 0 
1 0.699739 0.294885 0.074349 0.014111 0.002448 0.000451 0.0001 2.2e-05 1e-05 4e-06 2e-06 0 0 0 0 0 0 0 0 
1 0.700463 0.29577 0.07466 0.014362 0.002506 0.000443 8.4e-05 2.2e-05 2e-06 0 0 0 0 0 0 0 0 0 0 
1 0.700209 0.295382 0.074725 0.01423 0.002487 0.000431 8.5e-05 1.4e-05 7e-06 2e-06 0 0 0 0 0 0 0 0 0 
1 0.699837 0.296032 0.074408 0.014204 0.002466 0.000456 9.5e-05 1.2e-05 3e-06 0 0 0 0 0 0 0 0 0 0 
1 0.699091 0.294357 0.074179 0.013957 0.002382 0.000385 6e-05 1.1e-05 0 0 0 0 0 0 0 0 0 0 0 
1 0.699641 0.295394 0.074413 0.014154 0.002346 0.000408 8.9e-05 1.4e-05 1e-06 0 0 0 0 0 0 0 0 0 0 
1 0.699464 0.294493 0.074314 0.014437 0.0024 0.000366 6e-05 4e-06 1e-06 0 0 0 0 0 0 0 0 0 0 
1 0.700371 0.295694 0.074882 0.014201 0.002472 0.000422 5.6e-05 1.1e-05 2e-06 1e-06 0 0 0 0 0 0 0 0 0 
1 0.699013 0.293637 0.073739 0.014439 0.002505 0.000416 7.5e-05 1.8e-05 3e-06 1e-06 0 0 0 0 0 0 0 0 0 
1 0.699297 0.294194 0.074564 0.01419 0.002513 0.000419 6.1e-05 1.1e-05 0 0 0 0 0 0 0 0 0 0 0 
1 0.700197 0.296281 0.075286 0.014808 0.002583 0.000454 7.9e-05 2e-05 4e-06 0 0 0 0 0 0 0 0 0 0 
1 0.700384 0.295783 0.074367 0.014057 0.002436 0.000408 6.7e-05 1e-05 1e-06 0 0 0 0 0 0 0 0 0 0 
1 0.699864 0.29484 0.07427 0.014223 0.002499 0.000434 6.5e-05 9e-06 2e-06 0 0 0 0 0 0 0 0 0 0 
1 0.6992 0.295186 0.074487 0.014239 0.00244 0.000411 6.1e-05 6e-06 2.0132e-17 0 0 0 0 0 0 0 0 0 0 
1 0.700864 0.296585 0.075122 0.014558 0.002521 0.000409 6.7e-05 8e-06 1e-06 0 0 0 0 0 0 0 0 0 0 
1 0.699604 0.295403 0.074859 0.01468 0.002657 0.00049 8e-05 9e-06 2e-06 0 0 0 0 0 0 0 0 0 0 
1 0.700284 0.295738 0.074707 0.014546 0.002461 0.000385 6.8e-05 5e-06 0 0 0 0 0 0 0 0 0 0 0 
1 0.69964 0.294163 0.073141 0.013821 0.0022 0.000344 4.2e-05 3e-06 0 0 0 0 0 0 0 0 0 0 0 
1 0.700057 0.295337 0.074131 0.014083 0.002427 0.000396 4.2e-05 4.59918e-17 4.59918e-17 0 0 0 0 0 0 0 0 0 0 
1 0.699964 0.295513 0.074538 0.014158 0.002458 0.000385 5.9e-05 1.3e-05 4e-06 0 0 0 0 0 0 0 0 0 0 
1 0.700119 0.296014 0.07531 0.014466 0.002568 0.000475 6.4e-05 1.3e-05 2.83426e-17 0 0 0 0 0 0 0 0 0 0 
1 0.699887 0.294617 0.075012 0.014709 0.002694 0.000463 8.8e-05 1.8e-05 1e-06 0 0 0 0 0 0 0 0 0 0 
1 0.700693 0.296263 0.074697 0.014286 0.002491 0.000391 4.5e-05 4e-06 1.91e-17 0 0 0 0 0 0 0 0 0 0 
1 0.699224 0.294489 0.074262 0.014276 0.002541 0.000438 7.5e-05 1e-05 2e-06 0 0 0 0 0 0 0 0 0 0 
1 0.699296 0.295629 0.074953 0.014592 0.002581 0.000447 8.5e-05 1.7e-05 4.8789e-17 0 0 0 0 0 0 0 0 0 0 
1 0.699717 0.294394 0.073312 0.013867 0.002394 0.000435 7e-05 3e-06 3.75577e-17 3.75577e-17 0 0 0 0 0 0 0 0 0 
1 0.701115 0.295655 0.074896 0.014527 0.00255 0.000459 8.2e-05 1.4e-05 2.50647e-17 0 0 0 0 0 0 0 0 0 0 
1 0.699441 0.294459 0.074275 0.014387 0.002572 0.000459 7.7e-05 1.6e-05 3e-06 0 0 0 0 0 0 0 0 0 0 
1 0.699336 0.294735 0.074935 0.014244 0.002383 0.000372 3.4e-05 3e-06 0 0 0 0 0 0 0 0 0 0 0 
1 0.699346 0.294555 0.07464 0.014515 0.002552 0.000397 5.7e-05 1e-05 1e-06 0 0 0 0 0 0 0 0 0 0 
1 0.699646 0.294418 0.073817 0.013853 0.002304 0.000343 3.8e-05 9e-06 0 0 0 0 0 0 0 0 0 0 0 
1 0.699935 0.295283 0.074081 0.013894 0.002414 0.000413 6e-05 1.2e-05 2e-06 0 0 0 0 0 0 0 0 0 0 
1 0.700315 0.294692 0.07426 0.014145 0.00248 0.000362 4.3e-05 4e-06 3.64925e-17 0 0 0 0 0 0 0 0 0 0 
1 0.700394 0.295814 0.074795 0.014277 0.002422 0.000345 5.4e-05 7e-06 2e-06 0 0 0 0 0 0 0 0 0 0 
1 0.699223 0.29521 0.074641 0.01425 0.002438 0.000363 5.6e-05 3e-06 0 0 0 0 0 0 0 0 0 0 0 
1 0.699373 0.294369 0.074625 0.014278 0.00235 0.000366 4.8e-05 2e-06 0 0 0 0 0 0 0 0 0 0 0 
1 0.700296 0.295705 0.074862 0.014688 0.002551 0.000447 7.7e-05 1.1e-05 1e-06 0 0 0 0 0 0 0 0 0 0 
1 0.700099 0.295714 0.074798 0.014205 0.002388 0.000402 7.3e-05 2e-05 2e-06 4.12256e-17 0 0 0 0 0 0 0 0 0 
1 0.699611 0.294963 0.074941 0.014663 0.002589 0.000444 8.6e-05 1.5e-05 4.62996e-17 0 0 0 0 0 0 0 0 0 0 
1 0.700049 0.29668 0.075684 0.014681 0.002702 0.000475 9.9e-05 2.1e-05 8e-06 1.74771e-17 0 0 0 0 0 0 0 0 0 
1 0.699692 0.293696 0.073988 0.013999 0.002514 0.000429 6.6e-05 1.3e-05 3e-06 0 0 0 0 0 0 0 0 0 0 
1 0.700871 0.295977 0.074423 0.014313 0.002517 0.000406 9.5e-05 1e-05 2e-06 1e-06 0 0 0 0 0 0 0 0 0 
1 0.700328 0.2955 0.074643 0.014469 0.002523 0.000404 7.3e-05 1e-05 3.83857e-17 0 0 0 0 0 0 0 0 0 0 
1 0.700152 0.295859 0.074968 0.014735 0.002616 0.000465 7.1e-05 1.6e-05 8e-06 0 0 0 0 0 0 0 0 0 0 
1 0.699463 0.294704 0.074462 0.014494 0.002549 0.000441 8.6e-05 1e-05 2.46836e-17 0 0 0 0 0 0 0 0 0 0 
1 0.69889 0.294088 0.0745 0.014421 0.002556 0.000428 8.4e-05 1.9e-05 7e-06 3e-06 0 0 0 0 0 0 0 0 0 
1 0.699945 0.294374 0.074545 0.014232 0.002391 0.000377 6.3e-05 1e-05 2.84203e-17 0 0 0 0 0 0 0 0 0 0 
1 0.699923 0.295035 0.074325 0.014352 0.002445 0.000399 6.9e-05 1e-05 5.55112e-17 0 0 0 0 0 0 0 0 0 0 
1 0.699246 0.294362 0.074268 0.014203 0.002425 0.000462 8.8e-05 1.7e-05 5e-06 1e-06 0 0 0 0 0 0 0 0 0 
1 0.69926 0.295066 0.074655 0.014472 0.002631 0.000474 9e-05 1.6e-05 2e-06 0 0 0 0 0 0 0 0 0 0 
1 0.699191 0.294638 0.074216 0.01414 0.002404 0.000427 7.7e-05 1.5e-05 6e-06 3e-06 0 0 0 0 0 0 0 0 0 
1 0.701196 0.297482 0.075717 0.014774 0.002579 0.000441 0.000102 2.4e-05 3e-06 0 0 0 0 0 0 0 0 0 0 
1 0.699702 0.295243 0.074297 0.014292 0.002474 0.000392 6.4e-05 1.5e-05 2e-06 1.53152e-17 0 0 0 0 0 0 0 0 0 
1 0.700021 0.295564 0.074555 0.014541 0.002561 0.000472 0.000113 2.2e-05 1e-06 0 0 0 0 0 0 0 0 0 0 
1 0.700553 0.295949 0.073999 0.014379 0.002495 0.000376 6.3e-05 3e-06 5.02978e-17 0 0 0 0 0 0 0 0 0 0 
1 0.700085 0.296015 0.074957 0.014714 0.002672 0.000489 0.00012 2.9e-05 9e-06 5e-06 1e-06 0 0 0 0 0 0 0 0 
1 0.698653 0.29434 0.074355 0.014079 0.002498 0.000407 6.7e-05 1.4e-05 1e-06 0 0 0 0 0 0 0 0 0 0 
1 0.699592 0.295318 0.074675 0.014366 0.002539 0.00046 9.3e-05 1.5e-05 4e-06 1e-06 0 0 0 0 0 0 0 0 0 
1 0.698916 0.294795 0.074006 0.014324 0.002544 0.000427 7.8e-05 1.8e-05 6e-06 1e-06 0 0 0 0 0 0 0 0 0 
1 0.70017 0.295655 0.075004 0.014333 0.002652 0.000479 7.8e-05 1.8e-05 4e-06 0 0 0 0 0 0 0 0 0 0 
1 0.700554 0.295914 0.074773 0.014371 0.002547 0.000425 7.8e-05 1.4e-05 2e-06 0 0 0 0 0 0 0 0 0 0 
1 0.701536 0.296409 0.074973 0.014526 0.00253 0.000457 0.000104 3e-05 1.1e-05 5e-06 0 0 0 0 0 0 0 0 0 
1 0.700592 0.296631 0.075026 0.014194 0.002512 0.000435 8e-05 2.7e-05 5e-06 4.6409e-17 0 0 0 0 0 0 0 0 0 
1 0.699771 0.294718 0.074513 0.014253 0.002604 0.000432 8e-05 1.7e-05 8e-06 0 0 0 0 0 0 0 0 0 0 
1 0.700652 0.295888 0.074419 0.014069 0.002427 0.00039 7.6e-05 9e-06 1e-06 0 0 0 0 0 0 0 0 0 0 
1 0.699537 0.294553 0.073764 0.014034 0.002514 0.000445 8.2e-05 2.1e-05 1.1e-05 1e-06 0 0 0 0 0 0 0 0 0 
1 0.699149 0.294247 0.073673 0.014025 0.00245 0.000409 8.1e-05 1.2e-05 1e-06 0 0 0 0 0 0 0 0 0 0 
1 0.699136 0.294769 0.074435 0.014593 0.002735 0.00051 9.5e-05 2.2e-05 8e-06 1e-06 0 0 0 0 0 0 0 0 0 
1 0.698666 0.29413 0.073968 0.014059 0.002455 0.000417 6e-05 1.6e-05 2e-06 0 0 0 0 0 0 0 0 0 0 
1 0.698957 0.294351 0.074221 0.014257 0.002469 0.000351 5.1e-05 5e-06 0 0 0 0 0 0 0 0 0 0 0 
1 0.699648 0.294979 0.074714 0.01409 0.00242 0.000412 5.6e-05 7e-06 0 0 0 0 0 0 0 0 0 0 0 
1 0.699524 0.294144 0.073486 0.014134 0.002516 0.000422 7.1e-05 1.1e-05 3e-06 0 0 0 0 0 0 0 0 0 0 
1 0.699315 0.295082 0.074754 0.014632 0.002596 0.000443 6.5e-05 1.5e-05 5e-06 4e-06 1e-06 0 0 0 0 0 0 0 0 
1 0.701006 0.296397 0.074735 0.014409 0.002573 0.000452 8.3e-05 2.4e-05 5e-06 1e-06 0 0 0 0 0 0 0 0 0 
1 0.700522 0.295531 0.074494 0.01438 0.002566 0.000459 7.2e-05 1.2e-05 3e-06 3.71927e-17 0 0 0 0 0 0 0 0 0 
1 0.698555 0.295107 0.074327 0.014054 0.002468 0.000409 5.8e-05 5e-06 1e-06 0 0 0 0 0 0 0 0 0 0 
1 0.700684 0.295858 0.074781 0.014286 0.00242 0.000373 6.8e-05 1.4e-05 4e-06 3.73523e-17 0 0 0 0 0 0 0 0 0 
1 0.699893 0.29493 0.074388 0.014109 0.002474 0.000437 7.2e-05 9e-06 5.50995e-17 0 0 0 0 0 0 0 0 0 0 
1 0.700242 0.295591 0.07454 0.014255 0.002602 0.000508 0.0001 1.9e-05 6e-06 1e-06 0 0 0 0 0 0 0 0 0 
1 0.699363 0.295152 0.074317 0.014209 0.002672 0.000451 6.8e-05 1.3e-05 7e-06 1e-06 0 0 0 0 0 0 0 0 0 
1 0.70011 0.294822 0.073922 0.014026 0.002439 0.00043 7.2e-05 7e-06 1e-06 0 0 0 0 0 0 0 0 0 0 
1 0.699886 0.294538 0.074575 0.014421 0.002502 0.000403 5.8e-05 1.1e-05 0 0 0 0 0 0 0 0 0 0 0 
1 0.699079 0.294716 0.074248 0.014229 0.002586 0.000464 0.000103 2.5e-05 8e-06 4e-06 1e-06 0 0 0 0 0 0 0 0 
1 0.699837 0.294518 0.07446 0.014187 0.002471 0.000373 4.4e-05 6e-06 0 0 0 0 0 0 0 0 0 0 0 
1 0.699508 0.294878 0.074944 0.014412 0.002616 0.000448 7.1e-05 5e-06 1e-06 0 0 0 0 0 0 0 0 0 0 
1 0.698823 0.295458 0.074936 0.014554 0.002559 0.000413 6.9e-05 1e-05 1e-06 0 0 0 0 0 0 0 0 0 0 
1 0.700178 0.295012 0.074271 0.014284 0.002561 0.000434 8.6e-05 2.1e-05 4e-06 1e-06 0 0 0 0 0 0 0 0 0 
1 0.699811 0.29539 0.074713 0.014391 0.002601 0.000486 7.6e-05 1e-05 3e-06 0 0 0 0 0 0 0 0 0 0 
1 0.701973 0.296711 0.074907 0.014347 0.002469 0.000412 8.1e-05 1.6e-05 1e-06 0 0 0 0 0 0 0 0 0 0 
1 0.699192 0.294816 0.074831 0.014488 0.002498 0.000417 6.9e-05 1.4e-05 2e-06 0 0 0 0 0 0 0 0 0 0 
1 0.700501 0.295823 0.073935 0.013982 0.002395 0.000389 6.9e-05 9e-06 2.61585e-17 0 0 0 0 0 0 0 0 0 0 
1 0.69941 0.294192 0.073677 0.014083 0.002467 0.0004 8.1e-05 1.7e-05 2e-06 0 0 0 0 0 0 0 0 0 0 
1 0.70032 0.295569 0.074292 0.014225 0.002529 0.00043 7.4e-05 1.2e-05 3e-06 0 0 0 0 0 0 0 0 0 0 
1 0.69926 0.293509 0.073113 0.013701 0.002295 0.000394 6.4e-05 8e-06 3e-06 0 0 0 0 0 0 0 0 0 0 
1 0.700917 0.295452 0.074309 0.014171 0.002468 0.00045 8.8e-05 2.3e-05 6e-06 1e-06 0 0 0 0 0 0 0 0 0 
1 0.699982 0.295775 0.074483 0.014133 0.002455 0.000385 4.7e-05 2e-06 0 0 0 0 0 0 0 0 0 0 0 
1 0.700323 0.296014 0.074827 0.014502 0.002561 0.000444 0.000106 1.8e-05 1.69284e-17 0 0 0 0 0 0 0 0 0 0 
1 0.699842 0.294932 0.074806 0.014436 0.002622 0.000424 8e-05 1.1e-05 1e-06 1e-06 0 0 0 0 0 0 0 0 0 
1 0.700049 0.295223 0.074371 0.014509 0.002562 0.000506 0.000101 1.2e-05 2e-06 1.25019e-17 0 0 0 0 0 0 0 0 0 
1 0.700391 0.295836 0.074139 0.014255 0.002537 0.000455 7e-05 1.2e-05 1e-06 0 0 0 0 0 0 0 0 0 0 
1 0.699581 0.294513 0.074335 0.014295 0.002495 0.000365 7.6e-05 1.2e-05 4e-06 2.38146e-17 0 0 0 0 0 0 0 0 0 
1 0.701292 0.296357 0.074888 0.014499 0.002539 0.000439 6.9e-05 1.7e-05 1e-06 0 0 0 0 0 0 0 0 0 0 
1 0.698959 0.294294 0.074125 0.014024 0.00233 0.000369 5.1e-05 9e-06 2e-06 0 0 0 0 0 0 0 0 0 0 
1 0.699983 0.295015 0.074212 0.014271 0.0025 0.000437 7.8e-05 1.8e-05 1e-06 0 0 0 0 0 0 0 0 0 0 
1 0.700203 0.295118 0.074322 0.01409 0.002503 0.000476 8.2e-05 2e-05 3e-06 0 0 0 0 0 0 0 0 0 0 
1 0.699902 0.296577 0.074974 0.014777 0.002673 0.000427 7.1e-05 7e-06 4.52788e-17 0 0 0 0 0 0 0 0 0 0 
1 0.700569 0.295459 0.074656 0.014473 0.002486 0.000451 8.4e-05 9e-06 0 0 0 0 0 0 0 0 0 0 0 
1 0.700833 0.296116 0.075065 0.014525 0.002499 0.000406 5.2e-05 6e-06 1.57852e-17 0 0 0 0 0 0 0 0 0 0 
1 0.700736 0.296375 0.074679 0.014182 0.002489 0.000404 6.5e-05 8e-06 3.96819e-17 3.96819e-17 0 0 0 0 0 0 0 0 0 
1 0.700106 0.294859 0.074811 0.014268 0.002464 0.000391 6.7e-05 1.4e-05 2e-06 0 0 0 0 0 0 0 0 0 0 
1 0.699905 0.295942 0.075157 0.014772 0.002657 0.000443 9.2e-05 1.2e-05 0 0 0 0 0 0 0 0 0 0 0 
1 0.700083 0.29496 0.074067 0.014324 0.002446 0.000397 4.7e-05 4e-06 0 0 0 0 0 0 0 0 0 0 0 
1 0.70048 0.295918 0.074186 0.014066 0.002364 0.000377 6.7e-05 6e-06 0 0 0 0 0 0 0 0 0 0 0 
1 0.699066 0.294578 0.074131 0.013994 0.002423 0.000478 7.2e-05 1.1e-05 0 0 0 0 0 0 0 0 0 0 0 
1 0.699471 0.295085 0.075043 0.014506 0.00254 0.000433 6.6e-05 6e-06 0 0 0 0 0 0 0 0 0 0 0 
1 0.699353 0.295187 0.074513 0.014312 0.002473 0.0004 5.7e-05 1.4e-05 3e-06 0 0 0 0 0 0 0 0 0 0 
1 0.699294 0.295431 0.074762 0.014373 0.002475 0.000413 5.5e-05 4e-06 0 0 0 0 0 0 0 0 0 0 0 
1 0.700164 0.295537 0.074402 0.014009 0.002426 0.000481 8.2e-05 1.2e-05 1e-06 0 0 0 0 0 0 0 0 0 0 
1 0.700617 0.294762 0.073966 0.014065 0.002476 0.000405 7e-05 1.1e-05 4e-06 0 0 0 0 0 0 0 0 0 0 
1 0.699887 0.29465 0.074104 0.01409 0.002499 0.000418 6.5e-05 6e-06 1e-06 0 0 0 0 0 0 0 0 0 0 
1 0.700592 0.294227 0.074377 0.014393 0.002476 0.000344 5.3e-05 1.2e-05 3e-06 1e-06 0 0 0 0 0 0 0 0 0 
1 0.69955 0.294207 0.074085 0.01432 0.002503 0.00043 7.6e-05 1.5e-05 2e-06 1e-06 0 0 0 0 0 0 0 0 0 
1 0.69936 0.294669 0.073974 0.014426 0.002631 0.000447 7.9e-05 8e-06 0 0 0 0 0 0 0 0 0 0 0 
1 0.699451 0.294965 0.075092 0.014576 0.002677 0.000506 9e-05 1.1e-05 0 0 0 0 0 0 0 0 0 0 0 
1 0.700668 0.294958 0.074719 0.014217 0.002566 0.000446 6.3e-05 8e-06 1e-06 4.655e-17 0 0 0 0 0 0 0 0 0 
1 0.69966 0.29483 0.073765 0.014347 0.002444 0.000417 8.9e-05 1.7e-05 4e-06 1e-06 0 0 0 0 0 0 0 0 0 
1 0.700142 0.295067 0.074554 0.014331 0.002552 0.000465 9.6e-05 1.1e-05 1e-06 0 0 0 0 0 0 0 0 0 0 
1 0.699798 0.294504 0.074093 0.013797 0.002337 0.00042 5.9e-05 6e-06 0 0 0 0 0 0 0 0 0 0 0 
1 0.700859 0.296221 0.074452 0.014341 0.00243 0.000407 7.8e-05 7e-06 0 0 0 0 0 0 0 0 0 0 0 
1 0.700688 0.296204 0.074665 0.013824 0.002395 0.000408 5.5e-05 6e-06 0 0 0 0 0 0 0 0 0 0 0 
1 0.699327 0.293994 0.073645 0.013915 0.002457 0.000392 5.2e-05 9e-06 3e-06 1e-06 0 0 0 0 0 0 0 0 0 
1 0.699778 0.295363 0.074117 0.01435 0.002464 0.0004 5.8e-05 1.2e-05 4e-06 0 0 0 0 0 0 0 0 0 0 
1 0.70008 0.294264 0.073616 0.014013 0.002457 0.000396 6.7e-05 1.3e-05 1e-06 0 0 0 0 0 0 0 0 0 0 
1 0.700133 0.295659 0.074782 0.014138 0.002492 0.000435 8.3e-05 9e-06 0 0 0 0 0 0 0 0 0 0 0 
1 0.700153 0.296256 0.074915 0.014463 0.002589 0.000503 0.0001 1.4e-05 4e-06 2.8367e-17 0 0 0 0 0 0 0 0 0 
1 0.700608 0.296377 0.07565 0.014664 0.002593 0.000446 7.1e-05 9e-06 1e-06 0 0 0 0 0 0 0 0 0 0 
1 0.699121 0.294453 0.07416 0.014366 0.002507 0.000441 6.9e-05 5e-06 3.64395e-17 0 0 0 0 0 0 0 0 0 0 
1 0.699464 0.29559 0.075391 0.014402 0.002578 0.00043 7.2e-05 1.1e-05 5.19168e-18 0 0 0 0 0 0 0 0 0 0 
1 0.700199 0.295285 0.074723 0.014113 0.002533 0.000473 9.5e-05 2e-05 3e-06 2.54269e-18 0 0 0 0 0 0 0 0 0 
1 0.699751 0.295448 0.075214 0.014556 0.002546 0.00043 9.2e-05 1.5e-05 1e-06 0 0 0 0 0 0 0 0 0 0 
1 0.701617 0.296915 0.07464 0.014281 0.002521 0.000403 5.3e-05 7e-06 5.28699e-17 0 0 0 0 0 0 0 0 0 0 
1 0.701313 0.296297 0.075404 0.014522 0.002602 0.000425 7.9e-05 1.8e-05 3e-06 0 0 0 0 0 0 0 0 0 0 
1 0.699036 0.29437 0.074415 0.014346 0.002559 0.000433 7.9e-05 1.5e-05 2e-06 7.21256e-18 0 0 0 0 0 0 0 0 0 
1 0.699445 0.29537 0.075189 0.014537 0.002609 0.000445 8.2e-05 1.2e-05 3.62119e-17 0 0 0 0 0 0 0 0 0 0 
1 0.69987 0.295573 0.074798 0.014363 0.002476 0.00041 5.5e-05 4e-06 0 0 0 0 0 0 0 0 0 0 0 
1 0.698893 0.294699 0.075031 0.014413 0.002489 0.000407 4.7e-05 4e-06 0 0 0 0 0 0 0 0 0 0 0 
1 0.7007 0.295116 0.074047 0.014371 0.002313 0.000356 4.5e-05 4e-06 1e-06 0 0 0 0 0 0 0 0 0 0 
1 0.699323 0.294787 0.074503 0.014557 0.002616 0.000447 7.4e-05 9e-06 5.32721e-17 0 0 0 0 0 0 0 0 0 0 
1 0.700129 0.296115 0.075089 0.014655 0.002612 0.000444 5e-05 4e-06 1e-06 0 0 0 0 0 0 0 0 0 0 
1 0.699896 0.295373 0.074592 0.014019 0.002359 0.000376 5.6e-05 4e-06 0 0 0 0 0 0 0 0 0 0 0 
1 0.700649 0.295363 0.074651 0.014217 0.002426 0.000358 4.8e-05 9e-06 3e-06 0 0 0 0 0 0 0 0 0 0 
1 0.701035 0.29535 0.074223 0.014151 0.002425 0.000363 6.3e-05 1.9e-05 6e-06 2e-06 0 0 0 0 0 0 0 0 0 
1 0.699531 0.294199 0.073676 0.013767 0.002328 0.000371 4.5e-05 7e-06 0 0 0 0 0 0 0 0 0 0 0 
1 0.700194 0.295878 0.074994 0.014468 0.002444 0.000409 6.8e-05 1.4e-05 5e-06 1e-06 0 0 0 0 0 0 0 0 0 
1 0.699928 0.295044 0.074516 0.01438 0.002435 0.000406 5.8e-05 7e-06 2e-06 0 0 0 0 0 0 0 0 0 0 
1 0.701748 0.296912 0.07563 0.014806 0.002789 0.000497 9.4e-05 2.3e-05 5e-06 0 0 0 0 0 0 0 0 0 0 
1 0.699431 0.295156 0.074448 0.014294 0.002615 0.000403 8.1e-05 1.5e-05 1e-06 0 0 0 0 0 0 0 0 0 0 
1 0.701054 0.295025 0.074346 0.014316 0.002633 0.000439 8.2e-05 7e-06 1e-06 0 0 0 0 0 0 0 0 0 0 
1 0.699846 0.294311 0.073813 0.014389 0.002472 0.000416 6.3e-05 1e-05 1e-06 0 0 0 0 0 0 0 0 0 0 
1 0.699633 0.294693 0.073959 0.01408 0.002464 0.000434 7.6e-05 1.2e-05 2.35881e-17 0 0 0 0 0 0 0 0 0 0 
1 0.698963 0.293485 0.073678 0.01423 0.002552 0.000485 9.5e-05 1.6e-05 3e-06 0 0 0 0 0 0 0 0 0 0 
1 0.700317 0.295509 0.074642 0.014438 0.002499 0.000415 8.6e-05 2.2e-05 5e-06 3.4667e-17 0 0 0 0 0 0 0 0 0 
1 0.699799 0.294166 0.074271 0.014692 0.00268 0.000476 8.9e-05 1.1e-05 3.77193e-17 0 0 0 0 0 0 0 0 0 0 
1 0.700295 0.295188 0.074254 0.014485 0.00259 0.000484 0.000104 1.9e-05 3e-06 0 0 0 0 0 0 0 0 0 0 
1 0.70173 0.297845 0.07572 0.014877 0.002671 0.000447 7.8e-05 1.7e-05 8e-06 2e-06 1e-06 0 0 0 0 0 0 0 0 
1 0.699795 0.294511 0.073848 0.014155 0.002562 0.000496 0.0001 1.3e-05 1.95291e-17 0 0 0 0 0 0 0 0 0 0 
1 0.700545 0.296215 0.074736 0.014604 0.002574 0.000431 8e-05 1.1e-05 1e-06 0 0 0 0 0 0 0 0 0 0 
1 0.699706 0.294905 0.074094 0.014141 0.002478 0.000429 7.3e-05 9e-06 2e-06 0 0 0 0 0 0 0 0 0 0 
1 0.700732 0.296619 0.074254 0.01431 0.002605 0.000447 7.1e-05 1.3e-05 2e-06 0 0 0 0 0 0 0 0 0 0 
1 0.700109 0.295887 0.07457 0.014147 0.002541 0.000448 8.2e-05 1.4e-05 5e-06 0 0 0 0 0 0 0 0 0 0 
1 0.69998 0.294659 0.07437 0.014492 0.002566 0.000463 8.3e-05 2.3e-05 2e-06 0 0 0 0 0 0 0 0 0 0 
1 0.702027 0.298034 0.075549 0.014603 0.002496 0.000467 9.1e-05 1.6e-05 1e-06 0 0 0 0 0 0 0 0 0 0 
1 0.699788 0.295161 0.07496 0.014624 0.002599 0.000471 7.9e-05 9e-06 2e-06 0 0 0 0 0 0 0 0 0 0 
1 0.70079 0.295118 0.074315 0.014639 0.002597 0.000447 7.2e-05 1.3e-05 0 0 0 0 0 0 0 0 0 0 0 
