1 0.950313 0.780587 0.388501 0.055469 0.0014552 1.31e-05 0 0 0 0 0 0 0 0 0 0 0 0 0 
1 0.950059 0.779734 0.388012 0.0570641 0.00192805 4.32e-05 1e-07 0 0 0 0 0 0 0 0 0 0 0 0 
1 0.949271 0.776435 0.382161 0.0538507 0.0015655 7.5e-06 0 0 0 0 0 0 0 0 0 0 0 0 0 
1 0.949842 0.778639 0.385294 0.0545751 0.00150065 1.51e-05 0 0 0 0 0 0 0 0 0 0 0 0 0 
1 0.950052 0.77924 0.387068 0.0570505 0.0018444 1.01e-05 0 0 0 0 0 0 0 0 0 0 0 0 0 
1 0.950281 0.780101 0.388374 0.0560843 0.00158405 8.75e-06 0 0 0 0 0 0 0 0 0 0 0 0 0 
1 0.950629 0.781673 0.390259 0.0555867 0.001411 5.2e-06 0 0 0 0 0 0 0 0 0 0 0 0 0 
1 0.949947 0.77884 0.386748 0.057408 0.00218585 7.905e-05 3.35e-06 0 0 0 0 0 0 0 0 0 0 0 0 
1 0.949061 0.775301 0.379511 0.0526552 0.0013171 7.5e-06 0 0 0 0 0 0 0 0 0 0 0 0 0 
1 0.949843 0.778687 0.386929 0.0566854 0.0016457 1.51e-05 5e-08 0 0 0 0 0 0 0 0 0 0 0 0 
1 0.949794 0.778005 0.383683 0.0532217 0.0012241 7.5e-06 0 0 0 0 0 0 0 0 0 0 0 0 0 
1 0.950628 0.781725 0.391833 0.0583153 0.00170935 1.77e-05 0 0 0 0 0 0 0 0 0 0 0 0 0 
1 0.949747 0.778271 0.385204 0.054162 0.00153285 5.825e-05 2.5e-07 0 0 0 0 0 0 0 0 0 0 0 0 
1 0.948811 0.774738 0.379258 0.0527991 0.00128995 3.7e-06 -3.46945e-18 0 0 0 0 0 0 0 0 0 0 0 0 
1 0.949974 0.779105 0.386761 0.0561497 0.0015576 5e-06 0 0 0 0 0 0 0 0 0 0 0 0 0 
1 0.949373 0.777088 0.383698 0.0551798 0.001524 6.7e-06 0 0 0 0 0 0 0 0 0 0 0 0 0 
1 0.950013 0.779069 0.386396 0.0556515 0.00170545 1.59e-05 0 0 0 0 0 0 0 0 0 0 0 0 0 
1 0.950364 0.780495 0.388324 0.0558344 0.0014669 4.15e-06 0 0 0 0 0 0 0 0 0 0 0 0 0 
1 0.94987 0.778529 0.386502 0.0566103 0.00169585 1.4e-05 0 0 0 0 0 0 0 0 0 0 0 0 0 
1 0.950173 0.779648 0.386816 0.0556057 0.0015157 2.155e-05 1.5e-07 0 0 0 0 0 0 0 0 0 0 0 0 
1 0.949881 0.778647 0.385922 0.0551352 0.0014367 8e-06 0 0 0 0 0 0 0 0 0 0 0 0 0 
1 0.949946 0.778553 0.38458 0.0529956 0.0011786 6.05e-06 0 0 0 0 0 0 0 0 0 0 0 0 0 
1 0.950207 0.780232 0.388683 0.0565455 0.0015903 1.79e-05 0 0 0 0 0 0 0 0 0 0 0 0 0 
1 0.950849 0.782677 0.394481 0.0589601 0.0015609 4.75e-06 0 0 0 0 0 0 0 0 0 0 0 0 0 
1 0.949201 0.776148 0.381315 0.0545053 0.0019094 3.085e-05 0 0 0 0 0 0 0 0 0 0 0 0 0 
1 0.950197 0.780195 0.389279 0.058166 0.0019207 1.005e-05 0 0 0 0 0 0 0 0 0 0 0 0 0 
1 0.949767 0.77832 0.385381 0.0549333 0.0015075 1.065e-05 0 0 0 0 0 0 0 0 0 0 0 0 0 
1 0.949946 0.778664 0.385497 0.0551678 0.0017907 4.19e-05 5e-08 0 0 0 0 0 0 0 0 0 0 0 0 
1 0.949625 0.777436 0.383004 0.0538608 0.00128295 9.1e-06 0 0 0 0 0 0 0 0 0 0 0 0 0 
1 0.949591 0.777839 0.383796 0.0536633 0.0014327 6.7e-06 0 0 0 0 0 0 0 0 0 0 0 0 0 
1 0.950198 0.779856 0.388217 0.0563805 0.0015676 1.1e-05 0 0 0 0 0 0 0 0 0 0 0 0 0 
1 0.95006 0.779213 0.386102 0.0546587 0.0014864 1.03e-05 0 0 0 0 0 0 0 0 0 0 0 0 0 
1 0.950471 0.781463 0.390058 0.0557938 0.0012565 1.95e-06 0 0 0 0 0 0 0 0 0 0 0 0 0 
1 0.950554 0.78142 0.391241 0.0579949 0.0017329 7.65e-06 0 0 0 0 0 0 0 0 0 0 0 0 0 
1 0.950509 0.781206 0.390967 0.0572 0.00145105 1.85e-06 0 0 0 0 0 0 0 0 0 0 0 0 0 
1 0.950517 0.781528 0.391789 0.0586171 0.0018048 1.315e-05 0 0 0 0 0 0 0 0 0 0 0 0 0 
1 0.950303 0.780301 0.389747 0.0582045 0.0019144 3.03e-05 0 0 0 0 0 0 0 0 0 0 0 0 0 
1 0.950205 0.779889 0.388225 0.0564883 0.0017889 2.795e-05 0 0 0 0 0 0 0 0 0 0 0 0 0 
1 0.95079 0.782506 0.393176 0.0592425 0.00176425 9.55e-06 0 0 0 0 0 0 0 0 0 0 0 0 0 
1 0.950014 0.779747 0.388161 0.056178 0.00150435 6.45e-06 0 0 0 0 0 0 0 0 0 0 0 0 0 
1 0.949543 0.777028 0.382472 0.0531043 0.0013822 1.015e-05 -3.46945e-18 0 0 0 0 0 0 0 0 0 0 0 0 
1 0.950442 0.781166 0.390651 0.0577223 0.00167595 6.95e-06 0 0 0 0 0 0 0 0 0 0 0 0 0 
1 0.95033 0.780786 0.390137 0.0575028 0.0017466 2.005e-05 0 0 0 0 0 0 0 0 0 0 0 0 0 
1 0.949145 0.775949 0.380761 0.053463 0.0015696 1.085e-05 0 0 0 0 0 0 0 0 0 0 0 0 0 
1 0.949545 0.777558 0.383775 0.0551503 0.0017456 6.215e-05 1.05e-06 0 0 0 0 0 0 0 0 0 0 0 0 
1 0.950461 0.781056 0.389772 0.0566688 0.0016521 1.065e-05 0 0 0 0 0 0 0 0 0 0 0 0 0 
1 0.949667 0.778067 0.385231 0.055757 0.00164725 1.965e-05 0 0 0 0 0 0 0 0 0 0 0 0 0 
1 0.949935 0.778811 0.386775 0.0559464 0.00191745 0.0001443 3.1e-06 0 0 0 0 0 0 0 0 0 0 0 0 
1 0.950209 0.780051 0.387935 0.0559273 0.00123975 1.3e-06 0 0 0 0 0 0 0 0 0 0 0 0 0 
1 0.950017 0.779491 0.388181 0.0568239 0.00154825 5.9e-06 0 0 0 0 0 0 0 0 0 0 0 0 0 
1 0.949622 0.777657 0.383351 0.0529394 0.0012517 1.56e-05 0 0 0 0 0 0 0 0 0 0 0 0 0 
1 0.950297 0.780292 0.389472 0.0586499 0.0021131 2.58e-05 0 0 0 0 0 0 0 0 0 0 0 0 0 
1 0.949874 0.778533 0.384813 0.0550956 0.0015 1.355e-05 3e-07 0 0 0 0 0 0 0 0 0 0 0 0 
1 0.949457 0.776828 0.382517 0.0539273 0.001196 2.95e-06 0 0 0 0 0 0 0 0 0 0 0 0 0 
1 0.949637 0.777774 0.383661 0.053859 0.00135955 5.6e-06 0 0 0 0 0 0 0 0 0 0 0 0 0 
1 0.94956 0.777358 0.382913 0.0540976 0.00146045 9.1e-06 0 0 0 0 0 0 0 0 0 0 0 0 0 
1 0.949724 0.778168 0.384719 0.0552722 0.00156575 3.95e-06 0 0 0 0 0 0 0 0 0 0 0 0 0 
1 0.949807 0.778552 0.386196 0.0565391 0.0016496 1.92e-05 0 0 0 0 0 0 0 0 0 0 0 0 0 
1 0.949796 0.778082 0.384918 0.0550662 0.00148345 4.95e-06 0 0 0 0 0 0 0 0 0 0 0 0 0 
1 0.949549 0.777812 0.384622 0.0551023 0.00146805 1.035e-05 0 0 0 0 0 0 0 0 0 0 0 0 0 
1 0.950308 0.780792 0.390717 0.0579079 0.00168375 1.71e-05 0 0 0 0 0 0 0 0 0 0 0 0 0 
1 0.949418 0.777133 0.383437 0.055078 0.001527 9.2e-06 0 0 0 0 0 0 0 0 0 0 0 0 0 
1 0.9502 0.780079 0.38861 0.0562113 0.0014713 5.45e-06 0 0 0 0 0 0 0 0 0 0 0 0 0 
1 0.949948 0.778878 0.386061 0.0548421 0.00125225 1.7e-06 0 0 0 0 0 0 0 0 0 0 0 0 0 
1 0.94954 0.777648 0.383862 0.054466 0.00162585 2.18e-05 0 0 0 0 0 0 0 0 0 0 0 0 0 
1 0.950389 0.780707 0.390354 0.0580253 0.0016655 1.22e-05 0 0 0 0 0 0 0 0 0 0 0 0 0 
1 0.94943 0.776548 0.381246 0.0527343 0.00127255 8e-06 0 0 0 0 0 0 0 0 0 0 0 0 0 
1 0.95019 0.780048 0.387838 0.0545796 0.00110525 2.45e-06 0 0 0 0 0 0 0 0 0 0 0 0 0 
1 0.949794 0.778535 0.385516 0.054972 0.0013144 1.85e-06 0 0 0 0 0 0 0 0 0 0 0 0 0 
1 0.950556 0.781623 0.391735 0.0577681 0.00151355 4.85e-06 0 0 0 0 0 0 0 0 0 0 0 0 0 
1 0.950477 0.780766 0.389268 0.0563256 0.00180585 2.4e-05 0 0 0 0 0 0 0 0 0 0 0 0 0 
1 0.94948 0.777006 0.382076 0.0532381 0.0012841 7.5e-06 0 0 0 0 0 0 0 0 0 0 0 0 0 
1 0.950424 0.781043 0.391014 0.0573478 0.00158495 1.13e-05 4.5e-07 0 0 0 0 0 0 0 0 0 0 0 0 
1 0.950412 0.780894 0.390587 0.0573943 0.0015147 1.405e-05 0 0 0 0 0 0 0 0 0 0 0 0 0 
1 0.94941 0.776841 0.382895 0.0552027 0.0016477 6.05e-06 0 0 0 0 0 0 0 0 0 0 0 0 0 
1 0.949768 0.778573 0.38585 0.0558223 0.00169105 1.245e-05 0 0 0 0 0 0 0 0 0 0 0 0 0 
1 0.950778 0.782477 0.393458 0.0587947 0.00162875 1.495e-05 2e-07 0 0 0 0 0 0 0 0 0 0 0 0 
1 0.949394 0.776675 0.381739 0.0537794 0.00139075 1.295e-05 0 0 0 0 0 0 0 0 0 0 0 0 0 
1 0.950875 0.782485 0.392524 0.0574498 0.0014697 5.05e-06 0 0 0 0 0 0 0 0 0 0 0 0 0 
1 0.949807 0.778533 0.385969 0.0567162 0.001991 2.575e-05 0 0 0 0 0 0 0 0 0 0 0 0 0 
1 0.949414 0.777233 0.383259 0.0543508 0.0014876 5.15e-06 0 0 0 0 0 0 0 0 0 0 0 0 0 
1 0.949926 0.779001 0.385887 0.0544206 0.0011092 3.7e-06 0 0 0 0 0 0 0 0 0 0 0 0 0 
1 0.949928 0.779369 0.387343 0.0555492 0.00145215 6.75e-06 0 0 0 0 0 0 0 0 0 0 0 0 0 
1 0.950562 0.781259 0.390947 0.0579773 0.00173305 3.2e-06 0 0 0 0 0 0 0 0 0 0 0 0 0 
1 0.950132 0.779733 0.387546 0.0553846 0.00157545 2.295e-05 0 0 0 0 0 0 0 0 0 0 0 0 0 
1 0.951074 0.782987 0.393454 0.0574811 0.00166125 2.71e-05 0 0 0 0 0 0 0 0 0 0 0 0 0 
1 0.949561 0.777418 0.383067 0.053164 0.00120845 9.05e-06 0 0 0 0 0 0 0 0 0 0 0 0 0 
1 0.950157 0.780068 0.388396 0.0563171 0.001585 1.35e-05 0 0 0 0 0 0 0 0 0 0 0 0 0 
1 0.950631 0.781746 0.392659 0.0590617 0.00164695 4.3e-06 0 0 0 0 0 0 0 0 0 0 0 0 0 
1 0.949397 0.777122 0.38245 0.0533498 0.00131745 7.75e-06 0 0 0 0 0 0 0 0 0 0 0 0 0 
1 0.949609 0.777596 0.384069 0.0546367 0.00129645 2.65e-06 0 0 0 0 0 0 0 0 0 0 0 0 0 
1 0.949267 0.776418 0.380855 0.0524155 0.00128475 4.9e-06 0 0 0 0 0 0 0 0 0 0 0 0 0 
1 0.94983 0.778794 0.386786 0.0562001 0.0015497 6.95e-06 0 0 0 0 0 0 0 0 0 0 0 0 0 
1 0.949909 0.778807 0.386934 0.0568252 0.0018829 2.51e-05 0 0 0 0 0 0 0 0 0 0 0 0 0 
1 0.950225 0.780058 0.389671 0.0584129 0.0020946 1.98e-05 0 0 0 0 0 0 0 0 0 0 0 0 0 
1 0.949965 0.779538 0.3882 0.0576647 0.0020859 1.595e-05 0 0 0 0 0 0 0 0 0 0 0 0 0 
1 0.950069 0.77919 0.387366 0.0559887 0.00129735 3.1e-06 0 0 0 0 0 0 0 0 0 0 0 0 0 
1 0.949188 0.775913 0.380943 0.0530425 0.0013454 6e-06 0 0 0 0 0 0 0 0 0 0 0 0 0 
1 0.950083 0.779435 0.3867 0.0544281 0.001494 1.74e-05 0 0 0 0 0 0 0 0 0 0 0 0 0 
1 0.94971 0.778141 0.385657 0.0554124 0.00150455 8.4e-06 0 0 0 0 0 0 0 0 0 0 0 0 0 
1 0.950078 0.779375 0.387066 0.0554711 0.0013191 2.7e-06 0 0 0 0 0 0 0 0 0 0 0 0 0 
1 0.949742 0.778095 0.385448 0.0559461 0.00173875 9.1e-06 0 0 0 0 0 0 0 0 0 0 0 0 0 
1 0.950409 0.780793 0.389527 0.0560971 0.0013769 5.05e-06 0 0 0 0 0 0 0 0 0 0 0 0 0 
1 0.950452 0.780734 0.38898 0.0549489 0.0011325 1.55e-06 0 0 0 0 0 0 0 0 0 0 0 0 0 
1 0.95032 0.780321 0.388824 0.0564785 0.00147865 5.5e-06 0 0 0 0 0 0 0 0 0 0 0 0 0 
1 0.950315 0.780395 0.388919 0.0562962 0.0016027 9.4e-06 0 0 0 0 0 0 0 0 0 0 0 0 0 
1 0.950592 0.781927 0.391815 0.0576348 0.00163975 1.715e-05 0 0 0 0 0 0 0 0 0 0 0 0 0 
1 0.949778 0.778314 0.385463 0.0547788 0.00137135 8.25e-06 0 0 0 0 0 0 0 0 0 0 0 0 0 
1 0.949958 0.77878 0.385398 0.0551506 0.0014862 5.8e-06 0 0 0 0 0 0 0 0 0 0 0 0 0 
1 0.950455 0.781049 0.39132 0.0585147 0.0017467 2.095e-05 -3.46945e-18 0 0 0 0 0 0 0 0 0 0 0 0 
1 0.94976 0.778361 0.384998 0.054788 0.00140355 5.5e-06 0 0 0 0 0 0 0 0 0 0 0 0 0 
1 0.95052 0.780967 0.389879 0.0573914 0.0016787 8.95e-06 0 0 0 0 0 0 0 0 0 0 0 0 0 
1 0.950679 0.782067 0.392168 0.0585566 0.0022431 0.0001281 1e-06 0 0 0 0 0 0 0 0 0 0 0 0 
1 0.949639 0.777541 0.382955 0.0533554 0.0012929 4.05e-06 0 0 0 0 0 0 0 0 0 0 0 0 0 
1 0.95034 0.780608 0.389963 0.057858 0.0019383 2.335e-05 0 0 0 0 0 0 0 0 0 0 0 0 0 
1 0.950046 0.779895 0.388059 0.0562793 0.00165295 2.015e-05 0 0 0 0 0 0 0 0 0 0 0 0 0 
1 0.950525 0.781116 0.389551 0.0557156 0.0012905 4.15e-06 0 0 0 0 0 0 0 0 0 0 0 0 0 
1 0.949655 0.777722 0.385087 0.0556757 0.00184125 1.845e-05 0 0 0 0 0 0 0 0 0 0 0 0 0 
1 0.949657 0.777824 0.383328 0.0533982 0.00141275 5.15e-06 0 0 0 0 0 0 0 0 0 0 0 0 0 
1 0.950251 0.780375 0.389654 0.0576021 0.0017174 4.04e-05 5e-08 0 0 0 0 0 0 0 0 0 0 0 0 
1 0.949366 0.776912 0.383638 0.0551632 0.00151785 1.785e-05 0 0 0 0 0 0 0 0 0 0 0 0 0 
1 0.949895 0.779146 0.386455 0.0549895 0.00150235 3.77e-05 2.5e-07 0 0 0 0 0 0 0 0 0 0 0 0 
1 0.949883 0.778845 0.386794 0.0557149 0.00137495 3.7e-06 0 0 0 0 0 0 0 0 0 0 0 0 0 
1 0.949991 0.779525 0.387177 0.0550727 0.00117185 1.6e-06 0 0 0 0 0 0 0 0 0 0 0 0 0 
1 0.949813 0.778655 0.386744 0.056337 0.00151935 1.555e-05 0 0 0 0 0 0 0 0 0 0 0 0 0 
1 0.949878 0.778601 0.38537 0.0546181 0.00133325 4e-06 0 0 0 0 0 0 0 0 0 0 0 0 0 
1 0.949452 0.77719 0.382109 0.0523178 0.0011068 1.85e-06 0 0 0 0 0 0 0 0 0 0 0 0 0 
1 0.950493 0.781205 0.391227 0.0573538 0.00161775 2.095e-05 0 0 0 0 0 0 0 0 0 0 0 0 0 
1 0.950306 0.780527 0.38956 0.0576669 0.00200375 5.36e-05 1.15e-06 0 0 0 0 0 0 0 0 0 0 0 0 
1 0.949172 0.775813 0.379397 0.0515514 0.00131435 6.55e-06 0 0 0 0 0 0 0 0 0 0 0 0 0 
1 0.950075 0.779807 0.388551 0.0568278 0.0014286 1.4e-06 0 0 0 0 0 0 0 0 0 0 0 0 0 
1 0.949393 0.776898 0.382828 0.0545102 0.001446 2.445e-05 0 0 0 0 0 0 0 0 0 0 0 0 0 
1 0.95087 0.782955 0.394012 0.0598414 0.00191925 1.29e-05 0 0 0 0 0 0 0 0 0 0 0 0 0 
1 0.94996 0.779168 0.386907 0.0557415 0.00152615 2.25e-05 2e-07 0 0 0 0 0 0 0 0 0 0 0 0 
1 0.950145 0.779548 0.386676 0.0549441 0.0015908 1.51e-05 0 0 0 0 0 0 0 0 0 0 0 0 0 
1 0.949853 0.778423 0.384982 0.0548773 0.0015972 1.4e-05 0 0 0 0 0 0 0 0 0 0 0 0 0 
1 0.949529 0.777366 0.383983 0.0542564 0.00133885 7e-06 0 0 0 0 0 0 0 0 0 0 0 0 0 
1 0.950121 0.779257 0.386239 0.054366 0.0012227 3e-06 0 0 0 0 0 0 0 0 0 0 0 0 0 
1 0.949772 0.778146 0.384885 0.0546787 0.0014585 8.35e-06 0 0 0 0 0 0 0 0 0 0 0 0 0 
1 0.949946 0.778924 0.386149 0.0552935 0.00146325 4.25e-06 0 0 0 0 0 0 0 0 0 0 0 0 0 
1 0.949368 0.776812 0.383286 0.0551517 0.00159375 8.45e-06 0 0 0 0 0 0 0 0 0 0 0 0 0 
1 0.950086 0.779911 0.388039 0.0561018 0.00159875 1.17e-05 0 0 0 0 0 0 0 0 0 0 0 0 0 
1 0.949813 0.778342 0.385027 0.0551862 0.0015002 5.95e-06 0 0 0 0 0 0 0 0 0 0 0 0 0 
1 0.949859 0.77819 0.38435 0.0549639 0.0017913 6.77e-05 1.8e-06 0 0 0 0 0 0 0 0 0 0 0 0 
1 0.949685 0.778037 0.384997 0.0551594 0.001477 2.55e-06 0 0 0 0 0 0 0 0 0 0 0 0 0 
1 0.949726 0.778163 0.384204 0.0538236 0.00133175 4.05e-06 0 0 0 0 0 0 0 0 0 0 0 0 0 
1 0.950306 0.780297 0.388286 0.0554237 0.0013804 8.75e-06 0 0 0 0 0 0 0 0 0 0 0 0 0 
1 0.949804 0.778666 0.386386 0.056514 0.00157605 6.55e-06 0 0 0 0 0 0 0 0 0 0 0 0 0 
1 0.950173 0.779998 0.388491 0.0569991 0.00189295 3.595e-05 -3.46945e-18 0 0 0 0 0 0 0 0 0 0 0 0 
1 0.950133 0.779686 0.387131 0.0553591 0.0012636 5.95e-06 0 0 0 0 0 0 0 0 0 0 0 0 0 
1 0.95005 0.779265 0.387484 0.056641 0.00172415 3.15e-05 0 0 0 0 0 0 0 0 0 0 0 0 0 
1 0.94992 0.778843 0.385845 0.055013 0.00160575 9.55e-06 0 0 0 0 0 0 0 0 0 0 0 0 0 
1 0.950137 0.779614 0.387722 0.0564634 0.0016308 4.85e-06 0 0 0 0 0 0 0 0 0 0 0 0 0 
1 0.949526 0.777477 0.383108 0.0526953 0.00112795 1.89e-05 0 0 0 0 0 0 0 0 0 0 0 0 0 
1 0.949974 0.778625 0.3858 0.056294 0.0017283 8.55e-06 0 0 0 0 0 0 0 0 0 0 0 0 0 
1 0.949394 0.776988 0.383668 0.0552286 0.00187935 0.00013395 4.15e-06 0 0 0 0 0 0 0 0 0 0 0 0 
1 0.95048 0.781333 0.390496 0.057573 0.00166655 1e-05 0 0 0 0 0 0 0 0 0 0 0 0 0 
1 0.949449 0.776743 0.382898 0.0548958 0.0016202 2.545e-05 2.5e-07 0 0 0 0 0 0 0 0 0 0 0 0 
1 0.950368 0.780809 0.390497 0.0573957 0.0015649 1.415e-05 0 0 0 0 0 0 0 0 0 0 0 0 0 
1 0.949424 0.77697 0.381902 0.0530103 0.00132665 1.745e-05 0 0 0 0 0 0 0 0 0 0 0 0 0 
1 0.949939 0.779132 0.386857 0.0559591 0.00148145 2.7e-06 0 0 0 0 0 0 0 0 0 0 0 0 0 
1 0.949687 0.777974 0.384571 0.0547153 0.00145895 3.5e-06 0 0 0 0 0 0 0 0 0 0 0 0 0 
1 0.950701 0.782247 0.392956 0.0587969 0.00168795 6.45e-06 0 0 0 0 0 0 0 0 0 0 0 0 0 
1 0.949555 0.777439 0.383362 0.0541396 0.0013967 1.03e-05 0 0 0 0 0 0 0 0 0 0 0 0 0 
1 0.950782 0.782729 0.393966 0.0589126 0.0015735 2.6e-06 0 0 0 0 0 0 0 0 0 0 0 0 0 
1 0.949593 0.777575 0.382633 0.0525665 0.0013643 7.85e-06 0 0 0 0 0 0 0 0 0 0 0 0 0 
1 0.95011 0.779877 0.388627 0.056806 0.0015705 5.55e-06 0 0 0 0 0 0 0 0 0 0 0 0 0 
1 0.949778 0.778374 0.385153 0.0545636 0.00137595 8.1e-06 0 0 0 0 0 0 0 0 0 0 0 0 0 
1 0.949954 0.778981 0.385515 0.0543425 0.00125895 1.7e-06 0 0 0 0 0 0 0 0 0 0 0 0 0 
1 0.949835 0.778852 0.386603 0.0555877 0.00155055 1.265e-05 0 0 0 0 0 0 0 0 0 0 0 0 0 
1 0.950167 0.780623 0.391016 0.0598899 0.0020626 1.33e-05 0 0 0 0 0 0 0 0 0 0 0 0 0 
1 0.95006 0.779464 0.3862 0.0541815 0.0012313 2.5e-06 0 0 0 0 0 0 0 0 0 0 0 0 0 
1 0.950058 0.779477 0.386709 0.0550822 0.00129375 4.25e-06 0 0 0 0 0 0 0 0 0 0 0 0 0 
1 0.95011 0.779784 0.387646 0.0555878 0.0013986 6.05e-06 0 0 0 0 0 0 0 0 0 0 0 0 0 
1 0.950323 0.78042 0.388599 0.0558054 0.0014288 9.1e-06 0 0 0 0 0 0 0 0 0 0 0 0 0 
1 0.950231 0.780178 0.389289 0.0581056 0.00211565 3.73e-05 0 0 0 0 0 0 0 0 0 0 0 0 0 
1 0.950127 0.779945 0.388442 0.0569152 0.0020243 0.00011985 3.05e-06 0 0 0 0 0 0 0 0 0 0 0 0 
1 0.949894 0.778833 0.386762 0.0567722 0.0018854 4.87e-05 2e-07 0 0 0 0 0 0 0 0 0 0 0 0 
1 0.949673 0.777929 0.384445 0.0544416 0.0013996 1.085e-05 0 0 0 0 0 0 0 0 0 0 0 0 0 
1 0.950172 0.77976 0.387589 0.0558189 0.0013878 3.8e-06 0 0 0 0 0 0 0 0 0 0 0 0 0 
1 0.950227 0.779855 0.387836 0.0562844 0.0015809 1.355e-05 0 0 0 0 0 0 0 0 0 0 0 0 0 
1 0.949394 0.777156 0.38321 0.0544893 0.0015288 1.18e-05 0 0 0 0 0 0 0 0 0 0 0 0 0 
1 0.949514 0.777131 0.383293 0.0539163 0.00129135 7.2e-06 0 0 0 0 0 0 0 0 0 0 0 0 0 
1 0.950063 0.779227 0.386453 0.0547804 0.00147075 1.535e-05 0 0 0 0 0 0 0 0 0 0 0 0 0 
1 0.950269 0.780636 0.390495 0.0580835 0.00186385 1.88e-05 0 0 0 0 0 0 0 0 0 0 0 0 0 
1 0.950479 0.781029 0.389855 0.0566401 0.0015591 1.29e-05 0 0 0 0 0 0 0 0 0 0 0 0 0 
1 0.949974 0.779354 0.388112 0.0572705 0.0015529 3.85e-06 0 0 0 0 0 0 0 0 0 0 0 0 0 
1 0.950544 0.781429 0.390613 0.0568065 0.00147815 8.55e-06 0 0 0 0 0 0 0 0 0 0 0 0 0 
1 0.949793 0.778588 0.38545 0.0543268 0.00135545 6.25e-06 0 0 0 0 0 0 0 0 0 0 0 0 0 
1 0.949764 0.77831 0.385641 0.0560702 0.0018086 1.78e-05 0 0 0 0 0 0 0 0 0 0 0 0 0 
1 0.949944 0.779077 0.38613 0.0544833 0.00132035 7e-06 0 0 0 0 0 0 0 0 0 0 0 0 0 
1 0.949938 0.779247 0.387259 0.0564387 0.0016586 2.73e-05 5e-08 0 0 0 0 0 0 0 0 0 0 0 0 
1 0.949929 0.778607 0.385264 0.0550672 0.001621 8.95e-06 0 0 0 0 0 0 0 0 0 0 0 0 0 
1 0.94997 0.779202 0.387413 0.0556831 0.0015205 1.835e-05 0 0 0 0 0 0 0 0 0 0 0 0 0 
1 0.950071 0.779736 0.388499 0.057915 0.00203965 2.255e-05 0 0 0 0 0 0 0 0 0 0 0 0 0 
1 0.951076 0.783361 0.393893 0.0585132 0.0017841 1.53e-05 5e-08 0 0 0 0 0 0 0 0 0 0 0 0 
1 0.950247 0.780251 0.388699 0.0569043 0.0016386 6.8e-06 0 0 0 0 0 0 0 0 0 0 0 0 0 
1 0.949701 0.77784 0.383573 0.0540107 0.00143575 1.045e-05 0 0 0 0 0 0 0 0 0 0 0 0 0 
1 0.94992 0.779198 0.386748 0.0552506 0.00145725 7.2e-06 0 0 0 0 0 0 0 0 0 0 0 0 0 
1 0.950533 0.781388 0.391219 0.057312 0.00173305 3.27e-05 4.5e-07 0 0 0 0 0 0 0 0 0 0 0 0 
1 0.949523 0.777162 0.38289 0.0538047 0.00136835 1.53e-05 0 0 0 0 0 0 0 0 0 0 0 0 0 
1 0.950329 0.780869 0.390041 0.0569756 0.00145615 2.65e-06 0 0 0 0 0 0 0 0 0 0 0 0 0 
1 0.949828 0.77831 0.385613 0.0553221 0.00140945 6.45e-06 0 0 0 0 0 0 0 0 0 0 0 0 0 
1 0.94982 0.778522 0.385329 0.0551688 0.0015222 1.325e-05 0 0 0 0 0 0 0 0 0 0 0 0 0 
1 0.949358 0.776918 0.382925 0.0537993 0.00137865 7.35e-06 0 0 0 0 0 0 0 0 0 0 0 0 0 
1 0.950007 0.779314 0.387149 0.0563173 0.00186155 3.31e-05 1e-07 0 0 0 0 0 0 0 0 0 0 0 0 
1 0.94989 0.779234 0.387256 0.0564763 0.0015161 3.4e-06 0 0 0 0 0 0 0 0 0 0 0 0 0 
1 0.950186 0.780072 0.388771 0.0573695 0.00177735 1.955e-05 0 0 0 0 0 0 0 0 0 0 0 0 0 
1 0.950319 0.780478 0.388458 0.0549946 0.001241 2.65e-06 0 0 0 0 0 0 0 0 0 0 0 0 0 
1 0.950134 0.779645 0.387081 0.054309 0.0012859 3.3e-06 0 0 0 0 0 0 0 0 0 0 0 0 0 
1 0.949285 0.776387 0.381084 0.0531332 0.00152675 1.66e-05 0 0 0 0 0 0 0 0 0 0 0 0 0 
1 0.950105 0.779599 0.387898 0.0567934 0.00158935 1.005e-05 0 0 0 0 0 0 0 0 0 0 0 0 0 
1 0.949341 0.776458 0.382002 0.0529988 0.00127725 1.155e-05 0 0 0 0 0 0 0 0 0 0 0 0 0 
1 0.950604 0.781744 0.391848 0.0593529 0.00218085 2.53e-05 0 0 0 0 0 0 0 0 0 0 0 0 0 
1 0.949198 0.776059 0.38149 0.0541066 0.0016463 2.4e-05 0 0 0 0 0 0 0 0 0 0 0 0 0 
1 0.950631 0.781796 0.392051 0.0579984 0.0015862 1.285e-05 0 0 0 0 0 0 0 0 0 0 0 0 0 
1 0.950504 0.781368 0.391508 0.0579874 0.00162485 1.215e-05 0 0 0 0 0 0 0 0 0 0 0 0 0 
1 0.95031 0.780458 0.388823 0.0566868 0.0016951 1.445e-05 0 0 0 0 0 0 0 0 0 0 0 0 0 
1 0.950592 0.78125 0.388905 0.0533394 0.00098095 1.85e-06 0 0 0 0 0 0 0 0 0 0 0 0 0 
1 0.950044 0.779319 0.387624 0.0564699 0.00189315 3.1e-05 0 0 0 0 0 0 0 0 0 0 0 0 0 
1 0.950252 0.780427 0.389379 0.0568703 0.0019736 0.00012585 1.35e-06 0 0 0 0 0 0 0 0 0 0 0 0 
1 0.94938 0.776429 0.380967 0.0523083 0.00134275 1.12e-05 0 0 0 0 0 0 0 0 0 0 0 0 0 
1 0.949491 0.777457 0.384316 0.0557196 0.00168745 1.205e-05 0 0 0 0 0 0 0 0 0 0 0 0 0 
1 0.949903 0.778739 0.385663 0.0540348 0.0012529 2.15e-06 0 0 0 0 0 0 0 0 0 0 0 0 0 
1 0.949948 0.779086 0.386545 0.0551595 0.0013459 6.3e-06 0 0 0 0 0 0 0 0 0 0 0 0 0 
1 0.950097 0.779617 0.38696 0.0546782 0.00118075 2.4e-06 0 0 0 0 0 0 0 0 0 0 0 0 0 
1 0.949768 0.778363 0.38506 0.054329 0.0012363 3.6e-06 0 0 0 0 0 0 0 0 0 0 0 0 0 
1 0.950139 0.779354 0.386898 0.0559645 0.00151595 4.6e-06 0 0 0 0 0 0 0 0 0 0 0 0 0 
1 0.95027 0.780523 0.388774 0.055355 0.0011958 7.05e-06 0 0 0 0 0 0 0 0 0 0 0 0 0 
1 0.949854 0.778682 0.387011 0.0568268 0.0017726 2.1e-05 0 0 0 0 0 0 0 0 0 0 0 0 0 
1 0.950107 0.779938 0.387474 0.055007 0.001456 9.95e-06 0 0 0 0 0 0 0 0 0 0 0 0 0 
1 0.95063 0.781738 0.39173 0.0578004 0.0015423 1.16e-05 0 0 0 0 0 0 0 0 0 0 0 0 0 
1 0.949779 0.778178 0.384469 0.0549808 0.00177025 4.64e-05 3e-07 0 0 0 0 0 0 0 0 0 0 0 0 
1 0.950071 0.779552 0.387207 0.0554604 0.00139925 3.35e-06 0 0 0 0 0 0 0 0 0 0 0 0 0 
1 0.950014 0.778952 0.385881 0.0537304 0.00115205 2.55e-06 0 0 0 0 0 0 0 0 0 0 0 0 0 
1 0.94974 0.778192 0.384532 0.0536765 0.0013532 1.545e-05 0 0 0 0 0 0 0 0 0 0 0 0 0 
1 0.949518 0.777177 0.38348 0.0542011 0.00148885 1.485e-05 0 0 0 0 0 0 0 0 0 0 0 0 0 
1 0.95008 0.779487 0.387559 0.0567502 0.00169755 1.33e-05 0 0 0 0 0 0 0 0 0 0 0 0 0 
1 0.95076 0.781825 0.391865 0.0585932 0.00208935 0.0001032 9.5e-06 0 0 0 0 0 0 0 0 0 0 0 0 
1 0.949865 0.778467 0.385307 0.0545509 0.00124985 4e-06 0 0 0 0 0 0 0 0 0 0 0 0 0 
1 0.950076 0.779705 0.38816 0.0569608 0.00164275 8e-06 0 0 0 0 0 0 0 0 0 0 0 0 0 
1 0.95014 0.779693 0.38865 0.0575334 0.0018941 3.16e-05 0 0 0 0 0 0 0 0 0 0 0 0 0 
1 0.950204 0.780082 0.388855 0.0573575 0.0019492 3.9e-05 0 0 0 0 0 0 0 0 0 0 0 0 0 
1 0.949801 0.778276 0.384338 0.0541768 0.00138535 7.3e-06 0 0 0 0 0 0 0 0 0 0 0 0 0 
1 0.949279 0.77615 0.380219 0.0519093 0.0012358 5e-06 0 0 0 0 0 0 0 0 0 0 0 0 0 
