1 0.899901 0.660067 0.275644 0.0302348 0.0003251 0 0 0 0 0 0 0 0 0 0 0 0 0 0 
1 0.9001 0.661146 0.27695 0.0306357 0.0003344 1.5e-07 0 0 0 0 0 0 0 0 0 0 0 0 0 
1 0.900634 0.662618 0.27988 0.0320193 0.00038875 7.5e-07 0 0 0 0 0 0 0 0 0 0 0 0 0 
1 0.899777 0.659805 0.275236 0.0299576 0.00030615 4.5e-07 0 0 0 0 0 0 0 0 0 0 0 0 0 
1 0.899048 0.657892 0.272826 0.0295672 0.0003265 4e-07 0 0 0 0 0 0 0 0 0 0 0 0 0 
1 0.900833 0.662458 0.278636 0.0312851 0.00036285 4e-07 0 0 0 0 0 0 0 0 0 0 0 0 0 
1 0.900479 0.661784 0.27756 0.0308257 0.00033615 2.5e-07 0 0 0 0 0 0 0 0 0 0 0 0 0 
1 0.90016 0.660588 0.276573 0.0305817 0.0003535 2e-07 0 0 0 0 0 0 0 0 0 0 0 0 0 
1 0.900177 0.66072 0.276604 0.0305877 0.00033485 3e-07 0 0 0 0 0 0 0 0 0 0 0 0 0 
1 0.900293 0.661538 0.277855 0.0312911 0.0004168 1e-06 0 0 0 0 0 0 0 0 0 0 0 0 0 
1 0.900695 0.662503 0.279025 0.0313753 0.0003481 3e-07 0 0 0 0 0 0 0 0 0 0 0 0 0 
1 0.899758 0.659851 0.275471 0.030466 0.00033695 5e-08 0 0 0 0 0 0 0 0 0 0 0 0 0 
1 0.901467 0.664205 0.28095 0.0318344 0.0003572 1.5e-07 0 0 0 0 0 0 0 0 0 0 0 0 0 
1 0.900599 0.662022 0.278184 0.0312864 0.0003409 2e-07 0 0 0 0 0 0 0 0 0 0 0 0 0 
1 0.900128 0.660598 0.276107 0.030204 0.00032415 1.5e-07 0 0 0 0 0 0 0 0 0 0 0 0 0 
1 0.899649 0.659248 0.274335 0.0298651 0.00030585 3e-07 0 0 0 0 0 0 0 0 0 0 0 0 0 
1 0.899882 0.659998 0.275405 0.0300781 0.00035815 5.5e-07 0 0 0 0 0 0 0 0 0 0 0 0 0 
1 0.899631 0.659215 0.274598 0.0301565 0.00032 1.5e-07 0 0 0 0 0 0 0 0 0 0 0 0 0 
1 0.899861 0.660021 0.276045 0.0307105 0.00035975 3.5e-07 0 0 0 0 0 0 0 0 0 0 0 0 0 
1 0.900412 0.661726 0.278016 0.0310367 0.000346 2.5e-07 0 0 0 0 0 0 0 0 0 0 0 0 0 
1 0.899405 0.658743 0.273877 0.0298225 0.00032315 5e-08 0 0 0 0 0 0 0 0 0 0 0 0 0 
1 0.901065 0.663352 0.279854 0.0313393 0.00034715 1.5e-07 0 0 0 0 0 0 0 0 0 0 0 0 0 
1 0.89981 0.65963 0.275456 0.030648 0.00038775 6e-07 0 0 0 0 0 0 0 0 0 0 0 0 0 
1 0.900353 0.661656 0.278231 0.0315959 0.00041435 9.5e-07 0 0 0 0 0 0 0 0 0 0 0 0 0 
1 0.899088 0.657991 0.273135 0.0296185 0.0003229 1e-07 0 0 0 0 0 0 0 0 0 0 0 0 0 
1 0.900059 0.660156 0.275944 0.0303588 0.00033345 2e-07 0 0 0 0 0 0 0 0 0 0 0 0 0 
1 0.89958 0.659036 0.274125 0.029691 0.00033235 6.5e-07 0 0 0 0 0 0 0 0 0 0 0 0 0 
1 0.899985 0.66062 0.276173 0.0304934 0.00032875 0 0 0 0 0 0 0 0 0 0 0 0 0 0 
1 0.899558 0.659192 0.274746 0.0299744 0.0003228 1e-07 0 0 0 0 0 0 0 0 0 0 0 0 0 
1 0.899833 0.660218 0.275896 0.0303474 0.00031975 0 0 0 0 0 0 0 0 0 0 0 0 0 0 
1 0.90005 0.660766 0.276869 0.0307881 0.00035095 2.5e-07 0 0 0 0 0 0 0 0 0 0 0 0 0 
1 0.900333 0.66153 0.277713 0.0307222 0.00034505 5e-08 0 0 0 0 0 0 0 0 0 0 0 0 0 
1 0.900672 0.662169 0.277845 0.0308187 0.00034005 3.5e-07 0 0 0 0 0 0 0 0 0 0 0 0 0 
1 0.900235 0.660907 0.27665 0.0305109 0.0003153 1e-07 0 0 0 0 0 0 0 0 0 0 0 0 0 
1 0.900336 0.661617 0.277367 0.0306256 0.0003103 7e-07 0 0 0 0 0 0 0 0 0 0 0 0 0 
1 0.899869 0.66007 0.275598 0.030261 0.0003425 5e-07 0 0 0 0 0 0 0 0 0 0 0 0 0 
1 0.899882 0.660034 0.275547 0.0299977 0.0003099 1.5e-07 0 0 0 0 0 0 0 0 0 0 0 0 0 
1 0.900736 0.662198 0.27814 0.0307183 0.0003103 1.5e-07 0 0 0 0 0 0 0 0 0 0 0 0 0 
1 0.899457 0.658916 0.274271 0.0299118 0.0003259 0 0 0 0 0 0 0 0 0 0 0 0 0 0 
1 0.900195 0.660804 0.276274 0.0304117 0.0003302 5e-08 0 0 0 0 0 0 0 0 0 0 0 0 0 
1 0.900342 0.661659 0.277803 0.0309225 0.0003595 1.15e-06 0 0 0 0 0 0 0 0 0 0 0 0 0 
1 0.899193 0.658082 0.273151 0.029709 0.0003114 3.5e-07 0 0 0 0 0 0 0 0 0 0 0 0 0 
1 0.900353 0.661449 0.277215 0.0307088 0.00035075 3.5e-07 0 0 0 0 0 0 0 0 0 0 0 0 0 
1 0.8995 0.658769 0.274041 0.0297688 0.00030765 3e-07 0 0 0 0 0 0 0 0 0 0 0 0 0 
1 0.900036 0.660025 0.275449 0.0300205 0.00032315 2.5e-07 0 0 0 0 0 0 0 0 0 0 0 0 0 
1 0.900367 0.661522 0.277618 0.0308578 0.00037 9.5e-07 0 0 0 0 0 0 0 0 0 0 0 0 0 
1 0.900061 0.660797 0.276314 0.0302646 0.00034435 5.5e-07 0 0 0 0 0 0 0 0 0 0 0 0 0 
1 0.899957 0.660206 0.275542 0.0301318 0.000345 4.5e-07 0 0 0 0 0 0 0 0 0 0 0 0 0 
1 0.900454 0.661629 0.277455 0.0305281 0.00032075 1.5e-07 0 0 0 0 0 0 0 0 0 0 0 0 0 
1 0.900155 0.660863 0.276485 0.0302458 0.0003157 2.5e-07 0 0 0 0 0 0 0 0 0 0 0 0 0 
1 0.900109 0.660954 0.27674 0.0303981 0.0003102 3e-07 0 0 0 0 0 0 0 0 0 0 0 0 0 
1 0.899422 0.658677 0.273637 0.0294491 0.0003126 1e-07 0 0 0 0 0 0 0 0 0 0 0 0 0 
1 0.900309 0.660887 0.276914 0.0309135 0.0003369 2e-07 0 0 0 0 0 0 0 0 0 0 0 0 0 
1 0.899068 0.657691 0.272524 0.0292315 0.0002801 4.5e-07 0 0 0 0 0 0 0 0 0 0 0 0 0 
1 0.900125 0.660789 0.276481 0.0305905 0.00032535 1.5e-07 0 0 0 0 0 0 0 0 0 0 0 0 0 
1 0.900366 0.661095 0.276977 0.0307449 0.00034345 6.5e-07 0 0 0 0 0 0 0 0 0 0 0 0 0 
1 0.899898 0.659777 0.274963 0.0299686 0.0003335 2e-07 0 0 0 0 0 0 0 0 0 0 0 0 0 
1 0.89978 0.659607 0.275002 0.0300068 0.00031645 0 0 0 0 0 0 0 0 0 0 0 0 0 0 
1 0.900709 0.662305 0.278808 0.0314037 0.0003488 0 0 0 0 0 0 0 0 0 0 0 0 0 0 
1 0.90021 0.661137 0.276782 0.0304602 0.000331 1e-07 0 0 0 0 0 0 0 0 0 0 0 0 0 
1 0.900095 0.660763 0.276975 0.0311498 0.0003873 2e-07 0 0 0 0 0 0 0 0 0 0 0 0 0 
1 0.900226 0.660966 0.276621 0.030326 0.0003252 1.5e-07 0 0 0 0 0 0 0 0 0 0 0 0 0 
1 0.899695 0.65945 0.275302 0.0303044 0.0003379 1e-07 0 0 0 0 0 0 0 0 0 0 0 0 0 
1 0.89921 0.658224 0.273322 0.0296632 0.0003179 0 0 0 0 0 0 0 0 0 0 0 0 0 0 
1 0.899544 0.658854 0.274272 0.0301125 0.00034825 1.35e-06 0 0 0 0 0 0 0 0 0 0 0 0 0 
1 0.900149 0.661008 0.277157 0.030997 0.0003479 5e-08 0 0 0 0 0 0 0 0 0 0 0 0 0 
1 0.900301 0.66137 0.277085 0.0306169 0.00034435 3e-07 0 0 0 0 0 0 0 0 0 0 0 0 0 
1 0.899865 0.659667 0.274736 0.03002 0.00030015 5e-08 0 0 0 0 0 0 0 0 0 0 0 0 0 
1 0.899986 0.660194 0.275638 0.0301248 0.0003535 7.5e-07 0 0 0 0 0 0 0 0 0 0 0 0 0 
1 0.900908 0.662863 0.279212 0.0312952 0.00035585 2e-07 0 0 0 0 0 0 0 0 0 0 0 0 0 
1 0.89968 0.659562 0.274662 0.0297414 0.000306 5e-07 0 0 0 0 0 0 0 0 0 0 0 0 0 
1 0.90019 0.660996 0.277437 0.0310355 0.0003588 2.5e-07 0 0 0 0 0 0 0 0 0 0 0 0 0 
1 0.8999 0.66025 0.276146 0.0306339 0.0003365 4.5e-07 0 0 0 0 0 0 0 0 0 0 0 0 0 
1 0.899532 0.658918 0.273991 0.0297479 0.00029055 1e-07 0 0 0 0 0 0 0 0 0 0 0 0 0 
1 0.899651 0.65912 0.274197 0.029597 0.0002849 0 0 0 0 0 0 0 0 0 0 0 0 0 0 
1 0.89984 0.659624 0.275052 0.0301767 0.0003278 3.5e-07 0 0 0 0 0 0 0 0 0 0 0 0 0 
1 0.899903 0.65988 0.275148 0.0303104 0.0003732 1.75e-06 0 0 0 0 0 0 0 0 0 0 0 0 0 
1 0.900053 0.660743 0.276868 0.030848 0.000352 7.5e-07 0 0 0 0 0 0 0 0 0 0 0 0 0 
1 0.900123 0.660819 0.276797 0.0308894 0.0003283 0 0 0 0 0 0 0 0 0 0 0 0 0 0 
1 0.899449 0.65861 0.273438 0.0294462 0.00031285 2.5e-07 0 0 0 0 0 0 0 0 0 0 0 0 0 
1 0.899697 0.659624 0.275463 0.0302975 0.00032405 0 0 0 0 0 0 0 0 0 0 0 0 0 0 
1 0.900218 0.661026 0.277308 0.0308165 0.00034755 1e-07 0 0 0 0 0 0 0 0 0 0 0 0 0 
1 0.900875 0.663011 0.279618 0.0315032 0.0003407 6e-07 0 0 0 0 0 0 0 0 0 0 0 0 0 
1 0.900473 0.661454 0.277108 0.0305351 0.00033945 1.5e-07 0 0 0 0 0 0 0 0 0 0 0 0 0 
1 0.899661 0.659289 0.274365 0.0296295 0.0003166 1e-07 0 0 0 0 0 0 0 0 0 0 0 0 0 
1 0.89932 0.658382 0.273655 0.0296936 0.00033655 2.5e-07 0 0 0 0 0 0 0 0 0 0 0 0 0 
1 0.899482 0.658997 0.274258 0.0298142 0.00032675 6.5e-07 0 0 0 0 0 0 0 0 0 0 0 0 0 
1 0.899708 0.659513 0.274513 0.0297733 0.0003002 2e-07 0 0 0 0 0 0 0 0 0 0 0 0 0 
1 0.899596 0.65931 0.274421 0.0294478 0.0003028 5e-07 0 0 0 0 0 0 0 0 0 0 0 0 0 
1 0.900544 0.661893 0.277979 0.030615 0.0003205 1.5e-07 0 0 0 0 0 0 0 0 0 0 0 0 0 
1 0.900218 0.661142 0.276995 0.0307055 0.00036905 2e-07 0 0 0 0 0 0 0 0 0 0 0 0 0 
1 0.89994 0.660297 0.276081 0.0302931 0.00029635 1e-07 0 0 0 0 0 0 0 0 0 0 0 0 0 
1 0.899554 0.658969 0.274184 0.029756 0.00031245 0 0 0 0 0 0 0 0 0 0 0 0 0 0 
1 0.899849 0.659965 0.275411 0.0302079 0.0003309 1.5e-07 0 0 0 0 0 0 0 0 0 0 0 0 0 
1 0.900727 0.662685 0.279461 0.0317563 0.00039045 4e-07 0 0 0 0 0 0 0 0 0 0 0 0 0 
1 0.900328 0.661778 0.278248 0.0313856 0.000357 1.5e-07 0 0 0 0 0 0 0 0 0 0 0 0 0 
1 0.899662 0.659154 0.274551 0.0302559 0.0003553 1.5e-07 0 0 0 0 0 0 0 0 0 0 0 0 0 
1 0.90006 0.660346 0.275674 0.0300284 0.000313 1.5e-07 0 0 0 0 0 0 0 0 0 0 0 0 0 
1 0.899429 0.658807 0.273826 0.0297734 0.00034605 9.5e-07 0 0 0 0 0 0 0 0 0 0 0 0 0 
1 0.901121 0.663491 0.279312 0.0309825 0.0003397 3e-07 0 0 0 0 0 0 0 0 0 0 0 0 0 
1 0.899908 0.660218 0.275881 0.0302706 0.00031365 0 0 0 0 0 0 0 0 0 0 0 0 0 0 
1 0.899476 0.658641 0.273641 0.0296487 0.00032325 5e-08 0 0 0 0 0 0 0 0 0 0 0 0 0 
1 0.899721 0.659243 0.274785 0.030001 0.00033415 5e-08 0 0 0 0 0 0 0 0 0 0 0 0 0 
1 0.899966 0.660316 0.276428 0.0310321 0.00039575 8e-07 0 0 0 0 0 0 0 0 0 0 0 0 0 
1 0.8998 0.659615 0.275204 0.0301723 0.0003473 4e-07 0 0 0 0 0 0 0 0 0 0 0 0 0 
1 0.899927 0.659807 0.274867 0.0298358 0.0003145 3e-07 0 0 0 0 0 0 0 0 0 0 0 0 0 
1 0.900203 0.661189 0.276805 0.0303726 0.00034765 8.5e-07 0 0 0 0 0 0 0 0 0 0 0 0 0 
1 0.900621 0.662251 0.278789 0.0317085 0.0004086 3.5e-07 0 0 0 0 0 0 0 0 0 0 0 0 0 
1 0.900691 0.662261 0.278438 0.0313101 0.00040275 4.5e-07 0 0 0 0 0 0 0 0 0 0 0 0 0 
1 0.899282 0.65804 0.272818 0.029603 0.00031835 1e-07 0 0 0 0 0 0 0 0 0 0 0 0 0 
1 0.899825 0.659644 0.275199 0.0300865 0.0003002 1.5e-07 0 0 0 0 0 0 0 0 0 0 0 0 0 
1 0.900087 0.660666 0.276732 0.0308516 0.000367 4e-07 0 0 0 0 0 0 0 0 0 0 0 0 0 
1 0.899502 0.658723 0.273448 0.0293847 0.00030325 4e-07 0 0 0 0 0 0 0 0 0 0 0 0 0 
1 0.900024 0.660536 0.275815 0.0300225 0.00030535 0 0 0 0 0 0 0 0 0 0 0 0 0 0 
1 0.900383 0.660956 0.275804 0.0295395 0.00027645 5e-08 0 0 0 0 0 0 0 0 0 0 0 0 0 
1 0.899711 0.659616 0.275069 0.0299333 0.000311 3.5e-07 0 0 0 0 0 0 0 0 0 0 0 0 0 
1 0.899565 0.659321 0.274519 0.02974 0.00030445 0 0 0 0 0 0 0 0 0 0 0 0 0 0 
1 0.900353 0.6614 0.277022 0.0304398 0.00031915 2.5e-07 0 0 0 0 0 0 0 0 0 0 0 0 0 
1 0.899655 0.659806 0.275501 0.0304229 0.00033405 3e-07 0 0 0 0 0 0 0 0 0 0 0 0 0 
1 0.899559 0.659364 0.274737 0.0298355 0.000335 0 0 0 0 0 0 0 0 0 0 0 0 0 0 
1 0.900376 0.661688 0.278187 0.0313716 0.00038645 4.5e-07 0 0 0 0 0 0 0 0 0 0 0 0 0 
1 0.899922 0.660162 0.276022 0.0306492 0.00037255 4e-07 0 0 0 0 0 0 0 0 0 0 0 0 0 
1 0.900386 0.661662 0.277877 0.0309457 0.00034735 4e-07 0 0 0 0 0 0 0 0 0 0 0 0 0 
1 0.900182 0.660874 0.276462 0.0303766 0.0003165 5e-08 0 0 0 0 0 0 0 0 0 0 0 0 0 
1 0.899958 0.660233 0.275923 0.0304649 0.0003686 7.5e-07 0 0 0 0 0 0 0 0 0 0 0 0 0 
1 0.900451 0.661775 0.278098 0.031138 0.00034115 3e-07 0 0 0 0 0 0 0 0 0 0 0 0 0 
1 0.900199 0.661054 0.277099 0.0307783 0.00032855 4e-07 0 0 0 0 0 0 0 0 0 0 0 0 0 
1 0.900068 0.660377 0.276158 0.0305398 0.0003501 3.5e-07 0 0 0 0 0 0 0 0 0 0 0 0 0 
1 0.900157 0.660705 0.276645 0.0305394 0.0003347 4.5e-07 0 0 0 0 0 0 0 0 0 0 0 0 0 
1 0.899851 0.66001 0.274843 0.0296679 0.00029745 0 0 0 0 0 0 0 0 0 0 0 0 0 0 
1 0.90036 0.661031 0.276802 0.0306497 0.00033405 4.5e-07 0 0 0 0 0 0 0 0 0 0 0 0 0 
1 0.90028 0.661357 0.277142 0.0307257 0.00033325 5e-08 0 0 0 0 0 0 0 0 0 0 0 0 0 
1 0.900256 0.661048 0.276837 0.0307162 0.0003264 0 0 0 0 0 0 0 0 0 0 0 0 0 0 
1 0.900281 0.661227 0.276726 0.0302 0.00031075 1e-07 0 0 0 0 0 0 0 0 0 0 0 0 0 
1 0.900138 0.66091 0.277267 0.0310441 0.00038275 4e-07 0 0 0 0 0 0 0 0 0 0 0 0 0 
1 0.900695 0.662614 0.278694 0.0312713 0.00035965 2e-07 0 0 0 0 0 0 0 0 0 0 0 0 0 
1 0.899728 0.65978 0.275007 0.030116 0.00031205 4.5e-07 0 0 0 0 0 0 0 0 0 0 0 0 0 
1 0.900061 0.660786 0.277056 0.0311625 0.00039665 2.5e-07 0 0 0 0 0 0 0 0 0 0 0 0 0 
1 0.899982 0.66024 0.275819 0.0302942 0.0003197 2.5e-07 0 0 0 0 0 0 0 0 0 0 0 0 0 
1 0.900136 0.660505 0.27654 0.0304638 0.00032045 -3.46945e-18 0 0 0 0 0 0 0 0 0 0 0 0 0 
1 0.900264 0.661066 0.27645 0.0301659 0.0002978 1e-07 0 0 0 0 0 0 0 0 0 0 0 0 0 
1 0.900454 0.66157 0.278034 0.0312838 0.0003805 9.5e-07 0 0 0 0 0 0 0 0 0 0 0 0 0 
1 0.900553 0.662074 0.278355 0.0312453 0.000345 0 0 0 0 0 0 0 0 0 0 0 0 0 0 
1 0.900158 0.660674 0.276603 0.0310099 0.00037965 5.5e-07 0 0 0 0 0 0 0 0 0 0 0 0 0 
1 0.900294 0.661026 0.277324 0.0309605 0.00033045 4.5e-07 0 0 0 0 0 0 0 0 0 0 0 0 0 
1 0.900029 0.660811 0.27714 0.0307296 0.00033005 3e-07 0 0 0 0 0 0 0 0 0 0 0 0 0 
1 0.899543 0.658966 0.274713 0.0301515 0.0003146 2.5e-07 0 0 0 0 0 0 0 0 0 0 0 0 0 
1 0.89986 0.660049 0.275786 0.0303117 0.00032255 5e-08 0 0 0 0 0 0 0 0 0 0 0 0 0 
1 0.899995 0.660624 0.276438 0.0305669 0.00036525 1.25e-06 0 0 0 0 0 0 0 0 0 0 0 0 0 
1 0.90046 0.661624 0.277249 0.0305685 0.00029395 0 0 0 0 0 0 0 0 0 0 0 0 0 0 
1 0.899168 0.658045 0.272908 0.0292378 0.0002906 8e-07 0 0 0 0 0 0 0 0 0 0 0 0 0 
1 0.899529 0.65885 0.274189 0.0297169 0.00031705 3e-07 0 0 0 0 0 0 0 0 0 0 0 0 0 
1 0.899675 0.658962 0.274022 0.02987 0.00032995 5e-07 0 0 0 0 0 0 0 0 0 0 0 0 0 
1 0.900237 0.660883 0.276884 0.0306879 0.0003536 9.5e-07 0 0 0 0 0 0 0 0 0 0 0 0 0 
1 0.900401 0.661043 0.276734 0.030406 0.00031025 3e-07 0 0 0 0 0 0 0 0 0 0 0 0 0 
1 0.899374 0.658425 0.273369 0.0294657 0.0002962 2e-07 0 0 0 0 0 0 0 0 0 0 0 0 0 
1 0.900716 0.662162 0.27835 0.0311723 0.0003605 8e-07 0 0 0 0 0 0 0 0 0 0 0 0 0 
1 0.900721 0.662117 0.278133 0.0308447 0.00034 4.5e-07 0 0 0 0 0 0 0 0 0 0 0 0 0 
1 0.899852 0.660215 0.275807 0.0303386 0.00031235 1.5e-07 0 0 0 0 0 0 0 0 0 0 0 0 0 
1 0.900495 0.66196 0.278019 0.0309341 0.00033465 0 0 0 0 0 0 0 0 0 0 0 0 0 0 
1 0.899006 0.658011 0.273289 0.0298109 0.0003326 1.5e-07 0 0 0 0 0 0 0 0 0 0 0 0 0 
1 0.899427 0.658512 0.273316 0.0292168 0.00027185 0 0 0 0 0 0 0 0 0 0 0 0 0 0 
1 0.900211 0.660812 0.276897 0.0307008 0.00032675 7e-07 0 0 0 0 0 0 0 0 0 0 0 0 0 
1 0.899947 0.660505 0.276519 0.0309162 0.000377 5e-07 0 0 0 0 0 0 0 0 0 0 0 0 0 
1 0.899557 0.65889 0.273684 0.0292484 0.00030415 3.5e-07 0 0 0 0 0 0 0 0 0 0 0 0 0 
1 0.900262 0.660875 0.276038 0.0302091 0.0003504 4e-07 0 0 0 0 0 0 0 0 0 0 0 0 0 
1 0.900061 0.660874 0.276708 0.0306766 0.0003615 1.45e-06 0 0 0 0 0 0 0 0 0 0 0 0 0 
1 0.900448 0.661473 0.277185 0.0306621 0.00036015 5e-07 0 0 0 0 0 0 0 0 0 0 0 0 0 
1 0.899995 0.660366 0.275548 0.02998 0.00031135 1e-07 0 0 0 0 0 0 0 0 0 0 0 0 0 
1 0.899922 0.660364 0.276375 0.0304894 0.00034 5e-08 0 0 0 0 0 0 0 0 0 0 0 0 0 
1 0.899363 0.658506 0.273699 0.0299502 0.00035585 2e-07 0 0 0 0 0 0 0 0 0 0 0 0 0 
1 0.899091 0.657901 0.272701 0.029514 0.0003324 8e-07 0 0 0 0 0 0 0 0 0 0 0 0 0 
1 0.90067 0.662189 0.278274 0.0311225 0.00035505 0 0 0 0 0 0 0 0 0 0 0 0 0 0 
1 0.899865 0.659843 0.275119 0.0300592 0.0003315 4e-07 0 0 0 0 0 0 0 0 0 0 0 0 0 
1 0.899822 0.66011 0.275468 0.0300217 0.00035375 1.3e-06 0 0 0 0 0 0 0 0 0 0 0 0 0 
1 0.899711 0.65958 0.274642 0.0299611 0.00032 1e-07 0 0 0 0 0 0 0 0 0 0 0 0 0 
1 0.899637 0.659433 0.27502 0.0300048 0.0002923 0 0 0 0 0 0 0 0 0 0 0 0 0 0 
1 0.900195 0.661007 0.277199 0.0307661 0.00033745 1.5e-07 0 0 0 0 0 0 0 0 0 0 0 0 0 
1 0.899386 0.658378 0.273367 0.0297004 0.00032995 1e-07 0 0 0 0 0 0 0 0 0 0 0 0 0 
1 0.90012 0.66106 0.277428 0.0306001 0.0003298 0 0 0 0 0 0 0 0 0 0 0 0 0 0 
1 0.900259 0.661003 0.277009 0.0308174 0.00034295 2e-07 0 0 0 0 0 0 0 0 0 0 0 0 0 
1 0.900314 0.661583 0.277744 0.0310084 0.00032275 4e-07 0 0 0 0 0 0 0 0 0 0 0 0 0 
1 0.899397 0.658728 0.274443 0.0304198 0.0003626 7e-07 0 0 0 0 0 0 0 0 0 0 0 0 0 
1 0.900431 0.661902 0.278334 0.0311615 0.00033515 2e-07 0 0 0 0 0 0 0 0 0 0 0 0 0 
1 0.900416 0.661598 0.277816 0.0313432 0.00036635 1e-07 0 0 0 0 0 0 0 0 0 0 0 0 0 
1 0.900348 0.661373 0.277836 0.0312979 0.00037995 5e-07 0 0 0 0 0 0 0 0 0 0 0 0 0 
1 0.899622 0.658828 0.274426 0.0300803 0.00033275 4.5e-07 0 0 0 0 0 0 0 0 0 0 0 0 0 
1 0.900465 0.662026 0.278684 0.0315775 0.00039025 8e-07 0 0 0 0 0 0 0 0 0 0 0 0 0 
1 0.899919 0.660126 0.275669 0.0303591 0.00035365 9e-07 0 0 0 0 0 0 0 0 0 0 0 0 0 
1 0.900125 0.660828 0.276749 0.0304641 0.00031985 1e-07 0 0 0 0 0 0 0 0 0 0 0 0 0 
1 0.899972 0.660377 0.276012 0.0301861 0.00032065 7e-07 0 0 0 0 0 0 0 0 0 0 0 0 0 
1 0.900549 0.662358 0.278816 0.031142 0.00037375 4e-07 0 0 0 0 0 0 0 0 0 0 0 0 0 
1 0.898927 0.657401 0.272624 0.0292062 0.0002705 0 0 0 0 0 0 0 0 0 0 0 0 0 0 
1 0.900453 0.661737 0.277546 0.0308403 0.00034695 6e-07 0 0 0 0 0 0 0 0 0 0 0 0 0 
1 0.900106 0.660412 0.27607 0.0306637 0.00037795 1.3e-06 0 0 0 0 0 0 0 0 0 0 0 0 0 
1 0.900178 0.660854 0.27691 0.030646 0.00035345 1.5e-07 0 0 0 0 0 0 0 0 0 0 0 0 0 
1 0.899825 0.659944 0.275324 0.0302029 0.00033005 2e-07 0 0 0 0 0 0 0 0 0 0 0 0 0 
1 0.899612 0.659375 0.274215 0.0297092 0.00030175 6.5e-07 0 0 0 0 0 0 0 0 0 0 0 0 0 
1 0.899904 0.660203 0.275541 0.0302784 0.00032075 5e-08 0 0 0 0 0 0 0 0 0 0 0 0 0 
1 0.899818 0.659683 0.275342 0.0303851 0.0003246 5e-07 0 0 0 0 0 0 0 0 0 0 0 0 0 
1 0.899636 0.658861 0.273962 0.0296814 0.00031485 1e-07 0 0 0 0 0 0 0 0 0 0 0 0 0 
1 0.899744 0.659773 0.275144 0.0302838 0.00033905 3e-07 0 0 0 0 0 0 0 0 0 0 0 0 0 
1 0.899121 0.657887 0.272419 0.0293022 0.0003 0 0 0 0 0 0 0 0 0 0 0 0 0 0 
1 0.899581 0.659445 0.275206 0.030232 0.00033445 3e-07 0 0 0 0 0 0 0 0 0 0 0 0 0 
1 0.899869 0.659386 0.274687 0.0300464 0.00031545 2e-07 0 0 0 0 0 0 0 0 0 0 0 0 0 
1 0.900253 0.660812 0.276373 0.0304111 0.00034925 2e-07 0 0 0 0 0 0 0 0 0 0 0 0 0 
1 0.900372 0.661399 0.277251 0.0306379 0.00032985 0 0 0 0 0 0 0 0 0 0 0 0 0 0 
1 0.90031 0.661434 0.277805 0.0311556 0.00037825 7e-07 0 0 0 0 0 0 0 0 0 0 0 0 0 
1 0.899611 0.659328 0.274415 0.0296604 0.0003056 0 0 0 0 0 0 0 0 0 0 0 0 0 0 
1 0.899486 0.658981 0.274343 0.0300378 0.00030355 3.5e-07 0 0 0 0 0 0 0 0 0 0 0 0 0 
1 0.899942 0.66015 0.275535 0.0301623 0.00033045 1e-07 0 0 0 0 0 0 0 0 0 0 0 0 0 
1 0.899705 0.660005 0.275974 0.0305807 0.00032365 0 0 0 0 0 0 0 0 0 0 0 0 0 0 
1 0.899994 0.660045 0.275012 0.0301732 0.0003533 0 0 0 0 0 0 0 0 0 0 0 0 0 0 
1 0.899988 0.660677 0.276602 0.0304845 0.0003358 2e-07 0 0 0 0 0 0 0 0 0 0 0 0 0 
1 0.900374 0.66124 0.277197 0.0307921 0.00031045 3.5e-07 0 0 0 0 0 0 0 0 0 0 0 0 0 
1 0.89983 0.66 0.275258 0.0300803 0.0003175 1.5e-07 0 0 0 0 0 0 0 0 0 0 0 0 0 
1 0.899756 0.65983 0.275379 0.0303426 0.0003435 1e-07 0 0 0 0 0 0 0 0 0 0 0 0 0 
1 0.899195 0.657913 0.272954 0.0296593 0.00029315 1.5e-07 0 0 0 0 0 0 0 0 0 0 0 0 0 
1 0.900084 0.660401 0.276613 0.0310378 0.00035035 1.5e-07 0 0 0 0 0 0 0 0 0 0 0 0 0 
1 0.899236 0.65831 0.27349 0.0297149 0.00030295 2e-07 0 0 0 0 0 0 0 0 0 0 0 0 0 
1 0.899801 0.659593 0.274769 0.029903 0.0003255 5.5e-07 0 0 0 0 0 0 0 0 0 0 0 0 0 
1 0.899911 0.660014 0.274983 0.0296703 0.00028355 0 0 0 0 0 0 0 0 0 0 0 0 0 0 
1 0.900078 0.660229 0.275612 0.0303258 0.0003271 1.5e-07 0 0 0 0 0 0 0 0 0 0 0 0 0 
1 0.899556 0.659007 0.274285 0.0296946 0.00029215 0 0 0 0 0 0 0 0 0 0 0 0 0 0 
1 0.899813 0.659458 0.274462 0.0298399 0.0003438 3e-07 0 0 0 0 0 0 0 0 0 0 0 0 0 
1 0.899888 0.660235 0.275961 0.0300886 0.0003094 3.5e-07 0 0 0 0 0 0 0 0 0 0 0 0 0 
1 0.900098 0.660702 0.276537 0.0304748 0.00032375 2.5e-07 0 0 0 0 0 0 0 0 0 0 0 0 0 
1 0.900266 0.661013 0.276526 0.0305214 0.00031545 1.5e-07 0 0 0 0 0 0 0 0 0 0 0 0 0 
1 0.900882 0.662881 0.278989 0.0310892 0.0003375 7.5e-07 0 0 0 0 0 0 0 0 0 0 0 0 0 
1 0.90035 0.661121 0.276879 0.03049 0.0003421 2.5e-07 0 0 0 0 0 0 0 0 0 0 0 0 0 
