1 0.699605 0.249946 0.01672 5.14e-05 1e-07 0 0 0 0 0 0 0 0 0 0 0 0 0 0 
1 0.700081 0.251035 0.0169645 5.41e-05 0 0 0 0 0 0 0 0 0 0 0 0 0 0 0 
1 0.700169 0.251082 0.0169193 6e-05 0 0 0 0 0 0 0 0 0 0 0 0 0 0 0 
1 0.699779 0.250629 0.0168782 5.53e-05 0 0 0 0 0 0 0 0 0 0 0 0 0 0 0 
1 0.699924 0.250473 0.0168151 5.84e-05 0 0 0 0 0 0 0 0 0 0 0 0 0 0 0 
1 0.699741 0.250712 0.016832 4.94e-05 1e-07 0 0 0 0 0 0 0 0 0 0 0 0 0 0 
1 0.699762 0.250535 0.0166971 5.61e-05 0 0 0 0 0 0 0 0 0 0 0 0 0 0 0 
1 0.700385 0.251139 0.016887 5.71e-05 0 0 0 0 0 0 0 0 0 0 0 0 0 0 0 
1 0.699454 0.250282 0.0168461 5.86e-05 0 0 0 0 0 0 0 0 0 0 0 0 0 0 0 
1 0.699633 0.250412 0.0167276 5.69e-05 0 0 0 0 0 0 0 0 0 0 0 0 0 0 0 
1 0.700158 0.25122 0.0168849 5.15e-05 0 0 0 0 0 0 0 0 0 0 0 0 0 0 0 
1 0.699904 0.250543 0.0168488 5.66e-05 1e-07 0 0 0 0 0 0 0 0 0 0 0 0 0 0 
1 0.700286 0.251507 0.0170036 6.52e-05 0 0 0 0 0 0 0 0 0 0 0 0 0 0 0 
1 0.700098 0.250852 0.0168427 6.81e-05 0 0 0 0 0 0 0 0 0 0 0 0 0 0 0 
1 0.699905 0.250961 0.0169243 5.75e-05 0 0 0 0 0 0 0 0 0 0 0 0 0 0 0 
1 0.699751 0.250745 0.0168809 5.59e-05 4e-07 0 0 0 0 0 0 0 0 0 0 0 0 0 0 
1 0.700794 0.252001 0.0171321 5.77e-05 0 0 0 0 0 0 0 0 0 0 0 0 0 0 0 
1 0.700046 0.250997 0.0169393 6.17e-05 1e-07 0 0 0 0 0 0 0 0 0 0 0 0 0 0 
1 0.700495 0.251249 0.0169348 5.75e-05 0 0 0 0 0 0 0 0 0 0 0 0 0 0 0 
1 0.700209 0.250844 0.016871 5.81e-05 0 0 0 0 0 0 0 0 0 0 0 0 0 0 0 
1 0.699514 0.249937 0.0167114 5.34e-05 0 0 0 0 0 0 0 0 0 0 0 0 0 0 0 
1 0.6997 0.250463 0.0167976 5.44e-05 0 0 0 0 0 0 0 0 0 0 0 0 0 0 0 
1 0.699604 0.250148 0.0168416 5.47e-05 0 0 0 0 0 0 0 0 0 0 0 0 0 0 0 
1 0.699309 0.249785 0.0166428 5.79e-05 0 0 0 0 0 0 0 0 0 0 0 0 0 0 0 
1 0.700301 0.250472 0.0168193 5.89e-05 1e-07 0 0 0 0 0 0 0 0 0 0 0 0 0 0 
1 0.70012 0.251051 0.0169746 6.28e-05 0 0 0 0 0 0 0 0 0 0 0 0 0 0 0 
1 0.700743 0.251745 0.0171703 6.33e-05 1e-07 0 0 0 0 0 0 0 0 0 0 0 0 0 0 
1 0.699201 0.249729 0.0166518 5.62e-05 0 0 0 0 0 0 0 0 0 0 0 0 0 0 0 
1 0.700295 0.251286 0.0171372 5.84e-05 0 0 0 0 0 0 0 0 0 0 0 0 0 0 0 
1 0.700756 0.251192 0.0169862 5.99e-05 1e-07 0 0 0 0 0 0 0 0 0 0 0 0 0 0 
1 0.700142 0.250696 0.0168258 5.3e-05 2e-07 0 0 0 0 0 0 0 0 0 0 0 0 0 0 
1 0.700257 0.251508 0.0171105 5.93e-05 0 0 0 0 0 0 0 0 0 0 0 0 0 0 0 
1 0.700243 0.25143 0.0170314 6.55e-05 1e-07 0 0 0 0 0 0 0 0 0 0 0 0 0 0 
1 0.699437 0.249992 0.0167347 5.59e-05 0 0 0 0 0 0 0 0 0 0 0 0 0 0 0 
1 0.700439 0.251862 0.0171559 6.29e-05 0 0 0 0 0 0 0 0 0 0 0 0 0 0 0 
1 0.699836 0.250601 0.0168778 6.26e-05 2e-07 0 0 0 0 0 0 0 0 0 0 0 0 0 0 
1 0.69985 0.250517 0.0167064 5.27e-05 1e-07 0 0 0 0 0 0 0 0 0 0 0 0 0 0 
1 0.700511 0.251473 0.0170096 6.1e-05 0 0 0 0 0 0 0 0 0 0 0 0 0 0 0 
1 0.699786 0.250825 0.0169181 5.46e-05 0 0 0 0 0 0 0 0 0 0 0 0 0 0 0 
1 0.699548 0.250388 0.0167475 5.71e-05 0 0 0 0 0 0 0 0 0 0 0 0 0 0 0 
1 0.699435 0.249915 0.0167499 5.21e-05 0 0 0 0 0 0 0 0 0 0 0 0 0 0 0 
1 0.700391 0.251109 0.016901 5.75e-05 0 0 0 0 0 0 0 0 0 0 0 0 0 0 0 
1 0.7004 0.251383 0.01687 5.42e-05 0 0 0 0 0 0 0 0 0 0 0 0 0 0 0 
1 0.699618 0.250523 0.0167846 5.44e-05 0 0 0 0 0 0 0 0 0 0 0 0 0 0 0 
1 0.699793 0.250619 0.0169632 5.96e-05 0 0 0 0 0 0 0 0 0 0 0 0 0 0 0 
1 0.700366 0.251271 0.0171045 6.2e-05 0 0 0 0 0 0 0 0 0 0 0 0 0 0 0 
1 0.700133 0.250929 0.0169651 5.43e-05 0 0 0 0 0 0 0 0 0 0 0 0 0 0 0 
1 0.700125 0.251231 0.0170392 5.84e-05 1e-07 0 0 0 0 0 0 0 0 0 0 0 0 0 0 
1 0.700121 0.251162 0.017015 6.09e-05 0 0 0 0 0 0 0 0 0 0 0 0 0 0 0 
1 0.700228 0.250976 0.0169745 5.92e-05 0 0 0 0 0 0 0 0 0 0 0 0 0 0 0 
1 0.700287 0.251461 0.0170066 5.85e-05 0 0 0 0 0 0 0 0 0 0 0 0 0 0 0 
1 0.700355 0.251168 0.0169119 5.59e-05 0 0 0 0 0 0 0 0 0 0 0 0 0 0 0 
1 0.699911 0.250569 0.016856 6.12e-05 0 0 0 0 0 0 0 0 0 0 0 0 0 0 0 
1 0.699357 0.249818 0.0166697 5.38e-05 0 0 0 0 0 0 0 0 0 0 0 0 0 0 0 
1 0.699121 0.249396 0.0165229 6.04e-05 2e-07 0 0 0 0 0 0 0 0 0 0 0 0 0 0 
1 0.699575 0.250033 0.0165684 5.46e-05 0 0 0 0 0 0 0 0 0 0 0 0 0 0 0 
1 0.699777 0.250337 0.0166608 5.67e-05 0 0 0 0 0 0 0 0 0 0 0 0 0 0 0 
1 0.699903 0.250768 0.0169792 6.3e-05 0 0 0 0 0 0 0 0 0 0 0 0 0 0 0 
1 0.700001 0.250612 0.0167079 5.06e-05 0 0 0 0 0 0 0 0 0 0 0 0 0 0 0 
1 0.699526 0.250126 0.0167845 6.16e-05 0 0 0 0 0 0 0 0 0 0 0 0 0 0 0 
1 0.700298 0.251146 0.0169019 5.55e-05 0 0 0 0 0 0 0 0 0 0 0 0 0 0 0 
1 0.700208 0.251028 0.0169722 5.29e-05 0 0 0 0 0 0 0 0 0 0 0 0 0 0 0 
1 0.700469 0.251809 0.017128 6.07e-05 0 0 0 0 0 0 0 0 0 0 0 0 0 0 0 
1 0.700306 0.251502 0.0170637 5.75e-05 0 0 0 0 0 0 0 0 0 0 0 0 0 0 0 
1 0.699974 0.250544 0.0167956 5.67e-05 0 0 0 0 0 0 0 0 0 0 0 0 0 0 0 
1 0.700471 0.251521 0.017069 5.78e-05 0 0 0 0 0 0 0 0 0 0 0 0 0 0 0 
1 0.700528 0.251307 0.0169 5.64e-05 0 0 0 0 0 0 0 0 0 0 0 0 0 0 0 
1 0.700574 0.251806 0.0172349 6.39e-05 0 0 0 0 0 0 0 0 0 0 0 0 0 0 0 
1 0.700061 0.25092 0.0169648 6.11e-05 0 0 0 0 0 0 0 0 0 0 0 0 0 0 0 
1 0.700267 0.250914 0.0168998 5.25e-05 0 0 0 0 0 0 0 0 0 0 0 0 0 0 0 
1 0.700411 0.251786 0.0170134 6.1e-05 0 0 0 0 0 0 0 0 0 0 0 0 0 0 0 
1 0.700009 0.250691 0.0168054 5.49e-05 0 0 0 0 0 0 0 0 0 0 0 0 0 0 0 
1 0.699907 0.250559 0.0169077 5.66e-05 0 0 0 0 0 0 0 0 0 0 0 0 0 0 0 
1 0.700225 0.250934 0.0168465 5.56e-05 0 0 0 0 0 0 0 0 0 0 0 0 0 0 0 
1 0.700529 0.25155 0.0171029 6.54e-05 2e-07 0 0 0 0 0 0 0 0 0 0 0 0 0 0 
1 0.700148 0.251034 0.0169938 6.61e-05 0 0 0 0 0 0 0 0 0 0 0 0 0 0 0 
1 0.699029 0.250145 0.0167447 5.56e-05 1e-07 0 0 0 0 0 0 0 0 0 0 0 0 0 0 
1 0.700551 0.251768 0.0171895 6.69e-05 0 0 0 0 0 0 0 0 0 0 0 0 0 0 0 
1 0.700241 0.25141 0.0169948 6.09e-05 0 0 0 0 0 0 0 0 0 0 0 0 0 0 0 
1 0.699876 0.250598 0.0167601 5.56e-05 0 0 0 0 0 0 0 0 0 0 0 0 0 0 0 
1 0.699963 0.250559 0.0168157 5.55e-05 0 0 0 0 0 0 0 0 0 0 0 0 0 0 0 
1 0.700261 0.251082 0.0168384 6.2e-05 0 0 0 0 0 0 0 0 0 0 0 0 0 0 0 
1 0.700049 0.250893 0.0168025 5.39e-05 0 0 0 0 0 0 0 0 0 0 0 0 0 0 0 
1 0.69948 0.249997 0.0167681 4.93e-05 0 0 0 0 0 0 0 0 0 0 0 0 0 0 0 
1 0.700229 0.251008 0.0169928 6.5e-05 0 0 0 0 0 0 0 0 0 0 0 0 0 0 0 
1 0.700356 0.251189 0.0170036 5.74e-05 1e-07 0 0 0 0 0 0 0 0 0 0 0 0 0 0 
1 0.700296 0.251232 0.0169119 6.23e-05 0 0 0 0 0 0 0 0 0 0 0 0 0 0 0 
1 0.700716 0.251457 0.0170599 6.14e-05 0 0 0 0 0 0 0 0 0 0 0 0 0 0 0 
1 0.699948 0.250533 0.0167097 5.24e-05 0 0 0 0 0 0 0 0 0 0 0 0 0 0 0 
1 0.700039 0.250884 0.0167777 5.26e-05 3e-07 0 0 0 0 0 0 0 0 0 0 0 0 0 0 
1 0.700206 0.251416 0.017019 5.69e-05 0 0 0 0 0 0 0 0 0 0 0 0 0 0 0 
1 0.700529 0.251338 0.016949 5.88e-05 1e-07 0 0 0 0 0 0 0 0 0 0 0 0 0 0 
1 0.699711 0.250344 0.0166655 5.78e-05 0 0 0 0 0 0 0 0 0 0 0 0 0 0 0 
1 0.699798 0.250412 0.0168237 5.23e-05 0 0 0 0 0 0 0 0 0 0 0 0 0 0 0 
1 0.700663 0.251721 0.0170481 6.22e-05 0 0 0 0 0 0 0 0 0 0 0 0 0 0 0 
1 0.700144 0.250583 0.0168371 5.08e-05 0 0 0 0 0 0 0 0 0 0 0 0 0 0 0 
1 0.699902 0.250549 0.0167147 4.75e-05 0 0 0 0 0 0 0 0 0 0 0 0 0 0 0 
1 0.699933 0.250755 0.0167888 5.78e-05 0 0 0 0 0 0 0 0 0 0 0 0 0 0 0 
1 0.699672 0.25013 0.0166414 5.84e-05 0 0 0 0 0 0 0 0 0 0 0 0 0 0 0 
1 0.699669 0.250153 0.0168246 5.63e-05 0 0 0 0 0 0 0 0 0 0 0 0 0 0 0 
1 0.700242 0.250984 0.0168234 6.25e-05 0 0 0 0 0 0 0 0 0 0 0 0 0 0 0 
1 0.700307 0.250791 0.0168901 6.3e-05 0 0 0 0 0 0 0 0 0 0 0 0 0 0 0 
1 0.700303 0.251482 0.0171814 6.31e-05 1e-07 0 0 0 0 0 0 0 0 0 0 0 0 0 0 
1 0.700537 0.251621 0.0169988 6.23e-05 0 0 0 0 0 0 0 0 0 0 0 0 0 0 0 
1 0.700662 0.251871 0.0172247 5.81e-05 0 0 0 0 0 0 0 0 0 0 0 0 0 0 0 
1 0.700058 0.250982 0.0169111 5.57e-05 3e-07 0 0 0 0 0 0 0 0 0 0 0 0 0 0 
1 0.700477 0.2511 0.0171358 5.84e-05 0 0 0 0 0 0 0 0 0 0 0 0 0 0 0 
1 0.6999 0.250713 0.0168292 6.17e-05 0 0 0 0 0 0 0 0 0 0 0 0 0 0 0 
1 0.699522 0.250011 0.0167547 6.01e-05 0 0 0 0 0 0 0 0 0 0 0 0 0 0 0 
1 0.700231 0.250975 0.0169185 5.86e-05 0 0 0 0 0 0 0 0 0 0 0 0 0 0 0 
1 0.699119 0.249742 0.0167094 5.46e-05 0 0 0 0 0 0 0 0 0 0 0 0 0 0 0 
1 0.699662 0.250539 0.0168046 4.97e-05 0 0 0 0 0 0 0 0 0 0 0 0 0 0 0 
1 0.699968 0.250742 0.0168982 5.74e-05 0 0 0 0 0 0 0 0 0 0 0 0 0 0 0 
1 0.699041 0.249456 0.0166131 5.87e-05 0 0 0 0 0 0 0 0 0 0 0 0 0 0 0 
1 0.700395 0.251535 0.017032 6.43e-05 0 0 0 0 0 0 0 0 0 0 0 0 0 0 0 
1 0.700035 0.250666 0.0169037 5.45e-05 0 0 0 0 0 0 0 0 0 0 0 0 0 0 0 
1 0.70014 0.250609 0.0167736 5.57e-05 0 0 0 0 0 0 0 0 0 0 0 0 0 0 0 
1 0.69987 0.250282 0.0167773 5.88e-05 0 0 0 0 0 0 0 0 0 0 0 0 0 0 0 
1 0.700524 0.251402 0.0170163 5.9e-05 0 0 0 0 0 0 0 0 0 0 0 0 0 0 0 
1 0.699358 0.249569 0.0167209 5.52e-05 0 0 0 0 0 0 0 0 0 0 0 0 0 0 0 
1 0.699861 0.250571 0.0168062 5.43e-05 0 0 0 0 0 0 0 0 0 0 0 0 0 0 0 
1 0.699297 0.249714 0.0166457 6.08e-05 0 0 0 0 0 0 0 0 0 0 0 0 0 0 0 
1 0.700447 0.251514 0.0170894 5.65e-05 0 0 0 0 0 0 0 0 0 0 0 0 0 0 0 
1 0.700267 0.251086 0.0169611 5.93e-05 0 0 0 0 0 0 0 0 0 0 0 0 0 0 0 
1 0.700602 0.251568 0.016976 5.39e-05 0 0 0 0 0 0 0 0 0 0 0 0 0 0 0 
1 0.699542 0.250146 0.016803 6.09e-05 0 0 0 0 0 0 0 0 0 0 0 0 0 0 0 
1 0.700309 0.251219 0.016843 5.09e-05 0 0 0 0 0 0 0 0 0 0 0 0 0 0 0 
1 0.69982 0.250794 0.016908 5.97e-05 2e-07 0 0 0 0 0 0 0 0 0 0 0 0 0 0 
1 0.700261 0.250941 0.0169859 5.74e-05 2e-07 0 0 0 0 0 0 0 0 0 0 0 0 0 0 
1 0.700462 0.251547 0.0170882 5.88e-05 0 0 0 0 0 0 0 0 0 0 0 0 0 0 0 
1 0.699739 0.250541 0.0167819 6.15e-05 0 0 0 0 0 0 0 0 0 0 0 0 0 0 0 
1 0.700191 0.251087 0.0170298 5.28e-05 0 0 0 0 0 0 0 0 0 0 0 0 0 0 0 
1 0.699848 0.250714 0.0168258 5.53e-05 0 0 0 0 0 0 0 0 0 0 0 0 0 0 0 
1 0.699667 0.25029 0.0167162 5.9e-05 0 0 0 0 0 0 0 0 0 0 0 0 0 0 0 
1 0.700051 0.250977 0.0169379 6.08e-05 0 0 0 0 0 0 0 0 0 0 0 0 0 0 0 
1 0.699682 0.250449 0.016873 5.19e-05 0 0 0 0 0 0 0 0 0 0 0 0 0 0 0 
1 0.700368 0.251518 0.017092 6.3e-05 1e-07 0 0 0 0 0 0 0 0 0 0 0 0 0 0 
1 0.700417 0.251185 0.0168708 5.58e-05 0 0 0 0 0 0 0 0 0 0 0 0 0 0 0 
1 0.700854 0.252066 0.0172143 5.78e-05 0 0 0 0 0 0 0 0 0 0 0 0 0 0 0 
1 0.69944 0.250128 0.0167392 5.95e-05 0 0 0 0 0 0 0 0 0 0 0 0 0 0 0 
1 0.7006 0.251451 0.017078 6.32e-05 0 0 0 0 0 0 0 0 0 0 0 0 0 0 0 
1 0.699483 0.249918 0.0166024 5.79e-05 0 0 0 0 0 0 0 0 0 0 0 0 0 0 0 
1 0.700361 0.251317 0.016933 5.62e-05 0 0 0 0 0 0 0 0 0 0 0 0 0 0 0 
1 0.699617 0.250395 0.0168834 5.84e-05 0 0 0 0 0 0 0 0 0 0 0 0 0 0 0 
1 0.700281 0.251347 0.0169409 5.66e-05 0 0 0 0 0 0 0 0 0 0 0 0 0 0 0 
1 0.700787 0.251877 0.0171601 6.47e-05 0 0 0 0 0 0 0 0 0 0 0 0 0 0 0 
1 0.700441 0.251606 0.0170897 5.75e-05 0 0 0 0 0 0 0 0 0 0 0 0 0 0 0 
1 0.699858 0.250428 0.0168444 6.5e-05 0 0 0 0 0 0 0 0 0 0 0 0 0 0 0 
1 0.700048 0.251064 0.01693 5.28e-05 0 0 0 0 0 0 0 0 0 0 0 0 0 0 0 
1 0.699548 0.250169 0.0167768 5.4e-05 0 0 0 0 0 0 0 0 0 0 0 0 0 0 0 
1 0.700125 0.250778 0.0169751 5.81e-05 1e-07 0 0 0 0 0 0 0 0 0 0 0 0 0 0 
1 0.700129 0.251046 0.0168921 5.72e-05 0 0 0 0 0 0 0 0 0 0 0 0 0 0 0 
1 0.700032 0.250994 0.0168977 5.46e-05 0 0 0 0 0 0 0 0 0 0 0 0 0 0 0 
1 0.70005 0.250896 0.0169476 5.91e-05 1e-07 0 0 0 0 0 0 0 0 0 0 0 0 0 0 
1 0.700847 0.252015 0.0171025 5.77e-05 1e-07 0 0 0 0 0 0 0 0 0 0 0 0 0 0 
1 0.700072 0.250756 0.0169045 5.49e-05 0 0 0 0 0 0 0 0 0 0 0 0 0 0 0 
1 0.699703 0.250309 0.0167844 5.75e-05 0 0 0 0 0 0 0 0 0 0 0 0 0 0 0 
1 0.699915 0.250616 0.0167556 5.74e-05 0 0 0 0 0 0 0 0 0 0 0 0 0 0 0 
1 0.699458 0.250008 0.016826 6.07e-05 0 0 0 0 0 0 0 0 0 0 0 0 0 0 0 
1 0.699989 0.251077 0.0168621 5.88e-05 0 0 0 0 0 0 0 0 0 0 0 0 0 0 0 
1 0.700371 0.251435 0.0170335 5.43e-05 0 0 0 0 0 0 0 0 0 0 0 0 0 0 0 
1 0.699871 0.250696 0.0167603 4.74e-05 0 0 0 0 0 0 0 0 0 0 0 0 0 0 0 
1 0.699897 0.25102 0.0168421 5.47e-05 1e-07 0 0 0 0 0 0 0 0 0 0 0 0 0 0 
1 0.699836 0.25059 0.0168606 5.09e-05 0 0 0 0 0 0 0 0 0 0 0 0 0 0 0 
1 0.700292 0.251055 0.0169144 5.27e-05 0 0 0 0 0 0 0 0 0 0 0 0 0 0 0 
1 0.70018 0.251084 0.0169657 5.57e-05 0 0 0 0 0 0 0 0 0 0 0 0 0 0 0 
1 0.700167 0.250798 0.0168538 5.46e-05 0 0 0 0 0 0 0 0 0 0 0 0 0 0 0 
1 0.700558 0.251666 0.0171179 6.1e-05 1e-07 0 0 0 0 0 0 0 0 0 0 0 0 0 0 
1 0.700284 0.251013 0.0168889 5.48e-05 0 0 0 0 0 0 0 0 0 0 0 0 0 0 0 
1 0.700516 0.251364 0.0169277 5.7e-05 0 0 0 0 0 0 0 0 0 0 0 0 0 0 0 
1 0.699708 0.250536 0.016753 5.31e-05 0 0 0 0 0 0 0 0 0 0 0 0 0 0 0 
1 0.699909 0.250551 0.0168254 5.11e-05 0 0 0 0 0 0 0 0 0 0 0 0 0 0 0 
1 0.70028 0.250667 0.0167724 5.33e-05 0 0 0 0 0 0 0 0 0 0 0 0 0 0 0 
1 0.700195 0.251183 0.0168725 5.06e-05 0 0 0 0 0 0 0 0 0 0 0 0 0 0 0 
1 0.699728 0.250805 0.016927 6e-05 0 0 0 0 0 0 0 0 0 0 0 0 0 0 0 
1 0.700107 0.250831 0.01694 5.85e-05 0 0 0 0 0 0 0 0 0 0 0 0 0 0 0 
1 0.700214 0.251191 0.0169935 5.94e-05 0 0 0 0 0 0 0 0 0 0 0 0 0 0 0 
1 0.700421 0.251393 0.0168478 5.58e-05 0 0 0 0 0 0 0 0 0 0 0 0 0 0 0 
1 0.699642 0.250088 0.0167131 5.44e-05 0 0 0 0 0 0 0 0 0 0 0 0 0 0 0 
1 0.700029 0.251017 0.0169339 5.58e-05 1e-07 0 0 0 0 0 0 0 0 0 0 0 0 0 0 
1 0.700644 0.251471 0.0168867 5.33e-05 0 0 0 0 0 0 0 0 0 0 0 0 0 0 0 
1 0.699913 0.250773 0.0169596 6.36e-05 0 0 0 0 0 0 0 0 0 0 0 0 0 0 0 
1 0.700228 0.250984 0.0170494 5.64e-05 0 0 0 0 0 0 0 0 0 0 0 0 0 0 0 
1 0.70053 0.25167 0.0170702 6.2e-05 0 0 0 0 0 0 0 0 0 0 0 0 0 0 0 
1 0.69974 0.250503 0.0168282 6.1e-05 0 0 0 0 0 0 0 0 0 0 0 0 0 0 0 
1 0.700186 0.251142 0.0169355 5.58e-05 0 0 0 0 0 0 0 0 0 0 0 0 0 0 0 
1 0.700241 0.251081 0.016973 5.31e-05 0 0 0 0 0 0 0 0 0 0 0 0 0 0 0 
1 0.700224 0.250867 0.0167804 5.51e-05 0 0 0 0 0 0 0 0 0 0 0 0 0 0 0 
1 0.699546 0.249736 0.0165327 5.16e-05 0 0 0 0 0 0 0 0 0 0 0 0 0 0 0 
1 0.69965 0.250053 0.0166437 5.14e-05 0 0 0 0 0 0 0 0 0 0 0 0 0 0 0 
1 0.699708 0.250615 0.0169201 6.08e-05 0 0 0 0 0 0 0 0 0 0 0 0 0 0 0 
1 0.700131 0.251323 0.0171623 6.87e-05 0 0 0 0 0 0 0 0 0 0 0 0 0 0 0 
1 0.70027 0.251595 0.0171539 5.99e-05 1e-07 0 0 0 0 0 0 0 0 0 0 0 0 0 0 
1 0.700013 0.250431 0.0166458 5.11e-05 0 0 0 0 0 0 0 0 0 0 0 0 0 0 0 
1 0.700033 0.251153 0.0170102 5.78e-05 0 0 0 0 0 0 0 0 0 0 0 0 0 0 0 
1 0.700505 0.251726 0.0171353 5.95e-05 1e-07 0 0 0 0 0 0 0 0 0 0 0 0 0 0 
1 0.700549 0.251718 0.0170063 5.41e-05 1e-07 0 0 0 0 0 0 0 0 0 0 0 0 0 0 
1 0.699929 0.250495 0.0167169 5.21e-05 1e-07 0 0 0 0 0 0 0 0 0 0 0 0 0 0 
1 0.700368 0.251204 0.0168918 6.26e-05 0 0 0 0 0 0 0 0 0 0 0 0 0 0 0 
1 0.699727 0.250683 0.0168177 5.52e-05 0 0 0 0 0 0 0 0 0 0 0 0 0 0 0 
1 0.699638 0.250091 0.0167157 5.92e-05 2e-07 0 0 0 0 0 0 0 0 0 0 0 0 0 0 
1 0.700096 0.251021 0.0169145 5.66e-05 0 0 0 0 0 0 0 0 0 0 0 0 0 0 0 
1 0.700103 0.251173 0.0168799 5.91e-05 0 0 0 0 0 0 0 0 0 0 0 0 0 0 0 
1 0.70054 0.2516 0.0170727 5.16e-05 0 0 0 0 0 0 0 0 0 0 0 0 0 0 0 
1 0.700255 0.251125 0.0168445 5.55e-05 0 0 0 0 0 0 0 0 0 0 0 0 0 0 0 
1 0.699447 0.249907 0.016695 5.45e-05 0 0 0 0 0 0 0 0 0 0 0 0 0 0 0 
1 0.699886 0.250837 0.0168316 5.24e-05 0 0 0 0 0 0 0 0 0 0 0 0 0 0 0 
1 0.700145 0.250932 0.0168466 5.86e-05 0 0 0 0 0 0 0 0 0 0 0 0 0 0 0 
1 0.700433 0.251277 0.0169527 6.17e-05 0 0 0 0 0 0 0 0 0 0 0 0 0 0 0 
1 0.699365 0.249949 0.0166424 5.52e-05 1e-07 0 0 0 0 0 0 0 0 0 0 0 0 0 0 
1 0.699677 0.250522 0.0167994 5.92e-05 0 0 0 0 0 0 0 0 0 0 0 0 0 0 0 
1 0.700576 0.251602 0.0169075 5.91e-05 0 0 0 0 0 0 0 0 0 0 0 0 0 0 0 
1 0.70007 0.250665 0.0168961 5.62e-05 0 0 0 0 0 0 0 0 0 0 0 0 0 0 0 
1 0.700265 0.251036 0.0169273 5.46e-05 0 0 0 0 0 0 0 0 0 0 0 0 0 0 0 
1 0.700322 0.2516 0.017033 5.87e-05 0 0 0 0 0 0 0 0 0 0 0 0 0 0 0 
1 0.700075 0.250871 0.0168368 5.66e-05 0 0 0 0 0 0 0 0 0 0 0 0 0 0 0 
1 0.700294 0.250701 0.0169229 5.31e-05 0 0 0 0 0 0 0 0 0 0 0 0 0 0 0 
1 0.70005 0.251063 0.0169591 5.6e-05 0 0 0 0 0 0 0 0 0 0 0 0 0 0 0 
1 0.700601 0.251418 0.0170021 5.93e-05 0 0 0 0 0 0 0 0 0 0 0 0 0 0 0 
1 0.700102 0.251117 0.0169616 5.47e-05 0 0 0 0 0 0 0 0 0 0 0 0 0 0 0 
1 0.699974 0.250577 0.0169171 5.84e-05 0 0 0 0 0 0 0 0 0 0 0 0 0 0 0 
1 0.699984 0.250629 0.0168883 5.57e-05 0 0 0 0 0 0 0 0 0 0 0 0 0 0 0 
1 0.699885 0.25038 0.0166641 5.47e-05 0 0 0 0 0 0 0 0 0 0 0 0 0 0 0 
1 0.699811 0.250335 0.0167642 5.93e-05 0 0 0 0 0 0 0 0 0 0 0 0 0 0 0 
1 0.699889 0.25081 0.0168389 5.58e-05 0 0 0 0 0 0 0 0 0 0 0 0 0 0 0 
1 0.70036 0.251517 0.0170159 5.91e-05 0 0 0 0 0 0 0 0 0 0 0 0 0 0 0 
1 0.699513 0.25015 0.0168604 5.73e-05 0 0 0 0 0 0 0 0 0 0 0 0 0 0 0 
1 0.699608 0.250084 0.0168395 6.39e-05 0 0 0 0 0 0 0 0 0 0 0 0 0 0 0 
1 0.699558 0.250361 0.0167657 5.91e-05 0 0 0 0 0 0 0 0 0 0 0 0 0 0 0 
1 0.70018 0.251238 0.0170025 6.29e-05 0 0 0 0 0 0 0 0 0 0 0 0 0 0 0 
