1 0.700555 0.25829 0.0222693 0.0001935 3.33333e-07 0 0 0 0 0 0 0 0 0 0 0 0 0 0 
1 0.699786 0.257445 0.0222783 0.000213 6.66667e-07 0 0 0 0 0 0 0 0 0 0 0 0 0 0 
1 0.699478 0.257122 0.022066 0.000198833 3.33333e-07 0 0 0 0 0 0 0 0 0 0 0 0 0 0 
1 0.699378 0.256754 0.0220388 0.000198833 3.33333e-07 0 0 0 0 0 0 0 0 0 0 0 0 0 0 
1 0.700043 0.257695 0.0222913 0.0002245 1.66667e-07 0 0 0 0 0 0 0 0 0 0 0 0 0 0 
1 0.700073 0.258183 0.0222785 0.000198833 5e-07 0 0 0 0 0 0 0 0 0 0 0 0 0 0 
1 0.699319 0.257094 0.0220058 0.000213333 1e-06 0 0 0 0 0 0 0 0 0 0 0 0 0 0 
1 0.700083 0.257733 0.0222325 0.0002075 0 0 0 0 0 0 0 0 0 0 0 0 0 0 0 
1 0.700022 0.257429 0.0221033 0.000211 1.66667e-07 0 0 0 0 0 0 0 0 0 0 0 0 0 0 
1 0.700272 0.257781 0.0222447 0.0002215 8.33333e-07 0 0 0 0 0 0 0 0 0 0 0 0 0 0 
1 0.699817 0.257595 0.0220168 0.0002105 5e-07 0 0 0 0 0 0 0 0 0 0 0 0 0 0 
1 0.700404 0.258267 0.0223745 0.0002185 1.66667e-07 0 0 0 0 0 0 0 0 0 0 0 0 0 0 
1 0.700317 0.257584 0.0220518 0.0002025 6.66667e-07 0 0 0 0 0 0 0 0 0 0 0 0 0 0 
1 0.699985 0.257858 0.0222448 0.000199833 1.66667e-07 0 0 0 0 0 0 0 0 0 0 0 0 0 0 
1 0.700047 0.257705 0.0223347 0.000222 8.33333e-07 0 0 0 0 0 0 0 0 0 0 0 0 0 0 
1 0.700347 0.257742 0.022207 0.000206167 0 0 0 0 0 0 0 0 0 0 0 0 0 0 0 
1 0.699345 0.256766 0.021996 0.000217167 0 0 0 0 0 0 0 0 0 0 0 0 0 0 0 
1 0.699521 0.257056 0.0221745 0.000204 0 0 0 0 0 0 0 0 0 0 0 0 0 0 0 
1 0.700301 0.257841 0.0222037 0.000210833 0 0 0 0 0 0 0 0 0 0 0 0 0 0 0 
1 0.700413 0.257855 0.0221805 0.000201 3.33333e-07 0 0 0 0 0 0 0 0 0 0 0 0 0 0 
1 0.699815 0.257041 0.0220407 0.000190167 5e-07 0 0 0 0 0 0 0 0 0 0 0 0 0 0 
1 0.700722 0.258646 0.0224773 0.0002195 5e-07 0 0 0 0 0 0 0 0 0 0 0 0 0 0 
1 0.700404 0.258409 0.0224478 0.000200833 5e-07 0 0 0 0 0 0 0 0 0 0 0 0 0 0 
1 0.700531 0.257986 0.022369 0.000205333 5e-07 0 0 0 0 0 0 0 0 0 0 0 0 0 0 
1 0.700589 0.258655 0.0225557 0.000228 1.66667e-07 0 0 0 0 0 0 0 0 0 0 0 0 0 0 
1 0.700281 0.25837 0.0222597 0.000197333 3.33333e-07 0 0 0 0 0 0 0 0 0 0 0 0 0 0 
1 0.700073 0.257461 0.0219582 0.000208333 3.33333e-07 0 0 0 0 0 0 0 0 0 0 0 0 0 0 
1 0.69958 0.257167 0.0221517 0.000208333 6.66667e-07 0 0 0 0 0 0 0 0 0 0 0 0 0 0 
1 0.699699 0.257386 0.022272 0.0002085 5e-07 0 0 0 0 0 0 0 0 0 0 0 0 0 0 
1 0.699849 0.257754 0.0222355 0.000220667 5e-07 0 0 0 0 0 0 0 0 0 0 0 0 0 0 
1 0.699731 0.257328 0.0221608 0.000214333 3.33333e-07 0 0 0 0 0 0 0 0 0 0 0 0 0 0 
1 0.699249 0.257188 0.0220752 0.000210667 0 0 0 0 0 0 0 0 0 0 0 0 0 0 0 
1 0.700472 0.25845 0.0224857 0.000224 1.66667e-07 0 0 0 0 0 0 0 0 0 0 0 0 0 0 
1 0.700157 0.257873 0.0222943 0.0002225 0 0 0 0 0 0 0 0 0 0 0 0 0 0 0 
1 0.700147 0.257732 0.0222952 0.000222833 1.66667e-07 0 0 0 0 0 0 0 0 0 0 0 0 0 0 
1 0.699603 0.257191 0.0221997 0.000220667 0 0 0 0 0 0 0 0 0 0 0 0 0 0 0 
1 0.700296 0.258334 0.0224168 0.000215833 6.66667e-07 0 0 0 0 0 0 0 0 0 0 0 0 0 0 
1 0.699716 0.257033 0.0220757 0.000227333 0 0 0 0 0 0 0 0 0 0 0 0 0 0 0 
1 0.699738 0.257723 0.0223023 0.000223667 6.66667e-07 0 0 0 0 0 0 0 0 0 0 0 0 0 0 
1 0.699895 0.257491 0.022028 0.000203333 3.33333e-07 0 0 0 0 0 0 0 0 0 0 0 0 0 0 
1 0.700153 0.257671 0.022233 0.0002085 1.33333e-06 0 0 0 0 0 0 0 0 0 0 0 0 0 0 
1 0.70056 0.258089 0.0220402 0.000188167 6.66667e-07 0 0 0 0 0 0 0 0 0 0 0 0 0 0 
1 0.699816 0.257324 0.0222283 0.000209833 0 0 0 0 0 0 0 0 0 0 0 0 0 0 0 
1 0.700098 0.257595 0.0221193 0.0002135 3.33333e-07 0 0 0 0 0 0 0 0 0 0 0 0 0 0 
1 0.699633 0.257187 0.022023 0.000208333 0 0 0 0 0 0 0 0 0 0 0 0 0 0 0 
1 0.699639 0.256975 0.0220565 0.000210667 3.33333e-07 0 0 0 0 0 0 0 0 0 0 0 0 0 0 
1 0.699815 0.257207 0.0221317 0.000215167 1.66667e-07 0 0 0 0 0 0 0 0 0 0 0 0 0 0 
1 0.700041 0.258191 0.0222833 0.0002245 3.33333e-07 0 0 0 0 0 0 0 0 0 0 0 0 0 0 
1 0.70019 0.257988 0.0221603 0.000214667 3.33333e-07 0 0 0 0 0 0 0 0 0 0 0 0 0 0 
1 0.699606 0.257321 0.0222367 0.0002225 3.33333e-07 0 0 0 0 0 0 0 0 0 0 0 0 0 0 
1 0.699531 0.256364 0.021939 0.000204167 1.16667e-06 0 0 0 0 0 0 0 0 0 0 0 0 0 0 
1 0.701246 0.259525 0.0227507 0.0002215 6.66667e-07 0 0 0 0 0 0 0 0 0 0 0 0 0 0 
1 0.699955 0.258078 0.0222548 0.0002075 0 0 0 0 0 0 0 0 0 0 0 0 0 0 0 
1 0.699959 0.25781 0.0223295 0.000203 0 0 0 0 0 0 0 0 0 0 0 0 0 0 0 
1 0.699472 0.256825 0.0220725 0.000211167 1.66667e-07 0 0 0 0 0 0 0 0 0 0 0 0 0 0 
1 0.700175 0.258284 0.0223065 0.000195833 1.66667e-07 0 0 0 0 0 0 0 0 0 0 0 0 0 0 
1 0.700254 0.258087 0.0222317 0.000207667 1.66667e-07 0 0 0 0 0 0 0 0 0 0 0 0 0 0 
1 0.700249 0.258139 0.0223967 0.000228833 1.66667e-07 0 0 0 0 0 0 0 0 0 0 0 0 0 0 
1 0.699986 0.25775 0.0221073 0.000198833 1.66667e-07 0 0 0 0 0 0 0 0 0 0 0 0 0 0 
1 0.700541 0.258253 0.022461 0.000214 3.33333e-07 0 0 0 0 0 0 0 0 0 0 0 0 0 0 
1 0.699113 0.256313 0.021939 0.000195333 3.33333e-07 0 0 0 0 0 0 0 0 0 0 0 0 0 0 
1 0.699997 0.257505 0.0222395 0.000231 0 0 0 0 0 0 0 0 0 0 0 0 0 0 0 
1 0.699546 0.256802 0.0219197 0.000207833 0 0 0 0 0 0 0 0 0 0 0 0 0 0 0 
1 0.699795 0.257764 0.0222287 0.00021 0 0 0 0 0 0 0 0 0 0 0 0 0 0 0 
1 0.699628 0.257491 0.022381 0.000224333 1.16667e-06 0 0 0 0 0 0 0 0 0 0 0 0 0 0 
1 0.700069 0.257516 0.022186 0.000214 1.66667e-07 0 0 0 0 0 0 0 0 0 0 0 0 0 0 
1 0.699531 0.256903 0.021953 0.000215 1.66667e-07 0 0 0 0 0 0 0 0 0 0 0 0 0 0 
1 0.700248 0.257986 0.022377 0.000214667 1e-06 0 0 0 0 0 0 0 0 0 0 0 0 0 0 
1 0.699785 0.257135 0.0220327 0.000207 1.66667e-07 0 0 0 0 0 0 0 0 0 0 0 0 0 0 
1 0.699527 0.256899 0.021937 0.0002015 0 0 0 0 0 0 0 0 0 0 0 0 0 0 0 
1 0.699905 0.256716 0.0220615 0.000213167 1.66667e-07 0 0 0 0 0 0 0 0 0 0 0 0 0 0 
1 0.700847 0.258294 0.0222598 0.0002035 0 0 0 0 0 0 0 0 0 0 0 0 0 0 0 
1 0.699583 0.257189 0.022074 0.000213333 3.33333e-07 0 0 0 0 0 0 0 0 0 0 0 0 0 0 
1 0.699993 0.257373 0.022238 0.000215333 5e-07 0 0 0 0 0 0 0 0 0 0 0 0 0 0 
1 0.699865 0.257383 0.0221132 0.000203833 3.33333e-07 0 0 0 0 0 0 0 0 0 0 0 0 0 0 
1 0.700174 0.258125 0.0224133 0.000232167 5e-07 0 0 0 0 0 0 0 0 0 0 0 0 0 0 
1 0.699655 0.256863 0.0220637 0.000210833 5e-07 0 0 0 0 0 0 0 0 0 0 0 0 0 0 
1 0.699797 0.257873 0.0223162 0.000214 1.66667e-07 0 0 0 0 0 0 0 0 0 0 0 0 0 0 
1 0.699365 0.257337 0.0222058 0.000208 1.66667e-07 0 0 0 0 0 0 0 0 0 0 0 0 0 0 
1 0.700049 0.257307 0.0219347 0.000194 0 0 0 0 0 0 0 0 0 0 0 0 0 0 0 
1 0.700257 0.25818 0.022406 0.000224167 1.66667e-07 0 0 0 0 0 0 0 0 0 0 0 0 0 0 
1 0.700444 0.258733 0.0225012 0.0002145 3.33333e-07 0 0 0 0 0 0 0 0 0 0 0 0 0 0 
1 0.699718 0.257811 0.022347 0.000214167 6.66667e-07 0 0 0 0 0 0 0 0 0 0 0 0 0 0 
1 0.69917 0.256689 0.0220713 0.0002035 5e-07 0 0 0 0 0 0 0 0 0 0 0 0 0 0 
1 0.699602 0.257482 0.0222227 0.0002135 1.66667e-07 0 0 0 0 0 0 0 0 0 0 0 0 0 0 
1 0.699691 0.257674 0.0222723 0.000206667 0 0 0 0 0 0 0 0 0 0 0 0 0 0 0 
1 0.699696 0.257073 0.0218578 0.000224 1.33333e-06 0 0 0 0 0 0 0 0 0 0 0 0 0 0 
1 0.700409 0.258668 0.0224768 0.000205 1.66667e-07 0 0 0 0 0 0 0 0 0 0 0 0 0 0 
1 0.699902 0.257512 0.02209 0.000204333 5e-07 0 0 0 0 0 0 0 0 0 0 0 0 0 0 
1 0.700754 0.258701 0.0224527 0.000207833 5e-07 0 0 0 0 0 0 0 0 0 0 0 0 0 0 
1 0.700673 0.258483 0.0223497 0.000202 1.66667e-07 0 0 0 0 0 0 0 0 0 0 0 0 0 0 
1 0.700122 0.257916 0.0222168 0.000209667 0 0 0 0 0 0 0 0 0 0 0 0 0 0 0 
1 0.700088 0.257828 0.0221653 0.000209833 5e-07 0 0 0 0 0 0 0 0 0 0 0 0 0 0 
1 0.699822 0.257445 0.0221908 0.000205833 0 0 0 0 0 0 0 0 0 0 0 0 0 0 0 
1 0.699817 0.257683 0.0223768 0.000223667 1.66667e-07 0 0 0 0 0 0 0 0 0 0 0 0 0 0 
1 0.699891 0.257284 0.0221767 0.000209 1.66667e-07 0 0 0 0 0 0 0 0 0 0 0 0 0 0 
1 0.699917 0.258128 0.0223045 0.0002115 3.33333e-07 0 0 0 0 0 0 0 0 0 0 0 0 0 0 
1 0.699941 0.25726 0.0222325 0.000218833 5e-07 0 0 0 0 0 0 0 0 0 0 0 0 0 0 
1 0.700314 0.258534 0.0224885 0.000225 3.33333e-07 0 0 0 0 0 0 0 0 0 0 0 0 0 0 
1 0.699611 0.257365 0.0222672 0.000227 0 0 0 0 0 0 0 0 0 0 0 0 0 0 0 
1 0.700443 0.258055 0.0223325 0.000208167 3.33333e-07 0 0 0 0 0 0 0 0 0 0 0 0 0 0 
1 0.699457 0.256812 0.022095 0.000211 6.66667e-07 0 0 0 0 0 0 0 0 0 0 0 0 0 0 
1 0.69967 0.257196 0.0220718 0.000211833 0 0 0 0 0 0 0 0 0 0 0 0 0 0 0 
1 0.699762 0.257614 0.022181 0.000213833 1.66667e-07 0 0 0 0 0 0 0 0 0 0 0 0 0 0 
1 0.699747 0.257626 0.0222073 0.000204 0 0 0 0 0 0 0 0 0 0 0 0 0 0 0 
1 0.699565 0.25695 0.0219172 0.000187 1.66667e-07 0 0 0 0 0 0 0 0 0 0 0 0 0 0 
1 0.70016 0.25799 0.0222538 0.000212167 3.33333e-07 0 0 0 0 0 0 0 0 0 0 0 0 0 0 
1 0.700184 0.257626 0.022184 0.000207667 3.33333e-07 0 0 0 0 0 0 0 0 0 0 0 0 0 0 
1 0.70008 0.25728 0.021993 0.000204333 3.33333e-07 0 0 0 0 0 0 0 0 0 0 0 0 0 0 
1 0.699674 0.257324 0.0221818 0.000212833 1.66667e-07 0 0 0 0 0 0 0 0 0 0 0 0 0 0 
1 0.699501 0.256775 0.0220757 0.000211667 0 0 0 0 0 0 0 0 0 0 0 0 0 0 0 
1 0.700049 0.257737 0.0222673 0.000215833 0 0 0 0 0 0 0 0 0 0 0 0 0 0 0 
1 0.699863 0.258082 0.0222533 0.000198333 0 0 0 0 0 0 0 0 0 0 0 0 0 0 0 
1 0.700428 0.258082 0.022121 0.000213 5e-07 0 0 0 0 0 0 0 0 0 0 0 0 0 0 
1 0.700119 0.257445 0.0221337 0.000207333 0 0 0 0 0 0 0 0 0 0 0 0 0 0 0 
1 0.700092 0.25765 0.02221 0.0001985 5e-07 0 0 0 0 0 0 0 0 0 0 0 0 0 0 
1 0.700609 0.258473 0.0223702 0.000213833 0 0 0 0 0 0 0 0 0 0 0 0 0 0 0 
1 0.699611 0.25708 0.0222825 0.000221 6.66667e-07 0 0 0 0 0 0 0 0 0 0 0 0 0 0 
1 0.700041 0.257435 0.0221342 0.0001905 1.66667e-07 0 0 0 0 0 0 0 0 0 0 0 0 0 0 
1 0.699809 0.257401 0.022026 0.0002 6.66667e-07 0 0 0 0 0 0 0 0 0 0 0 0 0 0 
1 0.69949 0.25722 0.0221987 0.000208 0 0 0 0 0 0 0 0 0 0 0 0 0 0 0 
1 0.700325 0.258532 0.0225058 0.000221667 3.33333e-07 0 0 0 0 0 0 0 0 0 0 0 0 0 0 
1 0.700507 0.25801 0.0223727 0.000216833 0 0 0 0 0 0 0 0 0 0 0 0 0 0 0 
1 0.700017 0.257493 0.0222735 0.000210833 1.66667e-07 0 0 0 0 0 0 0 0 0 0 0 0 0 0 
1 0.699425 0.256927 0.0220672 0.000217333 3.33333e-07 0 0 0 0 0 0 0 0 0 0 0 0 0 0 
1 0.699717 0.257183 0.022129 0.000216 3.33333e-07 0 0 0 0 0 0 0 0 0 0 0 0 0 0 
1 0.700126 0.258004 0.0223205 0.000207833 1.66667e-07 0 0 0 0 0 0 0 0 0 0 0 0 0 0 
1 0.700001 0.25742 0.0220458 0.0002145 3.33333e-07 0 0 0 0 0 0 0 0 0 0 0 0 0 0 
1 0.700022 0.257347 0.022321 0.000214167 3.33333e-07 0 0 0 0 0 0 0 0 0 0 0 0 0 0 
1 0.699263 0.256792 0.021923 0.000206333 1.66667e-07 0 0 0 0 0 0 0 0 0 0 0 0 0 0 
1 0.699795 0.25703 0.0220293 0.000204 3.33333e-07 0 0 0 0 0 0 0 0 0 0 0 0 0 0 
1 0.699637 0.257334 0.0220607 0.000206833 1.66667e-07 0 0 0 0 0 0 0 0 0 0 0 0 0 0 
1 0.699495 0.25713 0.0220413 0.000208333 5e-07 0 0 0 0 0 0 0 0 0 0 0 0 0 0 
1 0.699532 0.25715 0.0220548 0.000207167 0 0 0 0 0 0 0 0 0 0 0 0 0 0 0 
1 0.700486 0.257827 0.0221823 0.000205167 0 0 0 0 0 0 0 0 0 0 0 0 0 0 0 
1 0.700249 0.258376 0.0225027 0.0002085 5e-07 0 0 0 0 0 0 0 0 0 0 0 0 0 0 
1 0.699661 0.257206 0.0221452 0.000206667 5e-07 0 0 0 0 0 0 0 0 0 0 0 0 0 0 
1 0.699085 0.256224 0.021828 0.000201 1.66667e-07 0 0 0 0 0 0 0 0 0 0 0 0 0 0 
1 0.700139 0.257651 0.0223113 0.000207833 1.66667e-07 0 0 0 0 0 0 0 0 0 0 0 0 0 0 
1 0.70037 0.258001 0.0222208 0.000215667 3.33333e-07 0 0 0 0 0 0 0 0 0 0 0 0 0 0 
1 0.699806 0.257292 0.022034 0.000207833 5e-07 0 0 0 0 0 0 0 0 0 0 0 0 0 0 
1 0.700663 0.258174 0.0224262 0.000209667 1.66667e-07 0 0 0 0 0 0 0 0 0 0 0 0 0 0 
1 0.70012 0.257388 0.0220272 0.0001965 1.66667e-07 0 0 0 0 0 0 0 0 0 0 0 0 0 0 
1 0.700317 0.25837 0.0224548 0.000223333 1.66667e-07 0 0 0 0 0 0 0 0 0 0 0 0 0 0 
1 0.700436 0.258374 0.0223768 0.000217833 1.66667e-07 0 0 0 0 0 0 0 0 0 0 0 0 0 0 
1 0.700064 0.256677 0.0219275 0.000198167 3.33333e-07 0 0 0 0 0 0 0 0 0 0 0 0 0 0 
1 0.699667 0.257141 0.0220622 0.000206667 3.33333e-07 0 0 0 0 0 0 0 0 0 0 0 0 0 0 
1 0.700305 0.258374 0.0224717 0.000227167 5e-07 0 0 0 0 0 0 0 0 0 0 0 0 0 0 
1 0.700433 0.25794 0.0223802 0.000209167 1.66667e-07 0 0 0 0 0 0 0 0 0 0 0 0 0 0 
1 0.699788 0.257354 0.0221072 0.0002065 5e-07 0 0 0 0 0 0 0 0 0 0 0 0 0 0 
1 0.700182 0.257284 0.0221103 0.000220833 5e-07 0 0 0 0 0 0 0 0 0 0 0 0 0 0 
1 0.699516 0.257085 0.0220732 0.000197333 3.33333e-07 0 0 0 0 0 0 0 0 0 0 0 0 0 0 
1 0.700048 0.257706 0.0222942 0.000215 1.66667e-07 0 0 0 0 0 0 0 0 0 0 0 0 0 0 
1 0.699229 0.256444 0.0218907 0.000199333 1.66667e-07 0 0 0 0 0 0 0 0 0 0 0 0 0 0 
1 0.69969 0.257732 0.0222487 0.000222333 1.66667e-07 0 0 0 0 0 0 0 0 0 0 0 0 0 0 
1 0.700493 0.258945 0.0225247 0.0002145 3.33333e-07 0 0 0 0 0 0 0 0 0 0 0 0 0 0 
1 0.699456 0.256654 0.0220285 0.000201 6.66667e-07 0 0 0 0 0 0 0 0 0 0 0 0 0 0 
1 0.699457 0.256967 0.022078 0.000191 3.33333e-07 0 0 0 0 0 0 0 0 0 0 0 0 0 0 
1 0.700076 0.257866 0.0222767 0.000207333 3.33333e-07 0 0 0 0 0 0 0 0 0 0 0 0 0 0 
1 0.699928 0.257294 0.0221788 0.000214167 3.33333e-07 0 0 0 0 0 0 0 0 0 0 0 0 0 0 
1 0.699858 0.257506 0.0220535 0.000224 8.33333e-07 0 0 0 0 0 0 0 0 0 0 0 0 0 0 
1 0.699885 0.257408 0.0220077 0.000198667 1.66667e-07 0 0 0 0 0 0 0 0 0 0 0 0 0 0 
1 0.700399 0.25814 0.0224123 0.000213167 1.66667e-07 0 0 0 0 0 0 0 0 0 0 0 0 0 0 
1 0.70036 0.258212 0.0221683 0.000211667 0 0 0 0 0 0 0 0 0 0 0 0 0 0 0 
1 0.700211 0.257835 0.0222815 0.000207833 5e-07 0 0 0 0 0 0 0 0 0 0 0 0 0 0 
1 0.700226 0.257378 0.0220557 0.000204833 1.66667e-07 0 0 0 0 0 0 0 0 0 0 0 0 0 0 
1 0.699498 0.256755 0.0219978 0.000210833 3.33333e-07 0 0 0 0 0 0 0 0 0 0 0 0 0 0 
1 0.699909 0.257105 0.0221207 0.0002045 1.66667e-07 0 0 0 0 0 0 0 0 0 0 0 0 0 0 
1 0.699712 0.257252 0.0221417 0.000215 1.66667e-07 0 0 0 0 0 0 0 0 0 0 0 0 0 0 
1 0.70056 0.258513 0.0224677 0.000239833 1.66667e-07 0 0 0 0 0 0 0 0 0 0 0 0 0 0 
1 0.70052 0.258274 0.0225385 0.000214167 1.66667e-07 0 0 0 0 0 0 0 0 0 0 0 0 0 0 
1 0.700322 0.258153 0.0223508 0.000203667 0 0 0 0 0 0 0 0 0 0 0 0 0 0 0 
1 0.700807 0.258511 0.0225238 0.0002135 1.66667e-07 0 0 0 0 0 0 0 0 0 0 0 0 0 0 
1 0.699757 0.257318 0.0222743 0.000208 0 0 0 0 0 0 0 0 0 0 0 0 0 0 0 
1 0.700084 0.257988 0.022242 0.000203667 1e-06 0 0 0 0 0 0 0 0 0 0 0 0 0 0 
1 0.699922 0.257689 0.0221895 0.000213333 3.33333e-07 0 0 0 0 0 0 0 0 0 0 0 0 0 0 
1 0.699741 0.257553 0.0221667 0.000216667 1.66667e-07 0 0 0 0 0 0 0 0 0 0 0 0 0 0 
1 0.699819 0.257023 0.0220638 0.000199167 3.33333e-07 0 0 0 0 0 0 0 0 0 0 0 0 0 0 
1 0.699666 0.257096 0.0221205 0.000219667 5e-07 0 0 0 0 0 0 0 0 0 0 0 0 0 0 
1 0.700158 0.257724 0.0221732 0.000195667 0 0 0 0 0 0 0 0 0 0 0 0 0 0 0 
1 0.699997 0.257572 0.0222665 0.000215333 5e-07 0 0 0 0 0 0 0 0 0 0 0 0 0 0 
1 0.700072 0.257475 0.0222777 0.000203167 0 0 0 0 0 0 0 0 0 0 0 0 0 0 0 
1 0.699459 0.256886 0.0220567 0.000205 1.66667e-07 0 0 0 0 0 0 0 0 0 0 0 0 0 0 
1 0.700002 0.258032 0.0222183 0.000205 3.33333e-07 0 0 0 0 0 0 0 0 0 0 0 0 0 0 
1 0.699756 0.257274 0.02207 0.000206167 1e-06 0 0 0 0 0 0 0 0 0 0 0 0 0 0 
1 0.700718 0.258084 0.0221833 0.000197167 1.66667e-07 0 0 0 0 0 0 0 0 0 0 0 0 0 0 
1 0.69969 0.257302 0.0221253 0.000210833 0 0 0 0 0 0 0 0 0 0 0 0 0 0 0 
1 0.699753 0.257208 0.0222088 0.000212 3.33333e-07 0 0 0 0 0 0 0 0 0 0 0 0 0 0 
1 0.700345 0.257502 0.0221407 0.000204667 3.33333e-07 0 0 0 0 0 0 0 0 0 0 0 0 0 0 
1 0.699765 0.257416 0.0221782 0.000209833 0 0 0 0 0 0 0 0 0 0 0 0 0 0 0 
1 0.699867 0.257679 0.022134 0.000203167 0 0 0 0 0 0 0 0 0 0 0 0 0 0 0 
1 0.700193 0.257925 0.0222713 0.000215833 3.33333e-07 0 0 0 0 0 0 0 0 0 0 0 0 0 0 
1 0.69978 0.257899 0.022371 0.000218333 0 0 0 0 0 0 0 0 0 0 0 0 0 0 0 
1 0.700438 0.257902 0.0223192 0.000213667 3.33333e-07 0 0 0 0 0 0 0 0 0 0 0 0 0 0 
1 0.700058 0.257933 0.0223035 0.000222 6.66667e-07 0 0 0 0 0 0 0 0 0 0 0 0 0 0 
1 0.699388 0.25675 0.0219347 0.000192167 1.66667e-07 0 0 0 0 0 0 0 0 0 0 0 0 0 0 
1 0.70008 0.257619 0.0222182 0.000208333 0 0 0 0 0 0 0 0 0 0 0 0 0 0 0 
1 0.700197 0.258625 0.02241 0.000209333 3.33333e-07 0 0 0 0 0 0 0 0 0 0 0 0 0 0 
1 0.70052 0.257875 0.022399 0.0002175 5e-07 0 0 0 0 0 0 0 0 0 0 0 0 0 0 
1 0.700104 0.257451 0.022207 0.0002305 5e-07 0 0 0 0 0 0 0 0 0 0 0 0 0 0 
1 0.699895 0.257445 0.0220072 0.000204 1.66667e-07 0 0 0 0 0 0 0 0 0 0 0 0 0 0 
1 0.700398 0.258446 0.0222802 0.0002095 1e-06 0 0 0 0 0 0 0 0 0 0 0 0 0 0 
1 0.699855 0.257428 0.0220785 0.000216 5e-07 0 0 0 0 0 0 0 0 0 0 0 0 0 0 
1 0.699945 0.257957 0.0223887 0.0002255 0 0 0 0 0 0 0 0 0 0 0 0 0 0 0 
1 0.699975 0.257515 0.022199 0.000197833 5e-07 0 0 0 0 0 0 0 0 0 0 0 0 0 0 
1 0.699793 0.257614 0.0221055 0.000187167 5e-07 0 0 0 0 0 0 0 0 0 0 0 0 0 0 
1 0.699552 0.257036 0.021963 0.000202667 5e-07 0 0 0 0 0 0 0 0 0 0 0 0 0 0 
1 0.699307 0.257002 0.0220878 0.000211167 1.66667e-07 0 0 0 0 0 0 0 0 0 0 0 0 0 0 
1 0.700224 0.257687 0.0222097 0.000203667 1.66667e-07 0 0 0 0 0 0 0 0 0 0 0 0 0 0 
1 0.699874 0.257509 0.0222547 0.000210333 5e-07 0 0 0 0 0 0 0 0 0 0 0 0 0 0 
1 0.699762 0.257747 0.0221862 0.000213333 1.66667e-07 0 0 0 0 0 0 0 0 0 0 0 0 0 0 
1 0.699939 0.257586 0.0222597 0.000203 1.66667e-07 0 0 0 0 0 0 0 0 0 0 0 0 0 0 
1 0.700483 0.258649 0.0223513 0.000213667 1.33333e-06 0 0 0 0 0 0 0 0 0 0 0 0 0 0 
1 0.700121 0.257997 0.0222575 0.0002125 1.66667e-07 0 0 0 0 0 0 0 0 0 0 0 0 0 0 
1 0.700401 0.257702 0.0221742 0.000207667 5e-07 0 0 0 0 0 0 0 0 0 0 0 0 0 0 
1 0.700082 0.257481 0.022265 0.000216 1.66667e-07 0 0 0 0 0 0 0 0 0 0 0 0 0 0 
1 0.699895 0.257421 0.0222295 0.000213333 1.66667e-07 0 0 0 0 0 0 0 0 0 0 0 0 0 0 
1 0.700597 0.258103 0.0223417 0.000214167 1.66667e-07 0 0 0 0 0 0 0 0 0 0 0 0 0 0 
1 0.699839 0.257689 0.02223 0.0002185 1.66667e-07 0 0 0 0 0 0 0 0 0 0 0 0 0 0 
1 0.700186 0.257221 0.0220773 0.000202 1.66667e-07 0 0 0 0 0 0 0 0 0 0 0 0 0 0 
1 0.700509 0.258543 0.0224652 0.000226833 1.33333e-06 0 0 0 0 0 0 0 0 0 0 0 0 0 0 
1 0.6999 0.257557 0.0222317 0.000204 6.66667e-07 0 0 0 0 0 0 0 0 0 0 0 0 0 0 
1 0.699773 0.257233 0.0220837 0.000202 1.66667e-07 0 0 0 0 0 0 0 0 0 0 0 0 0 0 
1 0.70048 0.258217 0.0222145 0.000198667 0 0 0 0 0 0 0 0 0 0 0 0 0 0 0 
1 0.699982 0.257831 0.0222143 0.000208167 5e-07 0 0 0 0 0 0 0 0 0 0 0 0 0 0 
1 0.700085 0.257535 0.0220792 0.000192833 3.33333e-07 0 0 0 0 0 0 0 0 0 0 0 0 0 0 
1 0.69987 0.257655 0.0220998 0.000203 1.5e-06 0 0 0 0 0 0 0 0 0 0 0 0 0 0 
1 0.699105 0.256912 0.0219892 0.000204333 1.66667e-07 0 0 0 0 0 0 0 0 0 0 0 0 0 0 
1 0.700249 0.257924 0.0222052 0.000209333 1.66667e-07 0 0 0 0 0 0 0 0 0 0 0 0 0 0 
1 0.700409 0.258245 0.0223453 0.0002235 1.16667e-06 0 0 0 0 0 0 0 0 0 0 0 0 0 0 
