0.213811 0.24007
0.214018 0.239615
0.213386 0.240013
0.21429 0.239822
0.213906 0.239726
0.213796 0.239802
0.212763 0.239676
0.213077 0.239275
0.21383 0.240076
0.214076 0.240088
0.213346 0.239693
0.214562 0.239861
0.213141 0.239665
0.214678 0.239842
0.213562 0.23916
0.213382 0.240074
0.213897 0.23974
0.213151 0.239761
0.213801 0.239556
0.214186 0.239839
0.213611 0.239588
0.213452 0.239219
0.214201 0.240077
0.213852 0.240128
0.214404 0.240069
0.214138 0.239944
0.214221 0.239637
0.21426 0.239699
0.214006 0.240321
0.213614 0.239856
0.213866 0.239532
0.214414 0.240057
0.213323 0.239724
0.213229 0.23966
0.213401 0.239686
0.213502 0.240008
0.213507 0.239831
0.213075 0.239917
0.213055 0.239407
0.21373 0.239926
0.213687 0.239824
0.213619 0.239517
0.214457 0.239762
0.214554 0.239728
0.214 0.239459
0.214099 0.23994
0.213836 0.239554
0.21419 0.239955
0.213501 0.239671
0.214073 0.239415
0.213525 0.239879
0.214241 0.239938
0.214086 0.239659
0.213049 0.239801
0.213901 0.23978
0.213094 0.239849
0.214133 0.239945
0.214225 0.23982
0.212721 0.239609
0.214004 0.240168
0.214323 0.239728
0.214054 0.239897
0.213203 0.239886
0.213761 0.24022
0.213942 0.2397
0.213347 0.240089
0.212795 0.239445
0.213448 0.239626
0.214644 0.239807
0.214006 0.240113
0.214327 0.240185
0.213233 0.239539
0.213863 0.239511
0.212988 0.239786
0.214384 0.239832
0.213268 0.239716
0.214434 0.239773
0.213831 0.239821
0.214079 0.239813
0.213264 0.239798
0.213565 0.23934
0.213203 0.239532
0.21412 0.239946
0.214226 0.239913
0.213903 0.239471
0.213448 0.239734
0.214424 0.239685
0.214269 0.239966
0.213978 0.239485
0.213845 0.239991
0.21295 0.239932
0.213909 0.239675
0.214262 0.239833
0.214523 0.239768
0.213613 0.239734
0.214328 0.239865
0.214702 0.239972
0.213971 0.239619
0.21423 0.23924
0.214196 0.239587
