0.212227 0.241061
0.212943 0.240977
0.212465 0.24087
0.212653 0.240854
0.212233 0.240824
0.212252 0.240693
0.212587 0.240887
0.212853 0.24098
0.212857 0.240752
0.212074 0.240545
0.212116 0.240958
0.212547 0.241151
0.212977 0.241107
0.212255 0.240835
0.212622 0.240763
0.212525 0.240755
0.212176 0.240753
0.212158 0.240825
0.21215 0.240802
0.212591 0.240782
0.212257 0.2409
0.211843 0.240587
0.212104 0.240562
0.212393 0.240825
0.211969 0.240689
0.212073 0.240565
0.212346 0.240884
0.212601 0.240673
0.212599 0.241005
0.212856 0.240848
0.212454 0.240892
0.212612 0.240338
0.212558 0.240844
0.212262 0.240713
0.21296 0.240952
0.21259 0.240989
0.212025 0.240748
0.213016 0.240731
0.212066 0.240796
0.212145 0.240789
0.213061 0.24064
0.212642 0.240865
0.212325 0.24058
0.212577 0.241061
0.212043 0.240607
0.21254 0.240562
0.212773 0.241099
0.212649 0.240818
0.21254 0.241026
0.212414 0.240668
0.212326 0.240576
0.212909 0.241259
0.212662 0.241053
0.212757 0.240807
0.211691 0.240737
0.212408 0.24103
0.212229 0.240736
0.212601 0.241039
0.212063 0.240564
0.212601 0.240982
0.212567 0.24075
0.212914 0.240852
0.212627 0.240804
0.213211 0.24117
0.212775 0.240775
0.21214 0.240491
0.212709 0.240953
0.212854 0.240909
0.212431 0.240924
0.213038 0.240748
0.212447 0.240892
0.212435 0.2409
0.212522 0.240556
0.212096 0.240732
0.2127 0.240921
0.212821 0.241036
0.211901 0.240612
0.212459 0.240709
0.212471 0.240762
0.21316 0.240995
0.212157 0.240512
0.213142 0.240838
0.212106 0.24073
0.212405 0.24103
0.212844 0.240866
0.212183 0.240873
0.212393 0.240586
0.212309 0.241056
0.212147 0.240625
0.21211 0.240783
0.212398 0.240969
0.212334 0.24047
0.212451 0.24058
0.212887 0.240984
0.212105 0.240526
0.213051 0.240858
0.212955 0.240936
0.21242 0.240694
0.212234 0.240716
0.212666 0.240818
