0.232267 0.206435
0.242246 0.209121
0.237109 0.208828
0.240319 0.209737
0.235752 0.205775
0.236882 0.20798
0.236403 0.205238
0.23834 0.206523
0.239275 0.209917
0.2347 0.204548
0.237075 0.206343
0.235757 0.207249
0.235205 0.20489
0.238262 0.205655
0.241295 0.208103
0.239148 0.206674
0.239053 0.205369
0.238604 0.206795
0.237987 0.20758
0.235463 0.207282
0.237624 0.204456
0.237591 0.206799
0.236713 0.206337
0.239045 0.204732
0.236199 0.204515
0.234504 0.206365
0.236095 0.205273
0.2403 0.205224
0.241167 0.207882
0.235662 0.207399
0.234837 0.206736
0.241108 0.206681
0.243186 0.20931
0.24085 0.209134
0.233751 0.203579
0.241048 0.205843
0.240207 0.20665
0.240281 0.206619
0.2378 0.206477
0.23588 0.205608
0.237736 0.205891
0.240773 0.206715
0.238017 0.209714
0.233607 0.205825
0.236412 0.207418
0.234841 0.205463
0.237497 0.20475
0.23976 0.208266
0.231927 0.204779
0.237774 0.208386
0.239491 0.206836
0.240442 0.207272
0.239789 0.207424
0.238235 0.207577
0.239708 0.205259
0.23886 0.20844
0.235537 0.20506
0.237375 0.204619
0.240857 0.207425
0.241696 0.206951
0.240156 0.208305
0.235331 0.20545
0.237631 0.207346
0.241788 0.207737
0.23885 0.206132
0.240415 0.206117
0.241775 0.208154
0.234187 0.204426
0.234883 0.203924
0.2371 0.207382
0.237923 0.204865
0.234607 0.206859
0.233661 0.205172
0.239794 0.205932
0.23501 0.206367
0.239077 0.205414
0.236745 0.20649
0.235415 0.206293
0.235044 0.205143
0.240568 0.208525
0.240429 0.203532
0.23549 0.205885
0.234878 0.207365
0.238451 0.208114
0.239934 0.207362
0.235557 0.209123
0.236665 0.207849
0.235817 0.208283
0.235348 0.20716
0.234606 0.207115
0.240727 0.207329
0.236341 0.206927
0.237184 0.207025
0.235645 0.204707
0.240008 0.209119
0.241547 0.208544
0.233336 0.206636
0.238896 0.207296
0.235231 0.203833
0.236085 0.207122
