0.216785 0.238641
0.21673 0.237298
0.216612 0.237639
0.216772 0.237813
0.217322 0.238289
0.215887 0.237669
0.215822 0.237738
0.216775 0.238413
0.216205 0.236784
0.216787 0.238551
0.216065 0.238093
0.215487 0.238189
0.217346 0.237763
0.216081 0.238226
0.217129 0.237594
0.216442 0.237606
0.216984 0.237637
0.217119 0.238656
0.215971 0.238007
0.217402 0.238279
0.215718 0.237929
0.217421 0.237971
0.215846 0.237558
0.217264 0.238748
0.216013 0.237635
0.215921 0.238415
0.215453 0.237828
0.216464 0.238109
0.216046 0.237764
0.216618 0.237721
0.216241 0.237579
0.217269 0.238347
0.218141 0.238443
0.21701 0.238036
0.217727 0.238157
0.217257 0.237676
0.217563 0.238131
0.217633 0.238541
0.215479 0.237614
0.217157 0.238337
0.217002 0.237715
0.216784 0.238317
0.21657 0.237672
0.216879 0.237756
0.216032 0.238322
0.217518 0.238409
0.217511 0.238223
0.216919 0.237988
0.216388 0.238177
0.217741 0.23874
0.216378 0.237929
0.217423 0.238084
0.216243 0.237613
0.218189 0.238129
0.217453 0.23812
0.215663 0.237709
0.217289 0.237983
0.216631 0.237443
0.216464 0.238289
0.215148 0.238547
0.215676 0.238045
0.216075 0.237291
0.216429 0.23745
0.216213 0.237487
0.215981 0.237916
0.216685 0.238066
0.215503 0.237869
0.216152 0.237986
0.217384 0.237387
0.215567 0.237167
0.215598 0.237587
0.217924 0.237847
0.216786 0.237866
0.217218 0.2377
0.215138 0.237915
0.217654 0.23758
0.216504 0.237944
0.216268 0.238261
0.217188 0.237909
0.216114 0.23796
0.216403 0.238206
0.215419 0.238173
0.216788 0.238095
0.215851 0.237531
0.21668 0.238208
0.216835 0.238166
0.217913 0.238198
0.216606 0.238328
0.217713 0.238937
0.217649 0.238042
0.215383 0.237894
0.216062 0.237753
0.216741 0.238053
0.215799 0.237217
0.217777 0.238353
0.217042 0.237814
0.216259 0.238097
0.216461 0.238184
0.217312 0.237737
0.217257 0.238011
