0.231828 0.169005
0.232123 0.165112
0.23107 0.161939
0.23141 0.163235
0.231877 0.164854
0.234587 0.163797
0.227999 0.164025
0.232156 0.164854
0.239259 0.167286
0.236232 0.164832
0.244565 0.170121
0.230849 0.165448
0.230308 0.163226
0.241129 0.167137
0.233204 0.166818
0.229842 0.163987
0.229321 0.164925
0.233092 0.162824
0.240769 0.169296
0.234938 0.16595
0.223787 0.164237
0.230391 0.163367
0.244498 0.170621
0.236905 0.165379
0.239347 0.167343
0.232753 0.166804
0.244184 0.164873
0.229758 0.167103
0.231234 0.165001
0.244345 0.166959
0.235068 0.166087
0.22907 0.162927
0.233824 0.165089
0.229129 0.160681
0.232062 0.168002
0.23632 0.165553
0.230866 0.162702
0.234508 0.16198
0.242138 0.164668
0.23423 0.161875
0.223949 0.161012
0.230913 0.163771
0.233076 0.166375
0.226011 0.161547
0.242725 0.165092
0.241056 0.169853
0.233165 0.161763
0.229349 0.165799
0.232786 0.166889
0.229471 0.167381
0.233949 0.163416
0.232504 0.167608
0.239384 0.166372
0.245794 0.168244
0.233471 0.16347
0.234863 0.164279
0.234396 0.167221
0.231519 0.161226
0.236318 0.167396
0.239212 0.16553
0.245233 0.171838
0.22741 0.16006
0.232898 0.165063
0.232445 0.166566
0.242993 0.165371
0.23943 0.167752
0.239975 0.166653
0.237483 0.167353
0.236826 0.163362
0.231918 0.166549
0.235768 0.165496
0.243119 0.171227
0.239083 0.16251
0.226439 0.160431
0.238673 0.165331
0.230128 0.162835
0.239581 0.166178
0.235205 0.166745
0.227842 0.162704
0.239166 0.166916
0.242843 0.167683
0.232291 0.16455
0.236615 0.163243
0.235208 0.167609
0.231427 0.165013
0.23562 0.165657
0.240258 0.168949
0.234426 0.165069
0.237116 0.164213
0.227685 0.161129
0.242353 0.165608
0.228444 0.162077
0.235114 0.167828
0.230099 0.162236
0.233129 0.163931
0.230484 0.159897
0.243083 0.166967
0.224004 0.158008
0.244485 0.16644
0.231131 0.164805
