0.229486 0.224014
0.231428 0.226447
0.229798 0.224716
0.229698 0.224143
0.232272 0.224531
0.233408 0.223378
0.232284 0.225488
0.230616 0.222172
0.229893 0.225426
0.23101 0.224908
0.230686 0.223683
0.230331 0.225427
0.231132 0.223306
0.227876 0.223579
0.231296 0.223479
0.230114 0.223485
0.231784 0.223693
0.231375 0.22303
0.228621 0.223904
0.231126 0.22496
0.231429 0.225196
0.229187 0.223638
0.230936 0.223167
0.228803 0.223199
0.231416 0.223124
0.23002 0.223623
0.230924 0.225138
0.23034 0.222822
0.231212 0.22464
0.232409 0.224854
0.232063 0.223575
0.231255 0.225349
0.228709 0.224763
0.231658 0.22199
0.229826 0.22376
0.228765 0.222489
0.232985 0.224323
0.232912 0.223079
0.228492 0.222844
0.231309 0.221976
0.232588 0.22513
0.229361 0.223306
0.229738 0.224351
0.228895 0.223219
0.232193 0.224147
0.2313 0.224349
0.227596 0.222511
0.231468 0.223688
0.231038 0.224709
0.23142 0.224233
0.228907 0.224596
0.232909 0.223814
0.231484 0.224203
0.228241 0.224173
0.23131 0.224143
0.230986 0.222117
0.230087 0.224481
0.228011 0.224456
0.231321 0.223129
0.229853 0.224821
0.228852 0.22423
0.231199 0.222739
0.233062 0.223968
0.228339 0.223793
0.231801 0.224011
0.228917 0.222753
0.229863 0.222557
0.231917 0.224922
0.232918 0.224257
0.233105 0.22503
0.231892 0.223466
0.23205 0.223986
0.228126 0.22375
0.231504 0.225948
0.230017 0.224697
0.232511 0.22412
0.232946 0.224314
0.227121 0.22256
0.228397 0.22323
0.229651 0.224644
0.231503 0.224048
0.229293 0.221991
0.229017 0.222487
0.231304 0.224159
0.22988 0.223617
0.230917 0.223641
0.231684 0.223382
0.233354 0.226374
0.231731 0.224333
0.229016 0.223601
0.230053 0.22442
0.232591 0.224834
0.23109 0.224134
0.231439 0.222634
0.227224 0.223492
0.230275 0.223356
0.231604 0.222525
0.23116 0.224021
0.230279 0.223957
0.232867 0.224979
