1 0.949877 0.789226 0.463805 0.165293 0.0413452 0.008849 0.00186283 0.000420667 0.000103 1.46667e-05 0 0 0 0 0 0 0 0 0 
1 0.950199 0.790744 0.467724 0.17066 0.0453612 0.0109442 0.00257667 0.000581667 0.000112167 9.5e-06 1.66667e-07 0 0 0 0 0 0 0 0 
1 0.950117 0.791142 0.467243 0.167127 0.0422188 0.00939083 0.00179617 0.0002645 1.95e-05 5e-07 0 0 0 0 0 0 0 0 0 
1 0.950339 0.792134 0.47032 0.171621 0.0442078 0.0101322 0.00252033 0.000893667 0.0003945 0.0002395 0.000175167 9.85e-05 2.98333e-05 2.66667e-06 0 0 0 0 0 
1 0.949282 0.787808 0.460771 0.162403 0.0403332 0.00895567 0.00223083 0.000652333 0.000167333 4.81667e-05 5.66667e-06 0 0 0 0 0 0 0 0 
1 0.949635 0.788927 0.46433 0.167136 0.0429772 0.00909767 0.00166083 0.000306333 5.51667e-05 2.5e-06 0 0 0 0 0 0 0 0 0 
1 0.95007 0.79062 0.46584 0.165805 0.0413492 0.00895283 0.0016695 0.000210667 1.06667e-05 1.38778e-17 0 0 0 0 0 0 0 0 0 
1 0.949792 0.789484 0.463748 0.165483 0.0428758 0.0100487 0.0022935 0.00045 4.85e-05 1.33333e-06 0 0 0 0 0 0 0 0 0 
1 0.950006 0.79065 0.466414 0.168194 0.043766 0.0101823 0.00235417 0.0005805 0.000151833 2.28333e-05 8.33333e-07 0 0 0 0 0 0 0 0 
1 0.950108 0.791155 0.468011 0.169437 0.044148 0.0109707 0.00319683 0.00128933 0.000677167 0.000287 6.48333e-05 4.33333e-06 0 0 0 0 0 0 0 
1 0.949972 0.790632 0.468243 0.1723 0.0459937 0.0105553 0.00231783 0.00044 4.31667e-05 3.33333e-07 0 0 0 0 0 0 0 0 0 
1 0.95017 0.791015 0.467607 0.16865 0.0426913 0.00914733 0.00198533 0.000644 0.000304667 0.000163333 8.05e-05 1.56667e-05 0 0 0 0 0 0 0 
1 0.950197 0.790974 0.466842 0.167002 0.0418995 0.00870383 0.00139317 0.000122833 1.66667e-06 0 0 0 0 0 0 0 0 0 0 
1 0.950631 0.792347 0.470386 0.173126 0.0464697 0.0110497 0.0024515 0.0005325 0.000101667 1.13333e-05 0 0 0 0 0 0 0 0 0 
1 0.949937 0.790945 0.467848 0.168913 0.0436863 0.0101472 0.00224317 0.000450333 8.16667e-05 6.83333e-06 0 0 0 0 0 0 0 0 0 
1 0.950452 0.79245 0.470624 0.17067 0.0434028 0.0100465 0.00264717 0.000844667 0.000291 7.81667e-05 1.46667e-05 5e-07 0 0 0 0 0 0 0 
1 0.950128 0.791019 0.467774 0.16878 0.0430432 0.0101792 0.002836 0.000908333 0.000294167 0.000104667 2.63333e-05 6.66667e-07 0 0 0 0 0 0 0 
1 0.949776 0.789446 0.465868 0.169884 0.045442 0.0108625 0.002317 0.0003155 1.55e-05 0 0 0 0 0 0 0 0 0 0 
1 0.949577 0.788862 0.464024 0.166991 0.0425908 0.0096315 0.00236117 0.000681333 0.000140833 1.36667e-05 0 0 0 0 0 0 0 0 0 
1 0.950644 0.79288 0.471241 0.171368 0.0441558 0.00988833 0.00227483 0.000634167 0.000205167 4.31667e-05 2.66667e-06 0 0 0 0 0 0 0 0 
1 0.94987 0.789834 0.466006 0.168932 0.0440002 0.0100343 0.00238867 0.000573 0.000101667 7.66667e-06 0 0 0 0 0 0 0 0 0 
1 0.94988 0.790329 0.466476 0.1689 0.0449163 0.0108763 0.00247083 0.0005645 8.68333e-05 3.83333e-06 0 0 0 0 0 0 0 0 0 
1 0.948894 0.786337 0.459343 0.163248 0.0407378 0.00810933 0.00126333 0.0001845 1.16667e-05 0 0 0 0 0 0 0 0 0 0 
1 0.950206 0.790796 0.46695 0.167934 0.0436512 0.0108988 0.003205 0.0011235 0.000389333 6.88333e-05 1.66667e-06 0 0 0 0 0 0 0 0 
1 0.950098 0.790535 0.466385 0.167942 0.0435838 0.0102387 0.00247917 0.000627333 8.55e-05 1.5e-06 0 0 0 0 0 0 0 0 0 
1 0.949347 0.788014 0.462442 0.164826 0.0415312 0.00925917 0.00178417 0.000239667 1.76667e-05 1.66667e-07 0 0 0 0 0 0 0 0 0 
1 0.94914 0.787559 0.461535 0.164078 0.0408258 0.008818 0.0018215 0.000312833 2.61667e-05 0 0 0 0 0 0 0 0 0 0 
1 0.948926 0.786809 0.459893 0.162899 0.0411208 0.00922967 0.00218333 0.000539167 8.4e-05 5.16667e-06 1.66667e-07 0 0 0 0 0 0 0 0 
1 0.949189 0.787241 0.461617 0.166127 0.0430292 0.0103653 0.00254867 0.000624667 0.000131333 2.36667e-05 3.33333e-07 0 0 0 0 0 0 0 0 
1 0.95027 0.7911 0.46623 0.166787 0.0425503 0.0102408 0.00250867 0.000561333 9.51667e-05 2.83333e-06 0 0 0 0 0 0 0 0 0 
1 0.949567 0.788945 0.464126 0.164876 0.0394988 0.007743 0.0015785 0.000442 0.000141333 2.2e-05 1e-06 0 0 0 0 0 0 0 0 
1 0.950258 0.791377 0.467573 0.166932 0.0418445 0.00897617 0.00190933 0.000501 0.000126667 2.06667e-05 1.66667e-07 0 0 0 0 0 0 0 0 
1 0.950268 0.791567 0.469624 0.172395 0.0468873 0.0120792 0.00318833 0.000894333 0.000261833 6.73333e-05 1.18333e-05 0 0 0 0 0 0 0 0 
1 0.94987 0.789996 0.465975 0.170586 0.0461592 0.0115917 0.00284 0.000731667 0.000237 8.13333e-05 1.85e-05 1.5e-06 0 0 0 0 0 0 0 
1 0.949747 0.789854 0.466607 0.168417 0.0429643 0.00889367 0.00157067 0.000272167 4.58333e-05 1.16667e-06 0 0 0 0 0 0 0 0 0 
1 0.94982 0.789494 0.464365 0.16664 0.0429345 0.009713 0.0023445 0.000723833 0.000267667 9.91667e-05 1.36667e-05 0 0 0 0 0 0 0 0 
1 0.949897 0.790166 0.465139 0.164994 0.0410632 0.00891017 0.00176233 0.000314333 6.18333e-05 4.33333e-06 0 0 0 0 0 0 0 0 0 
1 0.949918 0.790442 0.466724 0.169416 0.0448417 0.010923 0.00278533 0.000757833 0.000164333 1.98333e-05 1.66667e-07 0 0 0 0 0 0 0 0 
1 0.950503 0.792138 0.469092 0.168753 0.0418048 0.00884383 0.00173617 0.000282167 2.8e-05 0 0 0 0 0 0 0 0 0 0 
1 0.950414 0.791896 0.469595 0.170521 0.0455372 0.011466 0.00299533 0.000802333 0.0002535 9.51667e-05 2e-05 6.66667e-07 0 0 0 0 0 0 0 
1 0.950382 0.792135 0.470141 0.1718 0.0451877 0.0105663 0.002505 0.000572833 8.8e-05 6.66667e-06 0 0 0 0 0 0 0 0 0 
1 0.949885 0.790257 0.467332 0.169656 0.0444018 0.0107715 0.00255733 0.0005475 7.8e-05 6.5e-06 1.66667e-07 0 0 0 0 0 0 0 0 
1 0.950893 0.7935 0.472147 0.17027 0.0426057 0.00944117 0.002258 0.000624667 0.000157167 1.96667e-05 0 0 0 0 0 0 0 0 0 
1 0.949158 0.787373 0.46011 0.162214 0.0402423 0.0087125 0.0017625 0.0003715 9.48333e-05 1.1e-05 3.33333e-07 0 0 0 0 0 0 0 0 
1 0.950357 0.79171 0.469348 0.171109 0.0444627 0.00992433 0.00203517 0.000385167 6.28333e-05 3.66667e-06 0 0 0 0 0 0 0 0 0 
1 0.949772 0.789376 0.464184 0.165742 0.0421378 0.00935483 0.001989 0.000338 4.06667e-05 1.5e-06 1.38778e-17 0 0 0 0 0 0 0 0 
1 0.950165 0.791229 0.468001 0.168198 0.0428508 0.0092085 0.00189183 0.0003465 3.98333e-05 1.66667e-06 0 0 0 0 0 0 0 0 0 
1 0.949806 0.790152 0.466635 0.168662 0.0432887 0.00924267 0.001486 0.000178333 1.68333e-05 1.66667e-07 0 0 0 0 0 0 0 0 0 
1 0.950799 0.792636 0.469638 0.169711 0.0433998 0.00949133 0.001793 0.0002555 1.7e-05 3.33333e-07 0 0 0 0 0 0 0 0 0 
1 0.949992 0.790371 0.465893 0.16752 0.0427473 0.00983217 0.00242067 0.0006165 0.000114167 4.16667e-06 0 0 0 0 0 0 0 0 0 
1 0.950139 0.791397 0.468313 0.170588 0.0450935 0.010329 0.00225833 0.000423833 3.46667e-05 1.66667e-07 0 0 0 0 0 0 0 0 0 
1 0.950112 0.790421 0.466337 0.166182 0.0403323 0.0080455 0.00155383 0.000406667 0.000100833 9.33333e-06 1.66667e-07 0 0 0 0 0 0 0 0 
1 0.949598 0.788918 0.46334 0.164836 0.0413233 0.00866233 0.0014565 0.000155 5.5e-06 0 0 0 0 0 0 0 0 0 0 
1 0.95002 0.789971 0.465764 0.167768 0.0430065 0.009436 0.00206783 0.000469167 0.000104 1.3e-05 0 0 0 0 0 0 0 0 0 
1 0.949596 0.789524 0.464513 0.167209 0.0424527 0.00951767 0.00195867 0.000272667 1.45e-05 0 0 0 0 0 0 0 0 0 0 
1 0.949298 0.787861 0.459942 0.160867 0.039255 0.00863667 0.0016145 0.0001915 5.16667e-06 0 0 0 0 0 0 0 0 0 0 
1 0.95057 0.792284 0.468516 0.167664 0.042058 0.00940917 0.002163 0.0004535 6.53333e-05 4.16667e-06 0 0 0 0 0 0 0 0 0 
1 0.949979 0.790905 0.469298 0.173207 0.0470142 0.0114677 0.002791 0.000747833 0.000181 3.55e-05 2e-06 0 0 0 0 0 0 0 0 
1 0.950036 0.79087 0.467497 0.168024 0.0425053 0.00972583 0.002233 0.000467167 0.0001045 1.03333e-05 0 0 0 0 0 0 0 0 0 
1 0.949983 0.790512 0.467283 0.170436 0.0467342 0.0119607 0.0029355 0.000614833 8.11667e-05 8.33333e-07 0 0 0 0 0 0 0 0 0 
1 0.950013 0.790359 0.467593 0.16996 0.0445008 0.00988633 0.00186017 0.000285833 2.06667e-05 0 0 0 0 0 0 0 0 0 0 
1 0.950049 0.790302 0.464652 0.16362 0.0396125 0.007959 0.00126367 0.0001335 5e-06 0 0 0 0 0 0 0 0 0 0 
1 0.949797 0.789235 0.463623 0.165035 0.040909 0.00866717 0.00175667 0.000315167 5.28333e-05 2.33333e-06 0 0 0 0 0 0 0 0 0 
1 0.950067 0.790841 0.467127 0.169296 0.0443902 0.0105963 0.00246117 0.000484167 9.21667e-05 7.5e-06 0 0 0 0 0 0 0 0 0 
1 0.950901 0.793339 0.470684 0.169619 0.0424313 0.0086335 0.00155467 0.0002645 3.86667e-05 3.33333e-06 0 0 0 0 0 0 0 0 0 
1 0.949845 0.789976 0.46487 0.165126 0.0407737 0.00894433 0.00178617 0.000268333 1.98333e-05 1.66667e-07 0 0 0 0 0 0 0 0 0 
1 0.949707 0.789594 0.464546 0.165891 0.0427612 0.0101272 0.00251467 0.00073 0.000297667 0.000138333 3.01667e-05 6.66667e-07 0 0 0 0 0 0 0 
1 0.949513 0.788847 0.463192 0.166024 0.0428012 0.00971183 0.00219167 0.000503833 9.11667e-05 6e-06 0 0 0 0 0 0 0 0 0 
1 0.949831 0.789499 0.465062 0.167617 0.0435138 0.0105455 0.00270967 0.0005215 4.46667e-05 1.66667e-07 0 0 0 0 0 0 0 0 0 
1 0.949797 0.789391 0.46395 0.163791 0.0408043 0.00956383 0.00225467 0.000419333 7.18333e-05 5.5e-06 0 0 0 0 0 0 0 0 0 
1 0.949716 0.789441 0.46563 0.168932 0.0440823 0.00967533 0.0018355 0.000316833 4.03333e-05 8.33333e-07 4.16334e-17 0 0 0 0 0 0 0 0 
1 0.950404 0.791712 0.469427 0.17103 0.0446012 0.0102253 0.00210883 0.000428167 9.61667e-05 2.01667e-05 1.66667e-06 0 0 0 0 0 0 0 0 
1 0.949521 0.78896 0.46213 0.163652 0.0411462 0.00937333 0.001995 0.00033 5.41667e-05 1.58333e-05 1.66667e-06 0 0 0 0 0 0 0 0 
1 0.950202 0.791412 0.469228 0.172197 0.0458542 0.0111937 0.00306733 0.001084 0.000544 0.0002805 0.000110667 3.4e-05 4e-06 1.66667e-07 0 0 0 0 0 
1 0.949709 0.78933 0.463825 0.166164 0.042273 0.00957433 0.00233167 0.000656 0.000145 2.41667e-05 2.83333e-06 0 0 0 0 0 0 0 0 
1 0.949854 0.789805 0.465501 0.16693 0.0419203 0.00883133 0.0015845 0.000273833 3.55e-05 3.33333e-07 0 0 0 0 0 0 0 0 0 
1 0.949632 0.788968 0.463595 0.165718 0.0420377 0.00943617 0.00220917 0.000518667 7.58333e-05 3.5e-06 0 0 0 0 0 0 0 0 0 
1 0.950473 0.792561 0.470813 0.172508 0.0455375 0.010562 0.002031 0.0002075 4.66667e-06 0 0 0 0 0 0 0 0 0 0 
1 0.950269 0.791628 0.467799 0.167511 0.0421662 0.00904867 0.00171217 0.000318333 4.03333e-05 3.66667e-06 0 0 0 0 0 0 0 0 0 
1 0.949366 0.788529 0.463519 0.166683 0.0435748 0.0097835 0.00178417 0.000182 7e-06 0 0 0 0 0 0 0 0 0 0 
1 0.949364 0.788294 0.462683 0.165109 0.0415095 0.009164 0.0019955 0.000379167 3.98333e-05 1.66667e-07 0 0 0 0 0 0 0 0 0 
1 0.948826 0.786172 0.458936 0.162122 0.0402615 0.00848633 0.00164433 0.0001875 2.5e-06 1.38778e-17 0 0 0 0 0 0 0 0 0 
1 0.950145 0.791132 0.46861 0.170954 0.0444867 0.0101405 0.00205033 0.000322667 2.66667e-05 3.33333e-07 0 0 0 0 0 0 0 0 0 
1 0.950054 0.790621 0.466918 0.168144 0.0434697 0.009729 0.00189617 0.000325 6.1e-05 5e-06 0 0 0 0 0 0 0 0 0 
1 0.94998 0.789986 0.466077 0.168829 0.0437272 0.00956083 0.00177733 0.000251167 1.26667e-05 5e-07 0 0 0 0 0 0 0 0 0 
1 0.949414 0.788263 0.462693 0.165931 0.0429095 0.00945833 0.00174267 0.000207167 1.26667e-05 1.66667e-07 0 0 0 0 0 0 0 0 0 
1 0.949757 0.789602 0.464519 0.166022 0.0419668 0.00984017 0.00250533 0.000587167 6.88333e-05 2e-06 0 0 0 0 0 0 0 0 0 
1 0.95099 0.793949 0.474077 0.174217 0.0453785 0.0102273 0.00195217 0.000328667 3.26667e-05 6.66667e-07 0 0 0 0 0 0 0 0 0 
1 0.949721 0.789488 0.464034 0.164214 0.039395 0.00748467 0.0011115 0.000111333 2.16667e-06 0 0 0 0 0 0 0 0 0 0 
1 0.949821 0.790348 0.467075 0.169747 0.0455177 0.0119023 0.0032695 0.000935833 0.000205833 3.06667e-05 1.5e-06 0 0 0 0 0 0 0 0 
1 0.95025 0.79116 0.469068 0.173048 0.0469398 0.0109807 0.00238917 0.0004595 4.66667e-05 1.5e-06 0 0 0 0 0 0 0 0 0 
1 0.94977 0.789914 0.465346 0.167007 0.0427712 0.00941117 0.0021615 0.000549 9.83333e-05 9.33333e-06 0 0 0 0 0 0 0 0 0 
1 0.949896 0.790374 0.466096 0.167272 0.041848 0.00906017 0.00179417 0.0003635 5.6e-05 1.33333e-06 0 0 0 0 0 0 0 0 0 
1 0.950979 0.79365 0.472266 0.174004 0.0474607 0.0118622 0.00282 0.000649833 0.000165 2.48333e-05 1.5e-06 0 0 0 0 0 0 0 0 
1 0.95024 0.791423 0.467353 0.167736 0.0421027 0.008962 0.00161383 0.000207333 2.15e-05 1.66667e-07 0 0 0 0 0 0 0 0 0 
1 0.949579 0.789161 0.465012 0.167129 0.0432815 0.00995117 0.002077 0.000386667 5.46667e-05 7.16667e-06 0 0 0 0 0 0 0 0 0 
1 0.950638 0.792645 0.469915 0.170044 0.0434628 0.00986267 0.00213267 0.000397167 4.91667e-05 3e-06 0 0 0 0 0 0 0 0 0 
1 0.949469 0.788634 0.461378 0.160875 0.0375582 0.00698567 0.00114433 0.00015 8.83333e-06 1.66667e-07 0 0 0 0 0 0 0 0 0 
1 0.949951 0.790284 0.466585 0.168767 0.0445247 0.0110475 0.0027525 0.000662333 0.0001535 8.33333e-06 0 0 0 0 0 0 0 0 0 
1 0.950432 0.79263 0.470971 0.172283 0.0452695 0.01111 0.0030605 0.00101667 0.0004245 0.000200167 3.85e-05 3.33333e-07 0 0 0 0 0 0 0 
1 0.949288 0.787856 0.461551 0.163202 0.040238 0.008774 0.00195867 0.000433167 5.98333e-05 2e-06 0 0 0 0 0 0 0 0 0 
1 0.949316 0.787726 0.461177 0.163615 0.0413608 0.00953233 0.002379 0.000569 8.28333e-05 1.13333e-05 3.33333e-07 0 0 0 0 0 0 0 0 
1 0.949646 0.788236 0.460714 0.161815 0.0389508 0.00740317 0.00113333 0.000198667 3.4e-05 2.83333e-06 0 0 0 0 0 0 0 0 0 
1 0.949973 0.790343 0.464967 0.165914 0.0423613 0.00957567 0.0021775 0.000524 9.68333e-05 5.33333e-06 0 0 0 0 0 0 0 0 0 
1 0.949713 0.789287 0.463847 0.165537 0.0417037 0.0090345 0.00177367 0.0002955 3.6e-05 1.66667e-07 0 0 0 0 0 0 0 0 0 
1 0.949936 0.790437 0.466731 0.166478 0.041504 0.00901533 0.00167717 0.000221667 1.13333e-05 0 0 0 0 0 0 0 0 0 0 
1 0.950432 0.792004 0.468381 0.167711 0.0419958 0.00911383 0.00199117 0.000385 4.23333e-05 1.66667e-06 0 0 0 0 0 0 0 0 0 
1 0.94997 0.790297 0.465854 0.166851 0.0424217 0.00952933 0.00222817 0.0006495 0.000159 2.18333e-05 6.66667e-07 0 0 0 0 0 0 0 0 
1 0.950503 0.792948 0.471737 0.173503 0.0459658 0.0109668 0.0027045 0.000805833 0.0003295 0.000187167 7.75e-05 1.18333e-05 6.66667e-07 0 0 0 0 0 0 
1 0.950438 0.792437 0.469472 0.168417 0.0419182 0.00899583 0.00213567 0.0005585 0.000138167 3.55e-05 2.33333e-06 0 0 0 0 0 0 0 0 
1 0.949871 0.789835 0.4643 0.163906 0.0399192 0.008283 0.00162583 0.000363167 8.71667e-05 1.9e-05 2.5e-06 0 0 0 0 0 0 0 0 
1 0.950342 0.792175 0.469409 0.170532 0.0442828 0.0106477 0.00309417 0.000983 0.000218333 1.28333e-05 0 0 0 0 0 0 0 0 0 
1 0.949903 0.78981 0.465733 0.16786 0.043098 0.0102262 0.0028195 0.000863333 0.000334167 9.93333e-05 1.21667e-05 1.66667e-07 0 0 0 0 0 0 0 
1 0.949433 0.787999 0.461338 0.163699 0.0411378 0.00906567 0.00175383 0.000303 6.43333e-05 5.33333e-06 0 0 0 0 0 0 0 0 0 
1 0.949111 0.787246 0.460037 0.163112 0.0418983 0.0097135 0.0021725 0.000407167 6.28333e-05 8.66667e-06 0 0 0 0 0 0 0 0 0 
1 0.949879 0.789793 0.464729 0.166832 0.0421098 0.00908417 0.00187317 0.000446 9.16667e-05 3.33333e-06 1.38778e-17 0 0 0 0 0 0 0 0 
1 0.949632 0.789326 0.464813 0.166442 0.0421178 0.009479 0.00232417 0.000572 7.3e-05 1.5e-06 0 0 0 0 0 0 0 0 0 
1 0.950041 0.790838 0.466729 0.166602 0.0416687 0.00866917 0.00148367 0.000179167 3.5e-06 0 0 0 0 0 0 0 0 0 0 
1 0.949411 0.788672 0.463232 0.165979 0.0424135 0.00960483 0.00202133 0.0003865 4.05e-05 1.16667e-06 0 0 0 0 0 0 0 0 0 
1 0.949977 0.790569 0.466082 0.167076 0.0428695 0.00992967 0.00239083 0.000598167 0.000120333 1.4e-05 1.66667e-06 0 0 0 0 0 0 0 0 
1 0.94995 0.790724 0.467628 0.169765 0.0434475 0.00913883 0.001823 0.00043 6.9e-05 1.5e-06 0 0 0 0 0 0 0 0 0 
1 0.950012 0.79088 0.468089 0.170192 0.044064 0.00923017 0.00159333 0.0001905 1.08333e-05 0 0 0 0 0 0 0 0 0 0 
1 0.949821 0.790329 0.466337 0.167502 0.0430685 0.0101693 0.00256933 0.000713167 0.0001875 3.63333e-05 1.33333e-06 0 0 0 0 0 0 0 0 
1 0.950302 0.791479 0.4683 0.170035 0.0435628 0.009805 0.00221667 0.0004795 7.41667e-05 2.5e-06 0 0 0 0 0 0 0 0 0 
1 0.950401 0.792107 0.469306 0.169616 0.0426177 0.00919783 0.001649 0.000239 2.75e-05 1.33333e-06 0 0 0 0 0 0 0 0 0 
1 0.950262 0.791906 0.469627 0.171289 0.0451752 0.010344 0.00225083 0.000388 2.53333e-05 5e-07 0 0 0 0 0 0 0 0 0 
1 0.94981 0.790223 0.465197 0.166407 0.0418547 0.00914317 0.00183317 0.000325833 3.7e-05 1e-06 0 0 0 0 0 0 0 0 0 
1 0.950017 0.790717 0.466688 0.16828 0.0429617 0.009293 0.0019095 0.000342167 3.61667e-05 1.16667e-06 0 0 0 0 0 0 0 0 0 
1 0.950417 0.791813 0.469293 0.168619 0.0415893 0.00941983 0.00235317 0.0006535 0.000173833 2.3e-05 3.33333e-07 0 0 0 0 0 0 0 0 
1 0.949301 0.788359 0.46316 0.165025 0.0415422 0.00925883 0.0020645 0.000429167 5.8e-05 1.33333e-06 1.38778e-17 0 0 0 0 0 0 0 0 
1 0.950147 0.791455 0.470443 0.17177 0.0448913 0.0106622 0.00244783 0.000446167 8.88333e-05 1.71667e-05 1.33333e-06 0 0 0 0 0 0 0 0 
1 0.949578 0.788698 0.463183 0.164999 0.0420758 0.0101373 0.00223017 0.000361667 3.96667e-05 2e-06 0 0 0 0 0 0 0 0 0 
1 0.950354 0.791931 0.469424 0.171201 0.0460045 0.0112215 0.00252767 0.000645 0.0001795 2.46667e-05 1.66667e-07 0 0 0 0 0 0 0 0 
1 0.949559 0.788561 0.461847 0.162795 0.0396212 0.00795517 0.00132117 0.000107833 2.16667e-06 0 0 0 0 0 0 0 0 0 0 
1 0.950408 0.791666 0.469581 0.171493 0.044886 0.009947 0.002024 0.000400833 0.000100333 2.38333e-05 2.16667e-06 0 0 0 0 0 0 0 0 
1 0.949953 0.790362 0.466637 0.169002 0.0437315 0.0095575 0.00193533 0.0003495 4.18333e-05 3.33333e-06 0 0 0 0 0 0 0 0 0 
1 0.950216 0.791378 0.467515 0.167806 0.0436188 0.0104323 0.00259017 0.000516667 6.61667e-05 7.33333e-06 9.71445e-17 9.71445e-17 9.71445e-17 1.38778e-17 0 0 0 0 0 
1 0.949231 0.787673 0.461552 0.165708 0.0438208 0.0102405 0.00189433 0.000237167 1.93333e-05 0 0 0 0 0 0 0 0 0 0 
1 0.950228 0.790746 0.466536 0.166814 0.0424645 0.00984417 0.00214317 0.000354167 2.71667e-05 1.66667e-07 0 0 0 0 0 0 0 0 0 
1 0.950483 0.792152 0.468812 0.170398 0.0444083 0.00985017 0.00202283 0.000419333 9.6e-05 1e-05 1.38778e-17 0 0 0 0 0 0 0 0 
1 0.949672 0.78918 0.462558 0.163826 0.0414965 0.009219 0.0018735 0.0003295 4.93333e-05 5e-06 0 0 0 0 0 0 0 0 0 
1 0.949985 0.790429 0.46816 0.171509 0.0460887 0.0112513 0.0027245 0.000647333 0.0001395 2.15e-05 1.5e-06 0 0 0 0 0 0 0 0 
1 0.950387 0.791704 0.46874 0.169202 0.0435857 0.00969433 0.0018515 0.000264667 1.98333e-05 1e-06 0 0 0 0 0 0 0 0 0 
1 0.950052 0.791102 0.468017 0.168281 0.0434812 0.0100005 0.00220733 0.000416167 5.91667e-05 2.66667e-06 0 0 0 0 0 0 0 0 0 
1 0.950062 0.791103 0.468438 0.170617 0.0447637 0.00984917 0.00200717 0.000448 8.16667e-05 6.66667e-06 1.66667e-07 0 0 0 0 0 0 0 0 
1 0.950011 0.790341 0.465586 0.166433 0.0412635 0.0086085 0.00154183 0.000222 1.86667e-05 0 0 0 0 0 0 0 0 0 0 
1 0.950911 0.794248 0.473799 0.173488 0.0456175 0.0110275 0.00279683 0.000895833 0.000319 8.53333e-05 7.66667e-06 0 0 0 0 0 0 0 0 
1 0.94958 0.788602 0.462046 0.163139 0.0398352 0.00826033 0.00155283 0.000274 3.13333e-05 5e-07 0 0 0 0 0 0 0 0 0 
1 0.949741 0.789864 0.464245 0.164664 0.0401748 0.00799833 0.0015185 0.000298667 5.31667e-05 2.33333e-06 0 0 0 0 0 0 0 0 0 
1 0.950608 0.793423 0.473264 0.175192 0.0465718 0.0107853 0.00276017 0.000968833 0.000406 0.000164667 4.88333e-05 6.83333e-06 0 0 0 0 0 0 0 
1 0.95024 0.790954 0.468739 0.171543 0.0455 0.0104323 0.00192217 0.000257 2.23333e-05 1.66667e-07 0 0 0 0 0 0 0 0 0 
1 0.949966 0.78992 0.465242 0.166374 0.0419748 0.00941017 0.00206217 0.000444167 7.83333e-05 5.33333e-06 0 0 0 0 0 0 0 0 0 
1 0.949524 0.788429 0.463222 0.16656 0.0430167 0.00918017 0.001739 0.000310333 3.23333e-05 2.16667e-06 0 0 0 0 0 0 0 0 0 
1 0.950256 0.791534 0.469455 0.171332 0.0452573 0.0114428 0.003426 0.00105933 0.000302667 5.35e-05 6.66667e-07 0 0 0 0 0 0 0 0 
1 0.950065 0.790239 0.4675 0.170316 0.0445472 0.0100503 0.00206867 0.000547667 0.0002805 0.000141833 3.98333e-05 2e-06 0 0 0 0 0 0 0 
1 0.950405 0.792556 0.471257 0.171224 0.0441422 0.00969783 0.00202183 0.000558167 0.000220333 6.15e-05 6e-06 0 0 0 0 0 0 0 0 
1 0.950094 0.791034 0.468306 0.170754 0.044956 0.0100332 0.00180783 0.000232167 2.51667e-05 8.33333e-07 0 0 0 0 0 0 0 0 0 
1 0.949855 0.79053 0.466111 0.166758 0.0414288 0.008563 0.00148017 0.000152667 5.33333e-06 0 0 0 0 0 0 0 0 0 0 
1 0.950058 0.790422 0.465344 0.165855 0.0408995 0.00853683 0.0020005 0.000701833 0.0003655 0.000177 7.2e-05 1.8e-05 2.83333e-06 1.66667e-07 0 0 0 0 0 
1 0.94942 0.788384 0.462316 0.163846 0.0412425 0.00971033 0.00252067 0.000745167 0.0002985 0.000175833 9.26667e-05 3.6e-05 7.5e-06 3.33333e-07 0 0 0 0 0 
1 0.950082 0.79056 0.465293 0.165496 0.0412847 0.00885583 0.00160333 0.0001985 7.66667e-06 0 0 0 0 0 0 0 0 0 0 
1 0.949817 0.790097 0.466115 0.167679 0.0417243 0.00841983 0.00133633 0.000180667 1.18333e-05 0 0 0 0 0 0 0 0 0 0 
1 0.949043 0.786887 0.460529 0.163991 0.0421578 0.0100118 0.002267 0.000422 4.38333e-05 6.66667e-07 0 0 0 0 0 0 0 0 0 
1 0.949418 0.788307 0.462773 0.165802 0.0423558 0.00985333 0.002351 0.000604 0.000183 3.33333e-05 1.66667e-07 0 0 0 0 0 0 0 0 
1 0.949957 0.790364 0.465221 0.165209 0.0412158 0.00905383 0.001956 0.000442833 8.43333e-05 2.5e-06 0 0 0 0 0 0 0 0 0 
1 0.950762 0.793126 0.472146 0.173102 0.0456522 0.0108718 0.0024405 0.000573333 8.95e-05 3e-06 0 0 0 0 0 0 0 0 0 
1 0.950368 0.791672 0.467868 0.166896 0.0411625 0.00897367 0.00193233 0.0005155 0.000185667 5.13333e-05 2.5e-06 0 0 0 0 0 0 0 0 
1 0.950143 0.790397 0.465508 0.166514 0.0419407 0.00935383 0.00204767 0.000513167 0.000122167 1e-05 9.71445e-17 0 0 0 0 0 0 0 0 
1 0.949833 0.789544 0.465035 0.167434 0.0439337 0.0106417 0.00271017 0.000705667 0.0001635 2.25e-05 6.66667e-07 0 0 0 0 0 0 0 0 
1 0.95001 0.790302 0.466868 0.168371 0.0437332 0.0105093 0.00257517 0.0005665 6.35e-05 1.16667e-06 0 0 0 0 0 0 0 0 0 
1 0.950474 0.792043 0.471323 0.173593 0.0469085 0.0121715 0.0036555 0.00145883 0.000896667 0.000611167 0.000408 0.000208667 4.76667e-05 8.33333e-07 0 0 0 0 0 
1 0.950307 0.791702 0.469141 0.170735 0.044383 0.00958967 0.00163317 0.000237833 3.16667e-05 1.66667e-06 0 0 0 0 0 0 0 0 0 
1 0.950472 0.792582 0.470845 0.173059 0.046821 0.0117948 0.00315833 0.0010915 0.000438667 0.000102333 4.33333e-06 0 0 0 0 0 0 0 0 
1 0.950245 0.791452 0.467918 0.169353 0.0439402 0.0104027 0.00252767 0.0007465 0.000218833 3.65e-05 8.33333e-07 0 0 0 0 0 0 0 0 
1 0.949412 0.788042 0.460177 0.161159 0.0394022 0.00811583 0.00171267 0.000421 7.38333e-05 2.33333e-06 1.38778e-17 0 0 0 0 0 0 0 0 
1 0.949632 0.788976 0.462793 0.162405 0.038943 0.007288 0.001268 0.000227 2.05e-05 0 0 0 0 0 0 0 0 0 0 
1 0.950408 0.791471 0.467154 0.166958 0.0425283 0.0100083 0.00258783 0.000661833 0.000135167 8.83333e-06 3.33333e-07 0 0 0 0 0 0 0 0 
1 0.950002 0.79059 0.468239 0.16956 0.0429562 0.00881317 0.001536 0.00032 7.43333e-05 4.83333e-06 1.66667e-07 0 0 0 0 0 0 0 0 
1 0.950134 0.791374 0.469098 0.170751 0.0442483 0.00979083 0.00191917 0.000341 3.36667e-05 3.33333e-07 0 0 0 0 0 0 0 0 0 
1 0.949061 0.787156 0.460463 0.162988 0.0400388 0.0084185 0.00174 0.000343833 3.9e-05 6.66667e-07 0 0 0 0 0 0 0 0 0 
1 0.949664 0.788765 0.463373 0.16516 0.0406882 0.0082395 0.00170617 0.000416833 0.000124833 2.01667e-05 1.66667e-07 0 0 0 0 0 0 0 0 
1 0.950656 0.793044 0.471711 0.17167 0.0440273 0.00975517 0.001898 0.000351 6.13333e-05 2e-06 0 0 0 0 0 0 0 0 0 
1 0.949488 0.788543 0.462672 0.164726 0.0414568 0.00916317 0.00213867 0.0004955 7.51667e-05 1e-06 0 0 0 0 0 0 0 0 0 
1 0.949456 0.787997 0.461798 0.163308 0.0400867 0.00796783 0.001345 0.000153833 6.16667e-06 0 0 0 0 0 0 0 0 0 0 
1 0.949961 0.790146 0.465 0.165921 0.042514 0.009594 0.00208117 0.000438167 8.15e-05 7.66667e-06 0 0 0 0 0 0 0 0 0 
1 0.950304 0.791625 0.469001 0.169437 0.0424738 0.0088295 0.00161867 0.000314833 8.51667e-05 1.81667e-05 1.16667e-06 0 0 0 0 0 0 0 0 
1 0.950461 0.792488 0.471562 0.174073 0.0464598 0.0110167 0.002617 0.000794667 0.0002585 3.45e-05 1.38778e-17 0 0 0 0 0 0 0 0 
1 0.950148 0.790728 0.46716 0.168885 0.043824 0.0101133 0.00211033 0.0004165 8.48333e-05 6.33333e-06 0 0 0 0 0 0 0 0 0 
1 0.950418 0.792265 0.469324 0.170469 0.0431647 0.00879083 0.001438 0.000145333 5e-06 0 0 0 0 0 0 0 0 0 0 
1 0.950702 0.793145 0.471867 0.173871 0.0462483 0.0106553 0.0023285 0.0004905 7.46667e-05 2e-06 0 0 0 0 0 0 0 0 0 
1 0.950492 0.791769 0.469439 0.170873 0.0451233 0.0114228 0.0031925 0.000864167 0.000139667 5.16667e-06 9.71445e-17 1.38778e-17 0 0 0 0 0 0 0 
1 0.949864 0.789699 0.464739 0.165212 0.041138 0.00901567 0.00204017 0.0004795 7.16667e-05 2.83333e-06 1.66667e-07 0 0 0 0 0 0 0 0 
1 0.950169 0.791013 0.469103 0.170934 0.0443957 0.0103303 0.0025075 0.00063 0.0001045 1.4e-05 3.33333e-07 0 0 0 0 0 0 0 0 
1 0.949389 0.788338 0.46301 0.165668 0.0419407 0.00912217 0.00181567 0.0003145 3e-05 6.66667e-07 0 0 0 0 0 0 0 0 0 
1 0.950928 0.794473 0.475108 0.177106 0.0477083 0.0110278 0.002185 0.000323333 2.9e-05 1.66667e-07 0 0 0 0 0 0 0 0 0 
1 0.949348 0.788338 0.463126 0.165514 0.0411137 0.00860067 0.00152583 0.000236167 1.71667e-05 0 0 0 0 0 0 0 0 0 0 
1 0.949371 0.788296 0.462024 0.16389 0.0409052 0.008385 0.0014755 0.0002285 2.3e-05 5e-07 0 0 0 0 0 0 0 0 0 
1 0.950294 0.791766 0.467992 0.169687 0.0457322 0.011699 0.00303283 0.000704667 0.000131833 1.6e-05 5e-07 0 0 0 0 0 0 0 0 
1 0.950388 0.791654 0.469925 0.171574 0.0441577 0.00956367 0.001848 0.000307 3.15e-05 1.66667e-07 9.71445e-17 0 0 0 0 0 0 0 0 
1 0.949579 0.788852 0.464293 0.168934 0.0448165 0.0100262 0.002063 0.000383 7.28333e-05 2.35e-05 1e-06 0 0 0 0 0 0 0 0 
1 0.949439 0.788848 0.464324 0.167468 0.0440363 0.0110093 0.00276667 0.000656167 0.000141333 1.13333e-05 6.66667e-07 0 0 0 0 0 0 0 0 
1 0.950256 0.79154 0.468671 0.170864 0.045082 0.0106305 0.00244467 0.000562 9.45e-05 1.2e-05 5e-07 0 0 0 0 0 0 0 0 
1 0.950809 0.793628 0.472859 0.173573 0.0461685 0.0111195 0.0025205 0.000408 3.58333e-05 8.33333e-07 0 0 0 0 0 0 0 0 0 
1 0.949962 0.790948 0.467964 0.170783 0.0449333 0.010436 0.00251417 0.000701333 0.000201 2.58333e-05 1.83333e-06 0 0 0 0 0 0 0 0 
1 0.950775 0.793174 0.4703 0.170627 0.0438285 0.00948617 0.00195367 0.000452333 9.5e-05 9.16667e-06 0 0 0 0 0 0 0 0 0 
1 0.950597 0.792818 0.47026 0.170501 0.0440655 0.0096785 0.00201217 0.000448667 6.66667e-05 2.83333e-06 0 0 0 0 0 0 0 0 0 
1 0.950469 0.792285 0.471192 0.172133 0.0452315 0.011089 0.002966 0.000907167 0.000232167 4.18333e-05 2.16667e-06 0 0 0 0 0 0 0 0 
1 0.94965 0.789353 0.464893 0.166546 0.0420733 0.00918133 0.001977 0.000439167 8.45e-05 1.18333e-05 1.66667e-07 0 0 0 0 0 0 0 0 
1 0.949703 0.789937 0.465738 0.169015 0.044243 0.0101942 0.00219733 0.0004125 7.6e-05 6.33333e-06 0 0 0 0 0 0 0 0 0 
1 0.950114 0.790677 0.466993 0.16796 0.0433907 0.0102025 0.00225667 0.000415333 7.26667e-05 4.33333e-06 0 0 0 0 0 0 0 0 0 
1 0.94947 0.788412 0.462275 0.163488 0.0407787 0.00898583 0.00242467 0.0010215 0.000525667 0.0003155 0.000165667 4.66667e-05 3.33333e-06 0 0 0 0 0 0 
1 0.949911 0.790281 0.465584 0.166998 0.043593 0.01016 0.00185933 0.000203333 2.55e-05 8.33333e-07 0 0 0 0 0 0 0 0 0 
1 0.950168 0.791359 0.469157 0.169698 0.0435847 0.00997683 0.00209267 0.0003795 8.33333e-05 1.28333e-05 1.66667e-07 0 0 0 0 0 0 0 0 
1 0.950481 0.791866 0.467848 0.168414 0.0423368 0.0089205 0.0019485 0.000464 9.58333e-05 8.33333e-06 1.66667e-07 0 0 0 0 0 0 0 0 
1 0.949817 0.789642 0.465479 0.167132 0.0421252 0.00922767 0.00181 0.000285 3.51667e-05 1.33333e-06 0 0 0 0 0 0 0 0 0 
1 0.949431 0.788763 0.4636 0.165793 0.041981 0.008848 0.0015145 0.000208 2.08333e-05 3.33333e-07 1.38778e-17 0 0 0 0 0 0 0 0 
1 0.950074 0.790771 0.466163 0.166253 0.0430638 0.0106012 0.0027165 0.000898 0.000318 0.000102167 2.8e-05 4.66667e-06 0 0 0 0 0 0 0 
1 0.949361 0.788056 0.462625 0.164774 0.0419447 0.00958167 0.00200017 0.000474167 0.000138167 4.98333e-05 7.66667e-06 0 0 0 0 0 0 0 0 
1 0.949958 0.790422 0.466133 0.167758 0.0444427 0.0111488 0.0027345 0.000625833 0.000129667 2.73333e-05 1e-06 0 0 0 0 0 0 0 0 
1 0.950201 0.7912 0.468975 0.171148 0.045074 0.0104983 0.002188 0.000331167 2.93333e-05 0 0 0 0 0 0 0 0 0 0 
1 0.950127 0.790667 0.467314 0.168821 0.0432317 0.00950233 0.00193683 0.000510833 0.0001765 4.86667e-05 3.83333e-06 0 0 0 0 0 0 0 0 
1 0.950083 0.790967 0.467414 0.168195 0.042361 0.00851667 0.00132883 0.0001565 2.66667e-06 0 0 0 0 0 0 0 0 0 0 
1 0.949003 0.78679 0.459412 0.161032 0.039074 0.00805783 0.001316 0.000157333 6e-06 0 0 0 0 0 0 0 0 0 0 
1 0.949446 0.788657 0.463448 0.16579 0.0418237 0.009245 0.00207767 0.000488167 9.6e-05 2.11667e-05 1.33333e-06 0 0 0 0 0 0 0 0 
1 0.949537 0.78832 0.462179 0.165259 0.0419353 0.00912833 0.001856 0.000426667 6.7e-05 7.16667e-06 3.33333e-07 0 0 0 0 0 0 0 0 
1 0.95028 0.791717 0.468371 0.168997 0.0433863 0.009501 0.0018725 0.0003915 0.000104333 1.98333e-05 8.33333e-07 0 0 0 0 0 0 0 0 
1 0.950116 0.791141 0.466803 0.167302 0.0418767 0.00860767 0.00150333 0.000221167 2.83333e-05 5e-07 0 0 0 0 0 0 0 0 0 
1 0.950456 0.792432 0.470393 0.172038 0.0456175 0.010498 0.00232967 0.0005145 7.5e-05 2.83333e-06 0 0 0 0 0 0 0 0 0 
1 0.94975 0.789559 0.465392 0.166736 0.0422655 0.00915017 0.00162067 0.000228833 5.88333e-05 1.43333e-05 1e-06 0 0 0 0 0 0 0 0 
1 0.950375 0.791541 0.467935 0.16889 0.0434658 0.010194 0.002179 0.000394833 4.83333e-05 3.66667e-06 0 0 0 0 0 0 0 0 0 
1 0.94995 0.790244 0.465158 0.166495 0.0434167 0.0105237 0.00248017 0.000590167 0.000165 4.76667e-05 3.83333e-06 0 0 0 0 0 0 0 0 
1 0.949826 0.790127 0.465954 0.167849 0.0425442 0.00935683 0.00195017 0.000352 3.2e-05 5e-07 0 0 0 0 0 0 0 0 0 
1 0.950243 0.791472 0.468346 0.169857 0.04368 0.0101168 0.002664 0.000867333 0.000435833 0.000310167 0.000186333 9.81667e-05 4.75e-05 8e-06 0 0 0 0 0 
1 0.949646 0.789792 0.466476 0.170001 0.0453418 0.0110715 0.00266417 0.0007015 0.000151667 1.16667e-05 0 0 0 0 0 0 0 0 0 
1 0.949502 0.788151 0.463163 0.16527 0.041328 0.0095745 0.00240217 0.000659 0.0002945 0.000115 1.7e-05 0 0 0 0 0 0 0 0 
1 0.949289 0.78768 0.461174 0.163252 0.0399235 0.00817167 0.00154017 0.000305833 0.000103167 2.06667e-05 1.16667e-06 0 0 0 0 0 0 0 0 
1 0.94976 0.789812 0.465339 0.166694 0.042812 0.0094105 0.00180433 0.000322167 5.68333e-05 4.83333e-06 0 0 0 0 0 0 0 0 0 
1 0.950532 0.792086 0.470144 0.170194 0.0430353 0.0091365 0.00186933 0.000265667 1.21667e-05 0 0 0 0 0 0 0 0 0 0 
1 0.95009 0.79089 0.467878 0.170082 0.0436068 0.00918683 0.001386 0.000140167 6.83333e-06 1.66667e-07 0 0 0 0 0 0 0 0 0 
1 0.949861 0.790447 0.467401 0.170303 0.0453688 0.0117177 0.00342317 0.000957667 0.000237667 8.98333e-05 2.11667e-05 0 0 0 0 0 0 0 0 
1 0.950737 0.793073 0.471155 0.170702 0.0432102 0.00907883 0.00173817 0.000404 0.000133667 4.23333e-05 6.83333e-06 1.66667e-07 0 0 0 0 0 0 0 
1 0.950112 0.790289 0.467311 0.171418 0.0459913 0.0105215 0.002185 0.000505167 0.0001075 8.16667e-06 1.66667e-07 0 0 0 0 0 0 0 0 
1 0.950165 0.790668 0.465831 0.166032 0.0409487 0.00825417 0.00139683 0.000185333 1.16667e-05 0 0 0 0 0 0 0 0 0 0 
1 0.949626 0.789205 0.465045 0.168071 0.0436982 0.010144 0.0023405 0.000590333 0.000176667 3.43333e-05 1.33333e-06 0 0 0 0 0 0 0 0 
1 0.949826 0.789738 0.465734 0.168514 0.04329 0.00972767 0.00216833 0.000450833 6.01667e-05 4e-06 0 0 0 0 0 0 0 0 0 
