1 0.900889 0.658947 0.346259 0.14043 0.051157 0.0179395 0.006376 0.002337 0.0008095 0.000223 4.3e-05 6e-06 1.5e-06 0 0 0 0 0 0 
1 0.900488 0.658231 0.346109 0.141415 0.052173 0.0185485 0.0065965 0.0024645 0.000968 0.000348 0.0001345 5.35e-05 2.2e-05 7e-06 2e-06 0 0 0 0 
1 0.900258 0.65817 0.345391 0.139521 0.050451 0.017716 0.0062385 0.0023335 0.000914 0.000382 0.0001695 7.15e-05 3.45e-05 8.5e-06 0 0 0 0 0 
1 0.900158 0.657137 0.344282 0.139157 0.050733 0.018234 0.006508 0.0022515 0.0007535 0.000245 7.5e-05 1.65e-05 2.5e-06 5e-07 0 0 0 0 0 
1 0.899686 0.655559 0.341768 0.137438 0.0491215 0.0170425 0.005903 0.0020655 0.000681 0.0001925 4.95e-05 2.2e-05 3e-06 0 0 0 0 0 0 
1 0.899374 0.65565 0.342477 0.138854 0.0505635 0.0179615 0.006474 0.002528 0.001033 0.0004295 0.0001665 6.8e-05 2.6e-05 5e-06 0 0 0 0 0 
1 0.90018 0.657423 0.344683 0.138865 0.049682 0.016914 0.005652 0.001881 0.0006325 0.0001785 3.85e-05 6.5e-06 1e-06 0 0 0 0 0 0 
1 0.900492 0.658668 0.346021 0.140559 0.050442 0.0168105 0.005486 0.0017195 0.000555 0.000177 4.4e-05 5e-06 5e-07 0 0 0 0 0 0 
1 0.900114 0.656588 0.342854 0.137874 0.049582 0.0171225 0.0055985 0.0018745 0.0006155 0.000207 8.1e-05 3.85e-05 2.05e-05 3e-06 0 0 0 0 0 
1 0.899969 0.656779 0.344243 0.139742 0.050723 0.0178555 0.006329 0.0023695 0.0008505 0.0002855 0.000101 4.55e-05 1.95e-05 8.5e-06 2e-06 0 0 0 0 
1 0.900114 0.657542 0.344775 0.139433 0.050647 0.018087 0.006479 0.002284 0.000862 0.000338 0.000107 1.55e-05 0 0 0 0 0 0 0 
1 0.899585 0.655626 0.343121 0.139856 0.05105 0.018044 0.006418 0.0022825 0.0008325 0.000238 4.8e-05 6.5e-06 2.77556e-17 0 0 0 0 0 0 
1 0.899652 0.656218 0.342355 0.137915 0.0502695 0.017534 0.005957 0.002079 0.0006985 0.0002185 4.25e-05 4e-06 0 0 0 0 0 0 0 
1 0.899749 0.656045 0.343511 0.139757 0.050594 0.0173785 0.005707 0.0019025 0.0006155 0.0001845 3.9e-05 6e-06 0 0 0 0 0 0 0 
1 0.899402 0.655747 0.343314 0.138801 0.0505985 0.0175225 0.0058325 0.001804 0.0004785 0.0001035 1.45e-05 5e-06 5e-07 0 0 0 0 0 0 
1 0.900158 0.656769 0.343126 0.137959 0.04983 0.017446 0.0062515 0.0024045 0.000915 0.000344 0.000134 4.05e-05 1.35e-05 3.5e-06 0 0 0 0 0 
1 0.899745 0.655066 0.341516 0.137613 0.050007 0.0176825 0.0064865 0.0025275 0.0010845 0.000484 0.0002255 0.000114 5.7e-05 3.35e-05 1.4e-05 1.5e-06 5e-07 0 0 
1 0.899758 0.657167 0.344349 0.139732 0.050911 0.017724 0.005992 0.001949 0.0005975 0.0001465 2.55e-05 1e-06 0 0 0 0 0 0 0 
1 0.899996 0.657455 0.345337 0.140181 0.0508635 0.017579 0.006032 0.002029 0.0006945 0.0002265 7.8e-05 2.15e-05 2.5e-06 0 0 0 0 0 0 
1 0.899946 0.656427 0.343217 0.138885 0.0501885 0.017436 0.0060195 0.0020595 0.000738 0.0002505 5.6e-05 8e-06 5e-07 0 0 0 0 0 0 
1 0.899625 0.656421 0.342332 0.13719 0.0492765 0.017104 0.0058225 0.002006 0.000717 0.0002395 9.35e-05 4.4e-05 2e-05 8e-06 3.5e-06 0 0 0 0 
1 0.899443 0.655176 0.34241 0.137709 0.0496585 0.017265 0.005895 0.0020975 0.0007475 0.000231 5.9e-05 1.7e-05 3e-06 0 0 0 0 0 0 
1 0.900314 0.657468 0.345696 0.141613 0.05244 0.0192495 0.006923 0.0024295 0.0008685 0.0003225 0.000116 3.75e-05 9e-06 5e-07 0 0 0 0 0 
1 0.899696 0.656819 0.343981 0.138997 0.050591 0.017693 0.006029 0.001989 0.000575 0.000165 3.8e-05 5.5e-06 9.6434e-18 0 0 0 0 0 0 
1 0.899751 0.655012 0.340968 0.135503 0.048268 0.016673 0.005719 0.0020545 0.000725 0.000247 0.0001 3.5e-05 4e-06 1e-06 0 0 0 0 0 
1 0.900271 0.658529 0.345981 0.141066 0.0522715 0.018722 0.0066705 0.0022585 0.000767 0.0002795 0.000107 3.65e-05 8e-06 5e-07 0 0 0 0 0 
1 0.900257 0.657988 0.345279 0.140389 0.051179 0.0180905 0.0064085 0.002242 0.000796 0.000284 6.85e-05 9.5e-06 9.91096e-18 0 0 0 0 0 0 
1 0.899804 0.65724 0.345565 0.141885 0.052651 0.0189475 0.0069705 0.0026005 0.001006 0.000391 0.000141 4.85e-05 9.5e-06 3e-06 0 0 0 0 0 
1 0.90052 0.658689 0.346551 0.141488 0.05172 0.0181875 0.0064055 0.0022665 0.0007695 0.0002285 5.3e-05 7e-06 3e-06 5e-07 0 0 0 0 0 
1 0.90017 0.657332 0.346068 0.14103 0.051385 0.018105 0.006325 0.002306 0.000869 0.000335 0.0001175 2.75e-05 6.5e-06 0 0 0 0 0 0 
1 0.900318 0.657298 0.343856 0.139493 0.0510195 0.017975 0.006075 0.0020315 0.00066 0.000221 8.05e-05 3.35e-05 7.5e-06 1e-06 0 0 0 0 0 
1 0.900142 0.656971 0.343688 0.13904 0.0503245 0.0177795 0.0063435 0.002389 0.000921 0.0003495 0.0001245 2.55e-05 3.5e-06 0 0 0 0 0 0 
1 0.900292 0.657423 0.345057 0.139261 0.05022 0.017525 0.0060785 0.002045 0.0007195 0.000256 7.75e-05 2e-05 1.5e-06 0 0 0 0 0 0 
1 0.899699 0.655748 0.341077 0.136385 0.048947 0.0170235 0.005939 0.0020095 0.000651 0.000189 4.95e-05 1.1e-05 1e-06 5e-07 0 0 0 0 0 
1 0.900017 0.657271 0.344271 0.139574 0.0504935 0.0178385 0.006426 0.002264 0.0008265 0.000266 5.7e-05 9.5e-06 2e-06 0 0 0 0 0 0 
1 0.899977 0.65678 0.343405 0.138239 0.0497065 0.0176385 0.00632 0.002438 0.000945 0.000349 0.00011 2.25e-05 2e-06 0 0 0 0 0 0 
1 0.900034 0.657221 0.344257 0.139626 0.0511905 0.018287 0.0065645 0.002343 0.000804 0.000299 9.85e-05 2.85e-05 7e-06 0 0 0 0 0 0 
1 0.89991 0.656731 0.343006 0.138003 0.0496335 0.0173005 0.005987 0.002054 0.0006405 0.0001855 3.3e-05 2e-06 0 0 0 0 0 0 0 
1 0.899921 0.656161 0.344038 0.140581 0.0516605 0.018435 0.0067245 0.002449 0.0008275 0.000232 5.55e-05 9e-06 0 0 0 0 0 0 0 
1 0.900254 0.658099 0.344966 0.139598 0.050436 0.017708 0.0061315 0.0019825 0.0005875 0.000183 6.1e-05 2.2e-05 6.5e-06 0 0 0 0 0 0 
1 0.899963 0.65606 0.3433 0.138844 0.050392 0.017757 0.0062045 0.0021705 0.0008215 0.000285 7.7e-05 1.85e-05 4e-06 0 0 0 0 0 0 
1 0.900014 0.657194 0.34389 0.139331 0.050518 0.0176045 0.0060225 0.002056 0.00066 0.0002005 6.9e-05 2.65e-05 1.3e-05 6e-06 1.30992e-18 0 0 0 0 
1 0.899676 0.655232 0.341673 0.136858 0.0489815 0.016706 0.005712 0.0020325 0.000706 0.000253 9.9e-05 3.15e-05 5.5e-06 5e-07 0 0 0 0 0 
1 0.899639 0.656863 0.345307 0.140161 0.0510765 0.017853 0.0062375 0.0022315 0.0008065 0.0003 0.0001005 3.2e-05 9e-06 1e-06 0 0 0 0 0 
1 0.90027 0.658268 0.346075 0.139916 0.050239 0.017332 0.0059565 0.0019865 0.000652 0.00017 2.65e-05 1e-06 0 0 0 0 0 0 0 
1 0.900083 0.657274 0.343512 0.137758 0.0498035 0.0176625 0.006205 0.0021745 0.000732 0.000227 5.4e-05 6e-06 0 0 0 0 0 0 0 
1 0.899912 0.657701 0.345475 0.140692 0.0517675 0.018353 0.0064045 0.0021975 0.0007525 0.0002865 0.0001135 5.4e-05 3.55e-05 1.9e-05 1.05e-05 3e-06 1e-06 0 0 
1 0.900127 0.656925 0.344217 0.140205 0.0512605 0.01836 0.0065505 0.002391 0.000873 0.000303 0.0001035 2.7e-05 6e-06 3.47083e-19 0 0 0 0 0 
1 0.899639 0.656565 0.345028 0.141663 0.052101 0.018523 0.0064995 0.002363 0.000913 0.000338 0.0001195 3.4e-05 7.5e-06 3.5e-06 0 0 0 0 0 
1 0.900192 0.656513 0.3426 0.138239 0.04988 0.0174995 0.005975 0.0019905 0.0007035 0.0002375 6.85e-05 1.6e-05 2.3392e-17 0 0 0 0 0 0 
1 0.900399 0.657974 0.345034 0.140105 0.0504985 0.01717 0.0057275 0.0019255 0.000637 0.0002305 9.15e-05 2.8e-05 4e-06 1.46524e-17 0 0 0 0 0 
1 0.90034 0.658238 0.345249 0.140457 0.050721 0.017168 0.0054375 0.001597 0.000403 9.7e-05 1.75e-05 5e-07 0 0 0 0 0 0 0 
1 0.900588 0.658962 0.34585 0.140336 0.0510995 0.0181255 0.006286 0.0021365 0.000794 0.00037 0.000181 8.9e-05 3.25e-05 1.2e-05 2.5e-06 0 0 0 0 
1 0.89915 0.654407 0.339858 0.135683 0.047958 0.016271 0.0054715 0.0018005 0.0005615 0.0001775 7.45e-05 2.4e-05 2e-06 5e-07 0 0 0 0 0 
1 0.900816 0.65919 0.347625 0.141769 0.0517985 0.0182235 0.0060795 0.0019035 0.0005955 0.0001685 2.7e-05 3.5e-06 0 0 0 0 0 0 0 
1 0.90019 0.657726 0.345909 0.140796 0.051331 0.0181015 0.006362 0.0022945 0.000831 0.000298 0.0001215 5.85e-05 2.75e-05 1.5e-05 6e-06 2.56252e-17 0 0 0 
1 0.899724 0.657133 0.345062 0.141148 0.05253 0.0190625 0.006801 0.0024555 0.0008685 0.000274 0.000104 2.2e-05 1.57489e-17 0 0 0 0 0 0 
1 0.900113 0.657461 0.344282 0.140365 0.0519405 0.018949 0.0069425 0.002634 0.001045 0.000437 0.00017 6.4e-05 2e-05 5.5e-06 1e-06 0 0 0 0 
1 0.9005 0.657277 0.345536 0.141011 0.0514695 0.017979 0.0060435 0.00217 0.00085 0.0003455 0.000133 3.75e-05 5e-06 0 0 0 0 0 0 
1 0.89966 0.655268 0.342135 0.138778 0.050451 0.0176625 0.006076 0.0020415 0.0006575 0.0002015 4.5e-05 5.5e-06 0 0 0 0 0 0 0 
1 0.900197 0.657567 0.34548 0.141047 0.0516885 0.018097 0.0061785 0.002035 0.0005675 0.0001315 2.6e-05 3.5e-06 2.77556e-17 0 0 0 0 0 0 
1 0.899547 0.654725 0.340935 0.136317 0.0484105 0.016717 0.005837 0.0021485 0.000821 0.0003285 0.0001255 3.85e-05 1.1e-05 1e-06 0 0 0 0 0 
1 0.900334 0.657061 0.344275 0.139809 0.0509435 0.018277 0.0066145 0.002477 0.000995 0.000405 0.0001465 3.4e-05 3e-06 5e-07 0 0 0 0 0 
1 0.89923 0.654957 0.342083 0.138482 0.0507445 0.0182325 0.006412 0.002205 0.000752 0.000225 6.15e-05 1.3e-05 4.5e-06 1e-06 0 0 0 0 0 
1 0.900356 0.657773 0.345558 0.141057 0.0515125 0.018023 0.006324 0.002216 0.000748 0.0002555 6.5e-05 8e-06 0 0 0 0 0 0 0 
1 0.900097 0.6563 0.343284 0.139263 0.0506605 0.0177595 0.006093 0.002006 0.0006575 0.000196 4.75e-05 1e-06 0 0 0 0 0 0 0 
1 0.900248 0.657712 0.346091 0.141547 0.052003 0.0188705 0.007032 0.002657 0.000955 0.0002985 0.0001015 3.05e-05 3e-06 0 0 0 0 0 0 
1 0.899467 0.65599 0.342577 0.13846 0.0503035 0.0174945 0.0058105 0.0018545 0.000538 0.0001345 3.8e-05 9e-06 5e-07 0 0 0 0 0 0 
1 0.9001 0.657099 0.343948 0.139301 0.050595 0.0177415 0.0061835 0.002089 0.0006375 0.0001835 5.55e-05 2.6e-05 1.5e-05 8.5e-06 2e-06 0 0 0 0 
1 0.899436 0.654392 0.339885 0.135826 0.0485645 0.016661 0.0056795 0.0019205 0.000738 0.000288 0.0001375 6.45e-05 2.55e-05 7.5e-06 5e-07 0 0 0 0 
1 0.90025 0.658016 0.345343 0.139924 0.051457 0.0185935 0.006607 0.002322 0.0007745 0.000254 8.3e-05 1.05e-05 1.5e-06 0 0 0 0 0 0 
1 0.899557 0.65559 0.341849 0.138183 0.0507515 0.018337 0.0067425 0.002487 0.000981 0.000397 0.000163 6.1e-05 1.75e-05 6.5e-06 5.2236e-19 0 0 0 0 
1 0.900755 0.658561 0.346407 0.141471 0.052142 0.018752 0.00655 0.002197 0.0007825 0.0002865 0.0001015 3.5e-05 1.4e-05 4.5e-06 0 0 0 0 0 
1 0.899739 0.65528 0.341901 0.139117 0.050981 0.018483 0.0065375 0.0023345 0.0008195 0.0002775 9.45e-05 2.35e-05 3e-06 1.5e-06 0 0 0 0 0 
1 0.900299 0.657888 0.344922 0.139889 0.0508745 0.017869 0.006261 0.0021525 0.000712 0.0002075 4.9e-05 4.5e-06 0 0 0 0 0 0 0 
1 0.899913 0.656539 0.343239 0.138792 0.0502025 0.0174575 0.006103 0.002214 0.000875 0.0003695 0.0001875 0.000112 5.8e-05 2.05e-05 2.5e-06 0 0 0 0 
1 0.900664 0.65814 0.346639 0.142253 0.05292 0.0192585 0.006974 0.0025445 0.0009465 0.000352 0.000121 4.35e-05 7e-06 2.30052e-18 0 0 0 0 0 
1 0.900377 0.657273 0.343974 0.139532 0.050944 0.01803 0.0064415 0.0022905 0.0008385 0.000283 9.3e-05 2.55e-05 1e-05 1.5e-06 0 0 0 0 0 
1 0.899757 0.656533 0.343296 0.138375 0.050109 0.017938 0.0064295 0.0023835 0.000871 0.0002965 9.85e-05 3.15e-05 8e-06 8.98892e-18 0 0 0 0 0 
1 0.900897 0.658003 0.346359 0.140913 0.0516405 0.0184925 0.0066015 0.0022045 0.000686 0.000202 3.1e-05 3.5e-06 5e-07 0 0 0 0 0 0 
1 0.899483 0.655706 0.343519 0.138709 0.05059 0.0177885 0.0062 0.0021535 0.000713 0.0002405 9.05e-05 4.9e-05 2.95e-05 1.35e-05 5e-07 0 0 0 0 
1 0.900263 0.656698 0.342992 0.138229 0.0497555 0.017061 0.0055845 0.001755 0.000555 0.0002045 7.05e-05 2.15e-05 3e-06 0 0 0 0 0 0 
1 0.900017 0.65663 0.34478 0.140251 0.050954 0.017328 0.0056365 0.001728 0.0005115 0.000168 7.35e-05 3.75e-05 8e-06 0 0 0 0 0 0 
1 0.900025 0.656794 0.343104 0.138351 0.0500165 0.0176645 0.0060945 0.002032 0.0006715 0.000182 3.7e-05 4e-06 1.5e-06 2.77556e-17 0 0 0 0 0 
1 0.900248 0.656796 0.3437 0.139691 0.051593 0.018763 0.006727 0.0024135 0.000877 0.000323 0.000124 5.45e-05 3.1e-05 1.9e-05 7.5e-06 2e-06 0 0 0 
1 0.89997 0.657068 0.344482 0.140288 0.051541 0.018357 0.006492 0.002362 0.0008275 0.0002815 8.3e-05 2.45e-05 4e-06 0 0 0 0 0 0 
1 0.899733 0.65576 0.342576 0.139097 0.050846 0.018057 0.0063755 0.00231 0.0008385 0.000292 7.1e-05 2.7e-05 9.5e-06 2.5e-06 0 0 0 0 0 
1 0.900035 0.656672 0.344071 0.140405 0.051152 0.0179985 0.0062115 0.00218 0.0007775 0.0002875 0.000104 2.65e-05 7e-06 0 0 0 0 0 0 
1 0.899966 0.657542 0.345351 0.141158 0.051954 0.01838 0.006275 0.0020935 0.000659 0.000195 6.55e-05 3.1e-05 1.3e-05 2.5e-06 0 0 0 0 0 
1 0.900436 0.658059 0.345681 0.140082 0.051324 0.01846 0.0067525 0.0024735 0.0009555 0.0003775 0.000117 3e-05 7.5e-06 5e-07 0 0 0 0 0 
1 0.900424 0.658852 0.347239 0.142433 0.0525745 0.01879 0.00689 0.0027035 0.001062 0.000396 0.0001475 6e-05 1.7e-05 6.5e-06 9.31893e-18 0 0 0 0 
1 0.899431 0.65609 0.342827 0.137846 0.0498065 0.0178205 0.0068735 0.002788 0.001263 0.0006405 0.0003135 0.000131 3.4e-05 7e-06 1e-06 0 0 0 0 
1 0.900376 0.657965 0.345938 0.140909 0.05133 0.0179675 0.00626 0.0021095 0.0007145 0.0002275 8.5e-05 3.3e-05 1.35e-05 2e-06 0 0 0 0 0 
1 0.900427 0.658131 0.345596 0.140119 0.050564 0.0171655 0.0056645 0.001808 0.000524 0.0001615 4.1e-05 5e-06 0 0 0 0 0 0 0 
1 0.899704 0.656081 0.342288 0.137338 0.0495635 0.0171975 0.005801 0.001943 0.000679 0.0002625 0.0001265 5.4e-05 2.25e-05 9e-06 3e-06 0 0 0 0 
1 0.899939 0.656802 0.344174 0.141031 0.0524945 0.0190865 0.0072475 0.002917 0.0011745 0.000434 0.0001495 4.95e-05 8e-06 0 0 0 0 0 0 
1 0.900623 0.6581 0.345239 0.14009 0.050899 0.017798 0.0062735 0.002216 0.0008235 0.0003295 0.0001145 3.35e-05 7e-06 0 0 0 0 0 0 
1 0.90005 0.656911 0.344354 0.140602 0.0515795 0.01812 0.006183 0.0020715 0.0006815 0.000207 6.85e-05 1.5e-05 2.5e-06 0 0 0 0 0 0 
1 0.900043 0.656658 0.343764 0.139426 0.051067 0.017947 0.0061465 0.0020255 0.0006635 0.00023 7.2e-05 1.55e-05 5e-07 0 0 0 0 0 0 
1 0.900091 0.657099 0.344165 0.139777 0.0514515 0.0189255 0.0072975 0.00284 0.001036 0.0003315 7.3e-05 1.25e-05 1e-06 0 0 0 0 0 0 
1 0.900034 0.657821 0.345693 0.141343 0.0522115 0.0186615 0.006525 0.002191 0.000737 0.000242 8.2e-05 2e-05 3e-06 5e-07 0 0 0 0 0 
1 0.899466 0.655929 0.343148 0.138875 0.0506435 0.017948 0.0063815 0.00232 0.00083 0.0002905 9.9e-05 3.2e-05 6.5e-06 5e-07 0 0 0 0 0 
1 0.900275 0.657684 0.343536 0.138144 0.0494735 0.017189 0.0058775 0.0020075 0.0006895 0.0002595 9.55e-05 2.95e-05 1e-05 1e-06 0 0 0 0 0 
1 0.898884 0.65383 0.340481 0.137378 0.0499945 0.0177635 0.0062745 0.0021315 0.000623 0.0001475 2e-05 5e-07 0 0 0 0 0 0 0 
1 0.900477 0.658749 0.345898 0.140954 0.0517895 0.0187575 0.0068365 0.0025305 0.0009525 0.000379 0.0001725 7.7e-05 3.35e-05 7.5e-06 0 0 0 0 0 
1 0.900211 0.656999 0.343214 0.138637 0.0498845 0.017531 0.006052 0.0020225 0.0006345 0.000188 5.4e-05 7e-06 0 0 0 0 0 0 0 
1 0.899556 0.656018 0.342431 0.138284 0.0502705 0.0177315 0.0060765 0.0020155 0.0006115 0.0001575 4.8e-05 2.75e-05 1.6e-05 8.5e-06 3.5e-06 0 0 0 0 
1 0.899794 0.657143 0.346064 0.141411 0.052829 0.019283 0.0071645 0.0027325 0.0011315 0.000468 0.0002315 0.0001095 4.4e-05 1.85e-05 5e-06 5e-07 0 0 0 
1 0.900346 0.657442 0.345039 0.140071 0.050861 0.017811 0.00616 0.002202 0.0007705 0.000326 0.000159 6.65e-05 1.3e-05 5e-07 0 0 0 0 0 
1 0.90011 0.656438 0.342629 0.13917 0.050885 0.017704 0.00602 0.002051 0.000671 0.0001945 3.75e-05 4.5e-06 5e-07 0 0 0 0 0 0 
1 0.900183 0.657113 0.345266 0.139976 0.0504185 0.01707 0.0057065 0.00194 0.0006345 0.0002115 8.75e-05 4.1e-05 2.05e-05 7e-06 2.5e-06 0 0 0 0 
1 0.899681 0.656031 0.344086 0.139919 0.051285 0.01806 0.0061785 0.002231 0.0008415 0.0003525 0.000142 4.4e-05 7.5e-06 0 0 0 0 0 0 
1 0.900724 0.658769 0.346418 0.141314 0.051814 0.018388 0.0065185 0.002366 0.0008915 0.0003135 0.000112 5e-05 3.35e-05 1.5e-05 3.5e-06 0 0 0 0 
1 0.899288 0.654589 0.340678 0.136496 0.04867 0.0168975 0.005888 0.002079 0.00079 0.0003305 0.000137 3.7e-05 4e-06 0 0 0 0 0 0 
1 0.900672 0.659355 0.34847 0.143279 0.052461 0.018541 0.0066695 0.0025005 0.000969 0.0003845 0.000143 4.85e-05 9.5e-06 9.30103e-18 0 0 0 0 0 
1 0.899858 0.657483 0.344719 0.140153 0.0509495 0.0175325 0.0057275 0.0017835 0.0005395 0.0001525 4.4e-05 1.6e-05 4e-06 0 0 0 0 0 0 
1 0.900189 0.658151 0.345278 0.14018 0.0511985 0.0178 0.0062665 0.00222 0.0008515 0.000385 0.0001715 8.15e-05 3.8e-05 2.05e-05 5e-06 0 0 0 0 
1 0.899941 0.657431 0.345822 0.140976 0.05131 0.0177635 0.005846 0.001891 0.0006935 0.0002825 0.0001065 2.75e-05 5.5e-06 1.5e-06 0 0 0 0 0 
1 0.899815 0.656158 0.342985 0.138749 0.0505905 0.01788 0.0062325 0.002101 0.0006425 0.0001965 4.05e-05 4.5e-06 2.49854e-17 0 0 0 0 0 0 
1 0.900276 0.658628 0.347439 0.142565 0.0527745 0.0185845 0.0063305 0.002082 0.000646 0.0001705 2.75e-05 1e-06 0 0 0 0 0 0 0 
1 0.900302 0.657421 0.343917 0.139221 0.0508145 0.0181905 0.0065165 0.002333 0.0008295 0.0002575 5.95e-05 1.1e-05 1.5e-06 0 0 0 0 0 0 
1 0.900165 0.657564 0.34578 0.141778 0.0526775 0.0192845 0.0071255 0.0026255 0.0009375 0.0003105 0.0001075 4.1e-05 1.5e-05 5e-07 0 0 0 0 0 
1 0.900327 0.65675 0.34355 0.138924 0.0505995 0.0180305 0.0065375 0.0024415 0.000871 0.0002885 9.6e-05 3.45e-05 4.5e-06 5e-07 0 0 0 0 0 
1 0.899742 0.656355 0.343092 0.138837 0.050086 0.017275 0.005879 0.0020265 0.0007545 0.000323 0.0001755 0.000124 8.9e-05 5.6e-05 2.3e-05 7.5e-06 5e-07 0 0 
1 0.899298 0.655009 0.341527 0.137465 0.0495095 0.0171355 0.005782 0.001956 0.000656 0.000207 4.35e-05 6e-06 5e-07 0 0 0 0 0 0 
1 0.900995 0.659968 0.347127 0.1417 0.0517525 0.01785 0.005962 0.002005 0.0006945 0.0002265 5.25e-05 1.5e-05 1e-06 0 0 0 0 0 0 
1 0.900512 0.657913 0.345613 0.140719 0.0519245 0.018622 0.0067395 0.002449 0.000895 0.000335 0.000142 6.8e-05 2.6e-05 6e-06 5e-07 0 0 0 0 
1 0.900189 0.657682 0.344655 0.139766 0.0514935 0.018326 0.006381 0.002186 0.0007275 0.000252 8.3e-05 2.5e-05 1e-06 0 0 0 0 0 0 
1 0.900285 0.657892 0.345563 0.140604 0.0512615 0.018264 0.006436 0.00226 0.000773 0.000225 5.85e-05 8.5e-06 0 0 0 0 0 0 0 
1 0.900621 0.658046 0.346163 0.141309 0.0516735 0.018319 0.006232 0.002031 0.0006555 0.000183 6.05e-05 1.65e-05 5e-07 0 0 0 0 0 0 
1 0.90026 0.658113 0.345487 0.140962 0.051816 0.0184525 0.0065665 0.0023035 0.0007995 0.0002665 6.5e-05 1.25e-05 1e-06 0 0 0 0 0 0 
1 0.899302 0.655 0.341687 0.138371 0.050844 0.018652 0.0070445 0.0027395 0.0010665 0.0004665 0.0002465 0.0001485 7.9e-05 3.45e-05 1.05e-05 2.5e-06 5e-07 0 0 
1 0.900353 0.657365 0.344456 0.138282 0.049565 0.0169725 0.005918 0.0021225 0.000749 0.0002575 7.65e-05 1.6e-05 4.5e-06 5e-07 0 0 0 0 0 
1 0.900042 0.658226 0.345562 0.140193 0.0504335 0.0178175 0.006226 0.002346 0.000965 0.0004135 0.0001975 0.0001095 6.35e-05 3e-05 8.5e-06 3e-06 1.32612e-17 0 0 
1 0.9004 0.657616 0.344478 0.139397 0.050785 0.0183125 0.0066875 0.0025285 0.0009055 0.0003065 9.4e-05 2.6e-05 4.5e-06 2.15197e-17 0 0 0 0 0 
1 0.899831 0.655841 0.343138 0.139121 0.050689 0.0174975 0.005926 0.0019905 0.000664 0.00021 5.55e-05 8.5e-06 5e-07 0 0 0 0 0 0 
1 0.900464 0.657812 0.346033 0.142205 0.0531535 0.019495 0.0072195 0.002678 0.0010305 0.0004115 0.000195 0.0001015 6.45e-05 4.6e-05 3.3e-05 1.5e-05 4e-06 0 0 
1 0.90007 0.656084 0.342173 0.136862 0.049363 0.017197 0.006082 0.002116 0.0008015 0.0003015 0.0001175 3.55e-05 7.5e-06 0 0 0 0 0 0 
1 0.899251 0.654442 0.342242 0.138629 0.050061 0.01718 0.0058355 0.001941 0.0005805 0.0001615 3.9e-05 6.5e-06 0 0 0 0 0 0 0 
1 0.89999 0.656619 0.345179 0.141458 0.0529055 0.019434 0.0072045 0.0026785 0.0009765 0.00035 0.000109 3.15e-05 7e-06 5e-07 0 0 0 0 0 
1 0.900075 0.656955 0.345296 0.140491 0.0520965 0.0190775 0.006756 0.0023735 0.0008545 0.000327 0.0001475 8.1e-05 3.1e-05 3e-06 0 0 0 0 0 
1 0.899896 0.656009 0.343434 0.138946 0.0507125 0.018176 0.0066525 0.0024385 0.0008625 0.000301 0.0001055 3.9e-05 1.15e-05 5e-07 0 0 0 0 0 
1 0.900029 0.656488 0.34371 0.139369 0.0507065 0.01788 0.0061795 0.0020755 0.0007355 0.000253 8.3e-05 2.05e-05 2.5e-06 0 0 0 0 0 0 
1 0.899547 0.65573 0.342893 0.138348 0.0501115 0.0174895 0.006046 0.002131 0.0008075 0.0003285 0.000161 9.1e-05 5.55e-05 3.4e-05 8e-06 2e-06 0 0 0 
1 0.90017 0.658043 0.346063 0.141206 0.052075 0.0189455 0.0070065 0.0025705 0.000948 0.000351 0.0001035 2e-05 1.04802e-17 0 0 0 0 0 0 
1 0.899896 0.656813 0.344037 0.139111 0.05032 0.0176035 0.006203 0.0022045 0.0008145 0.0002445 6.65e-05 1.2e-05 2e-06 0 0 0 0 0 0 
1 0.899659 0.656438 0.344097 0.140019 0.051216 0.017981 0.006268 0.002174 0.0007415 0.000265 0.0001125 6.85e-05 5.35e-05 3.8e-05 2.9e-05 1.9e-05 1.15e-05 3e-06 0 
1 0.90029 0.657349 0.344552 0.14107 0.0522195 0.0188235 0.0067 0.0022315 0.0007015 0.0002315 8e-05 2.85e-05 4.5e-06 1.61236e-17 0 0 0 0 0 
1 0.900315 0.657445 0.345107 0.140796 0.0516865 0.0182495 0.0063555 0.002097 0.0006885 0.0002155 5e-05 9.5e-06 1.5e-06 0 0 0 0 0 0 
1 0.900167 0.656563 0.343288 0.138028 0.0487975 0.0165185 0.0053585 0.0016375 0.0004755 0.000167 6.6e-05 2.5e-05 8.5e-06 3e-06 4.68472e-18 0 0 0 0 
1 0.90055 0.657663 0.345259 0.140611 0.0515705 0.018363 0.0065365 0.0024055 0.0009225 0.000312 8.8e-05 1.15e-05 0 0 0 0 0 0 0 
1 0.899867 0.656148 0.342591 0.138438 0.050311 0.017978 0.00661 0.002392 0.000876 0.000345 0.0001075 3.45e-05 9.5e-06 1e-06 0 0 0 0 0 
1 0.900449 0.65899 0.347776 0.142031 0.0521795 0.0189375 0.006766 0.002438 0.000838 0.0002635 7e-05 1.6e-05 1e-06 0 0 0 0 0 0 
1 0.900415 0.657635 0.34495 0.139861 0.0507165 0.018071 0.00655 0.002429 0.000888 0.0003295 9.7e-05 2.15e-05 1e-06 0 0 0 0 0 0 
1 0.900249 0.657375 0.344707 0.140469 0.051804 0.018381 0.0062985 0.0021005 0.000696 0.0002195 7.2e-05 1.5e-05 1e-06 0 0 0 0 0 0 
1 0.899876 0.655441 0.343394 0.140087 0.0517715 0.01871 0.006807 0.0025555 0.0009375 0.000317 0.000122 5.5e-05 2.2e-05 2e-06 0 0 0 0 0 
1 0.900839 0.65853 0.346183 0.140959 0.0514605 0.018534 0.006858 0.0025045 0.000829 0.0002575 9.15e-05 2.3e-05 3e-06 0 0 0 0 0 0 
1 0.899624 0.656355 0.343197 0.138087 0.0495565 0.0171145 0.006042 0.002193 0.000901 0.0004045 0.000177 8.35e-05 3.65e-05 9e-06 1e-06 0 0 0 0 
1 0.900175 0.658017 0.346799 0.142104 0.052105 0.018492 0.0063755 0.0021445 0.00078 0.0003045 0.00015 5.7e-05 1.65e-05 4e-06 0 0 0 0 0 
1 0.900433 0.657168 0.34419 0.138814 0.0503735 0.017752 0.0061955 0.0021025 0.0007175 0.000209 4.8e-05 3e-06 0 0 0 0 0 0 0 
1 0.901118 0.659235 0.347424 0.142382 0.052299 0.0186375 0.0063705 0.0021035 0.000682 0.0001905 3.2e-05 4e-06 0 0 0 0 0 0 0 
1 0.899882 0.656563 0.342491 0.138218 0.0496915 0.017261 0.005869 0.001881 0.0006235 0.0002175 7.3e-05 1.75e-05 1e-06 0 0 0 0 0 0 
1 0.899732 0.655783 0.342038 0.13678 0.0487 0.0168565 0.005956 0.0021 0.0007305 0.000239 7.2e-05 8.5e-06 0 0 0 0 0 0 0 
1 0.899898 0.657053 0.345543 0.140718 0.051317 0.018373 0.006515 0.002364 0.000818 0.0002625 6.3e-05 1.3e-05 1e-06 0 0 0 0 0 0 
1 0.899866 0.656837 0.3448 0.139595 0.050371 0.0175825 0.0058485 0.0019035 0.000598 0.0001645 3.6e-05 1e-05 4e-06 5e-07 0 0 0 0 0 
1 0.900189 0.657689 0.345843 0.1417 0.05236 0.018754 0.006658 0.0023015 0.000724 0.000203 4.2e-05 7e-06 5e-07 0 0 0 0 0 0 
1 0.899491 0.655873 0.342852 0.139383 0.0505895 0.017655 0.006087 0.002094 0.0006935 0.0002285 6.95e-05 1.85e-05 1e-06 0 0 0 0 0 0 
1 0.89977 0.656338 0.343748 0.138864 0.050211 0.017467 0.006025 0.002098 0.000752 0.000285 8.85e-05 2.1e-05 2.5e-06 0 0 0 0 0 0 
1 0.899858 0.656163 0.343066 0.138017 0.049718 0.017611 0.0062355 0.0020925 0.000667 0.0001975 5.5e-05 2.05e-05 6e-06 5e-07 0 0 0 0 0 
1 0.900173 0.657208 0.343646 0.138358 0.0505065 0.0179195 0.006271 0.002251 0.0009145 0.0004375 0.0002645 0.0001525 7.55e-05 2.55e-05 2e-06 5e-07 0 0 0 
1 0.899538 0.65459 0.340769 0.13706 0.049279 0.016875 0.0056915 0.0018795 0.000602 0.0001645 4.2e-05 7.5e-06 5e-07 0 0 0 0 0 0 
1 0.90067 0.657687 0.345303 0.140383 0.0505625 0.017538 0.0058605 0.001915 0.0005665 0.0001635 3.9e-05 8e-06 5e-07 0 0 0 0 0 0 
1 0.899523 0.656237 0.344529 0.140011 0.051678 0.0184095 0.006636 0.002433 0.0009145 0.000401 0.000198 9.7e-05 4.4e-05 1.15e-05 3e-06 0 0 0 0 
1 0.899331 0.65616 0.343488 0.140726 0.0522285 0.018681 0.0064505 0.002192 0.000743 0.000225 6e-05 2.4e-05 4.5e-06 5e-07 0 0 0 0 0 
1 0.900258 0.65664 0.344416 0.13999 0.050679 0.0176675 0.006052 0.002133 0.000748 0.000283 0.0001115 6e-05 3.4e-05 1.45e-05 1.5e-06 2.77556e-17 0 0 0 
1 0.899352 0.6558 0.343287 0.139177 0.050484 0.017695 0.006022 0.002053 0.000704 0.0002355 8.95e-05 3.25e-05 1.1e-05 1.5e-06 5e-07 0 0 0 0 
1 0.899511 0.655866 0.342246 0.138372 0.0505925 0.0179605 0.0064705 0.0023175 0.0008915 0.000368 0.000171 8.05e-05 3.2e-05 9e-06 5e-07 0 0 0 0 
1 0.900052 0.65666 0.344549 0.140118 0.051122 0.018334 0.00678 0.0025715 0.0009815 0.0003585 0.0001335 4.85e-05 1.75e-05 7e-06 2e-06 0 0 0 0 
1 0.899948 0.656403 0.342784 0.138238 0.0503085 0.018043 0.0063995 0.0022425 0.000791 0.000317 0.00014 5.3e-05 2.5e-05 7e-06 0 0 0 0 0 
1 0.899951 0.656638 0.344035 0.139133 0.050897 0.017989 0.0062225 0.002187 0.0007805 0.0002545 7.3e-05 1.1e-05 5e-07 0 0 0 0 0 0 
1 0.900305 0.657417 0.344639 0.139738 0.050666 0.017506 0.0060595 0.002144 0.00084 0.0003475 0.0001485 7.3e-05 2.65e-05 9e-06 2e-06 0 0 0 0 
1 0.899541 0.655544 0.341725 0.137851 0.049372 0.0170305 0.00571 0.0018595 0.0005655 0.000143 2.15e-05 1.5e-06 0 0 0 0 0 0 0 
1 0.900144 0.657471 0.344366 0.140709 0.051876 0.0184335 0.00648 0.002319 0.000785 0.0002615 7.1e-05 9e-06 0 0 0 0 0 0 0 
1 0.900271 0.656213 0.341941 0.136449 0.048422 0.016669 0.005632 0.0018105 0.000556 0.0001355 3.55e-05 1.3e-05 1.5e-06 0 0 0 0 0 0 
1 0.899537 0.655221 0.341768 0.137825 0.0497675 0.0175915 0.0062275 0.002231 0.000843 0.000345 0.0001455 5.75e-05 1.1e-05 2.5e-06 0 0 0 0 0 
1 0.900223 0.656207 0.343519 0.139084 0.050702 0.0181645 0.00639 0.0023615 0.000924 0.0003675 0.000149 5.6e-05 3.35e-05 1.9e-05 4.5e-06 0 0 0 0 
1 0.900258 0.657693 0.34474 0.139364 0.050624 0.017829 0.0061045 0.0020905 0.000674 0.000178 2.95e-05 2e-06 0 0 0 0 0 0 0 
1 0.900325 0.657435 0.344624 0.140275 0.0513865 0.0181215 0.00622 0.0021075 0.000662 0.0002055 8e-05 3.8e-05 1.85e-05 2.5e-06 0 0 0 0 0 
1 0.899861 0.655958 0.344158 0.140154 0.051129 0.0178835 0.0061355 0.0020705 0.000687 0.000262 0.0001045 3.85e-05 7.5e-06 1e-06 0 0 0 0 0 
1 0.899435 0.654981 0.341322 0.136919 0.0491225 0.0171055 0.0059625 0.002051 0.000727 0.000246 7.8e-05 2e-05 4e-06 0 0 0 0 0 0 
1 0.900603 0.658751 0.34592 0.141327 0.0521175 0.0185435 0.006565 0.002358 0.0008445 0.0002985 0.0001065 5.15e-05 2.65e-05 6e-06 0 0 0 0 0 
1 0.899814 0.656259 0.342333 0.13759 0.049248 0.017018 0.0058215 0.0020265 0.000691 0.0002205 5.25e-05 1.25e-05 1e-06 0 0 0 0 0 0 
1 0.900273 0.658865 0.3468 0.141652 0.052283 0.018853 0.006863 0.00264 0.001063 0.0004145 0.0001565 5.4e-05 1.35e-05 1.5e-06 0 0 0 0 0 
1 0.899984 0.656498 0.343804 0.139728 0.0512185 0.018068 0.006336 0.002265 0.000806 0.0002805 6.95e-05 1.35e-05 2.73315e-17 0 0 0 0 0 0 
1 0.899986 0.657308 0.343806 0.1379 0.0497335 0.017142 0.0058715 0.002055 0.000664 0.000182 2.8e-05 2e-06 0 0 0 0 0 0 0 
1 0.900637 0.658706 0.347431 0.142064 0.0521805 0.018497 0.006506 0.002229 0.0007375 0.000237 7e-05 1.55e-05 5e-07 0 0 0 0 0 0 
1 0.899327 0.655195 0.342271 0.139121 0.050643 0.017501 0.005842 0.00192 0.0006365 0.000213 7.15e-05 1.85e-05 3.5e-06 0 0 0 0 0 0 
1 0.900384 0.657091 0.343534 0.138693 0.050416 0.0176335 0.0059965 0.0020825 0.000712 0.0001995 4.55e-05 9e-06 0 0 0 0 0 0 0 
1 0.900107 0.656915 0.344862 0.140112 0.0510535 0.0178415 0.006011 0.002031 0.000677 0.0002395 8.6e-05 2.3e-05 3e-06 0 0 0 0 0 0 
1 0.899636 0.65611 0.342666 0.138624 0.050626 0.018319 0.0068195 0.002539 0.000945 0.000348 0.0001555 4.75e-05 7e-06 0 0 0 0 0 0 
1 0.89991 0.655305 0.34131 0.137146 0.049186 0.0167195 0.0055825 0.0019865 0.0007705 0.000361 0.000164 6.85e-05 1.05e-05 1.5e-06 0 0 0 0 0 
1 0.899864 0.656201 0.343527 0.139003 0.0501155 0.017609 0.006166 0.002264 0.000922 0.0003755 0.000162 8e-05 3.9e-05 9e-06 5e-07 0 0 0 0 
1 0.9003 0.65809 0.345337 0.14038 0.0510005 0.01783 0.0061915 0.0022995 0.00092 0.0004045 0.0001755 6.2e-05 8.5e-06 5e-07 0 0 0 0 0 
1 0.899402 0.654657 0.340313 0.135609 0.0486235 0.0170995 0.005718 0.001881 0.0006655 0.0002815 0.00011 3.4e-05 9.5e-06 1e-06 0 0 0 0 0 
1 0.899923 0.656669 0.343504 0.13882 0.050607 0.017981 0.006434 0.0023565 0.0009025 0.000361 0.0001735 8.4e-05 3.3e-05 6.5e-06 0 0 0 0 0 
1 0.89972 0.656806 0.343433 0.138573 0.050011 0.0176515 0.0062245 0.002126 0.000727 0.0002535 8.9e-05 2.7e-05 5e-06 0 0 0 0 0 0 
1 0.900446 0.657669 0.345406 0.140411 0.0509265 0.017525 0.0060215 0.0019835 0.000549 0.0001335 2.95e-05 8e-06 1e-06 0 0 0 0 0 0 
1 0.899877 0.655874 0.342473 0.138954 0.0512555 0.0183575 0.006472 0.0022605 0.0008295 0.0003245 0.0001355 4.25e-05 1.15e-05 1e-06 0 0 0 0 0 
1 0.900999 0.659527 0.347526 0.142348 0.052036 0.018668 0.0067005 0.0024215 0.0009575 0.00043 0.0002175 0.000103 3.7e-05 7.5e-06 1e-06 0 0 0 0 
1 0.900277 0.657308 0.345481 0.141045 0.051432 0.0179635 0.0061895 0.0019785 0.000579 0.000172 4.4e-05 8e-06 0 0 0 0 0 0 0 
1 0.899951 0.656524 0.344808 0.140737 0.051636 0.018628 0.0066065 0.0022925 0.000735 0.00022 6.85e-05 2.15e-05 5e-06 5e-07 0 0 0 0 0 
1 0.89984 0.656453 0.343938 0.139686 0.050725 0.0178975 0.006444 0.00239 0.000856 0.0002875 0.000123 4.75e-05 1.35e-05 1e-06 0 0 0 0 0 
1 0.900183 0.657322 0.343877 0.138317 0.049506 0.0168315 0.0054755 0.001724 0.0004935 0.000137 5.6e-05 2.15e-05 5e-06 5.42344e-19 0 0 0 0 0 
1 0.900168 0.656417 0.343438 0.139162 0.0504115 0.0179025 0.006438 0.0023465 0.0009105 0.000351 0.0001215 5.2e-05 1.65e-05 2.5e-06 0 0 0 0 0 
1 0.900714 0.65892 0.346981 0.141867 0.0519485 0.0182825 0.0063295 0.0021825 0.000688 0.000223 8.35e-05 3.85e-05 1.9e-05 9e-06 2.5e-06 0 0 0 0 
1 0.900074 0.65705 0.344255 0.139883 0.0516165 0.0187225 0.0066905 0.0024055 0.000866 0.000299 7.8e-05 1.15e-05 5e-07 0 0 0 0 0 0 
1 0.900669 0.659477 0.348294 0.143646 0.0535245 0.019256 0.00701 0.0026595 0.000974 0.000284 5.4e-05 8.5e-06 1e-06 0 0 0 0 0 0 
1 0.900123 0.656513 0.343909 0.140164 0.0515945 0.0184675 0.0065105 0.0021655 0.0006785 0.000241 0.0001045 4.35e-05 1.05e-05 5e-07 0 0 0 0 0 
1 0.898996 0.653752 0.340302 0.136549 0.0486305 0.0168645 0.005704 0.002 0.00068 0.000206 6.4e-05 2.45e-05 4.5e-06 0 0 0 0 0 0 
1 0.900182 0.657164 0.344863 0.140843 0.052222 0.018641 0.0064115 0.0021495 0.000767 0.000275 0.000102 4.05e-05 4.5e-06 0 0 0 0 0 0 
1 0.899853 0.657098 0.34478 0.139935 0.0511125 0.0181955 0.0064415 0.0023275 0.0008945 0.000333 0.0001045 2.15e-05 1e-06 0 0 0 0 0 0 
1 0.900072 0.657207 0.344611 0.140219 0.0514585 0.018052 0.0064855 0.0024015 0.0009565 0.000372 0.0001255 4.45e-05 1.3e-05 1.5e-06 1.49432e-17 0 0 0 0 
1 0.900587 0.658673 0.34617 0.140442 0.0506905 0.017399 0.0057735 0.001761 0.0005145 0.0001435 4e-05 7e-06 2.06148e-17 0 0 0 0 0 0 
1 0.899596 0.65561 0.341881 0.137702 0.0496065 0.017113 0.0059 0.0020425 0.0006735 0.0002025 5.05e-05 6e-06 2.77556e-17 0 0 0 0 0 0 
1 0.899338 0.655949 0.343416 0.139073 0.050388 0.0181345 0.0065065 0.0022845 0.00073 0.0002185 4.6e-05 6e-06 5e-07 0 0 0 0 0 0 
1 0.899775 0.65613 0.343611 0.138858 0.050702 0.017889 0.006188 0.002218 0.0007995 0.00032 0.0001335 7.55e-05 4.35e-05 1.75e-05 1.5e-06 0 0 0 0 
1 0.900203 0.6572 0.344269 0.139255 0.0504575 0.0173095 0.005823 0.0019805 0.000642 0.0002015 4.95e-05 1.55e-05 4e-06 5e-07 0 0 0 0 0 
1 0.899893 0.657122 0.343167 0.137346 0.049215 0.01711 0.005959 0.002018 0.000708 0.000264 8.35e-05 2.1e-05 3e-06 0 0 0 0 0 0 
1 0.899553 0.65672 0.345699 0.141346 0.0518315 0.0182065 0.0063435 0.0022665 0.000855 0.00028 6.95e-05 1.15e-05 1e-06 0 0 0 0 0 0 
1 0.899216 0.654191 0.340644 0.137633 0.050094 0.017553 0.006309 0.0022765 0.000811 0.0002605 7.7e-05 1.85e-05 1.5e-06 0 0 0 0 0 0 
1 0.900413 0.656966 0.343124 0.139062 0.05059 0.017729 0.006026 0.002024 0.0007275 0.0002535 9.45e-05 2.65e-05 8e-06 1e-06 0 0 0 0 0 
1 0.900509 0.658292 0.344496 0.138963 0.0495285 0.0170345 0.005804 0.001934 0.000578 0.0001685 4.75e-05 9e-06 5e-07 0 0 0 0 0 0 
1 0.900271 0.658373 0.345747 0.140229 0.0511725 0.017925 0.006165 0.0020005 0.0006385 0.000222 7.05e-05 2.25e-05 8.5e-06 1.5e-06 0 0 0 0 0 
1 0.900294 0.657655 0.34473 0.139024 0.0502865 0.0175745 0.0060025 0.0019215 0.0005455 0.0001365 2.9e-05 7e-06 5e-07 0 0 0 0 0 0 
1 0.900363 0.657936 0.345081 0.140109 0.0511675 0.0182715 0.006374 0.002151 0.0007305 0.000272 0.000136 7.35e-05 4.4e-05 1.8e-05 4.5e-06 0 0 0 0 
1 0.900118 0.657294 0.343414 0.137669 0.049282 0.0169165 0.0059225 0.0020575 0.00076 0.000272 8.35e-05 2.4e-05 3e-06 0 0 0 0 0 0 
1 0.899861 0.657465 0.345011 0.140563 0.0515335 0.018562 0.006511 0.0021585 0.0006975 0.000249 0.0001055 3.7e-05 1.35e-05 2e-06 0 0 0 0 0 
1 0.899121 0.654014 0.341568 0.137712 0.049474 0.0170385 0.005853 0.001933 0.0006015 0.0001885 4.95e-05 9.5e-06 1.5e-06 0 0 0 0 0 0 
1 0.900313 0.657925 0.345656 0.140166 0.050816 0.017658 0.0059895 0.00201 0.000594 0.0001395 3.45e-05 9.5e-06 5e-07 0 0 0 0 0 0 
1 0.900097 0.656468 0.343128 0.13929 0.051064 0.01819 0.0064645 0.002221 0.0007705 0.000275 0.0001165 4.5e-05 1.25e-05 1.5e-06 0 0 0 0 0 
1 0.90042 0.657474 0.34557 0.140355 0.0503685 0.017611 0.0060435 0.0020525 0.0006575 0.000191 3.85e-05 9e-06 1e-06 0 0 0 0 0 0 
1 0.898926 0.653838 0.33917 0.134766 0.047742 0.016381 0.005628 0.00202 0.0007475 0.000332 0.000168 9.5e-05 6.1e-05 4e-05 1.75e-05 3e-06 5e-07 0 0 
1 0.901112 0.660087 0.34842 0.143659 0.0535215 0.019302 0.006849 0.002267 0.0006975 0.0002275 7.35e-05 2.1e-05 2.5e-06 0 0 0 0 0 0 
1 0.899975 0.656759 0.344272 0.1392 0.050317 0.0172795 0.0056805 0.001833 0.000659 0.000209 6.7e-05 1.85e-05 4e-06 0 0 0 0 0 0 
1 0.899284 0.655307 0.341395 0.136313 0.048613 0.0167765 0.0058545 0.0020845 0.0007835 0.0002775 9.25e-05 2.75e-05 3.5e-06 0 0 0 0 0 0 
