1 0.900038 0.628666 0.250935 0.0522618 0.00751 0.00099275 0.0001245 4.5e-06 0 0 0 0 0 0 0 0 0 0 0 
1 0.899601 0.627258 0.248924 0.051927 0.007631 0.001097 0.0001955 4.55e-05 4e-06 0 0 0 0 0 0 0 0 0 0 
1 0.899592 0.626541 0.246529 0.0496585 0.0069215 0.0008355 9.05e-05 8.75e-06 0 0 0 0 0 0 0 0 0 0 0 
1 0.90068 0.630554 0.252023 0.0523713 0.00732475 0.000887 0.000111 1.225e-05 0 0 0 0 0 0 0 0 0 0 0 
1 0.900232 0.628711 0.250172 0.0522528 0.0075725 0.0009475 0.000106 1.625e-05 5e-07 0 0 0 0 0 0 0 0 0 0 
1 0.900241 0.629074 0.251021 0.0529418 0.00820175 0.00111525 0.000129 1.6e-05 1.75e-06 0 0 0 0 0 0 0 0 0 0 
1 0.900087 0.629405 0.251126 0.052811 0.00762775 0.000897 6.225e-05 2.5e-07 0 0 0 0 0 0 0 0 0 0 0 
1 0.900011 0.628377 0.24944 0.0512773 0.0070395 0.00078725 5.45e-05 3e-06 0 0 0 0 0 0 0 0 0 0 0 
1 0.9001 0.628779 0.250129 0.0518385 0.00747625 0.000866 6.125e-05 2.5e-06 0 0 0 0 0 0 0 0 0 0 0 
1 0.89987 0.627446 0.247736 0.0501893 0.00701525 0.0009025 0.000117 1.4e-05 2.5e-07 0 0 0 0 0 0 0 0 0 0 
1 0.899077 0.626061 0.247761 0.0510218 0.007105 0.000759 6.175e-05 1.25e-06 0 0 0 0 0 0 0 0 0 0 0 
1 0.900764 0.630569 0.251578 0.0523463 0.00755075 0.000868 6.475e-05 8.5e-06 1e-06 0 0 0 0 0 0 0 0 0 0 
1 0.900135 0.629444 0.251886 0.053009 0.007719 0.00092425 8.95e-05 3e-06 0 0 0 0 0 0 0 0 0 0 0 
1 0.899593 0.627129 0.247508 0.05096 0.00722575 0.00092075 0.00012475 1.775e-05 1.25e-06 0 0 0 0 0 0 0 0 0 0 
1 0.900104 0.628601 0.249657 0.051517 0.00757725 0.00113675 0.00026825 8.925e-05 2.325e-05 2e-06 0 0 0 0 0 0 0 0 0 
1 0.900714 0.630792 0.251457 0.0521163 0.007271 0.00086925 9.8e-05 7e-06 0 0 0 0 0 0 0 0 0 0 0 
1 0.899547 0.627164 0.248715 0.0518045 0.00747 0.000869 6.875e-05 3.5e-06 0 0 0 0 0 0 0 0 0 0 0 
1 0.900928 0.631059 0.252874 0.0535005 0.00802375 0.001079 9.75e-05 6.75e-06 2.5e-07 0 0 0 0 0 0 0 0 0 0 
1 0.899775 0.626967 0.247034 0.050152 0.007012 0.000867 0.0001275 2.875e-05 9e-06 2.5e-07 0 0 0 0 0 0 0 0 0 
1 0.899797 0.62756 0.248924 0.0521505 0.00779575 0.0010405 0.0001375 1.95e-05 2.5e-06 0 0 0 0 0 0 0 0 0 0 
1 0.900102 0.628192 0.249917 0.0525018 0.007692 0.00096 9.375e-05 4e-06 2.5e-07 0 0 0 0 0 0 0 0 0 0 
1 0.900368 0.629695 0.250334 0.0523038 0.00809375 0.001272 0.0002675 3.225e-05 1.25e-06 0 0 0 0 0 0 0 0 0 0 
1 0.899839 0.627763 0.248911 0.051365 0.0070005 0.00076475 7.275e-05 2.75e-06 0 0 0 0 0 0 0 0 0 0 0 
1 0.900993 0.630993 0.252698 0.0537153 0.00824425 0.00115625 0.00012725 1.15e-05 7.5e-07 0 0 0 0 0 0 0 0 0 0 
1 0.900099 0.628966 0.25055 0.0520615 0.00741025 0.00092975 0.00012225 1.3e-05 0 0 0 0 0 0 0 0 0 0 0 
1 0.900097 0.627992 0.248185 0.0510878 0.00715 0.0009485 0.0001485 2.075e-05 1e-06 0 0 0 0 0 0 0 0 0 0 
1 0.899811 0.62807 0.250181 0.0524923 0.0077355 0.00115375 0.00020175 3.675e-05 3.25e-06 0 0 0 0 0 0 0 0 0 0 
1 0.900635 0.630581 0.251783 0.0530188 0.00766075 0.0008515 6.25e-05 7.5e-07 1.38778e-17 0 0 0 0 0 0 0 0 0 0 
1 0.900272 0.629639 0.249991 0.0510515 0.00676725 0.00072225 9.275e-05 7.5e-06 0 0 0 0 0 0 0 0 0 0 0 
1 0.90073 0.630631 0.252034 0.052231 0.00721425 0.00087075 0.00010625 1.075e-05 1e-06 0 0 0 0 0 0 0 0 0 0 
1 0.899146 0.62522 0.24656 0.050816 0.00710425 0.00080625 0.000111 1.225e-05 5e-07 0 0 0 0 0 0 0 0 0 0 
1 0.90002 0.629024 0.250691 0.052862 0.00815475 0.00117525 0.000168 3.175e-05 4.25e-06 0 0 0 0 0 0 0 0 0 0 
1 0.899519 0.626985 0.248069 0.051527 0.007495 0.00085525 0.00011375 3.15e-05 7e-06 5e-07 0 0 0 0 0 0 0 0 0 
1 0.900247 0.627926 0.248103 0.0508795 0.007336 0.000982 0.000142 2.575e-05 3.25e-06 0 0 0 0 0 0 0 0 0 0 
1 0.900222 0.628681 0.250897 0.0528418 0.007885 0.0010675 0.00013675 2.4e-05 5.25e-06 2.5e-07 0 0 0 0 0 0 0 0 0 
1 0.90056 0.630115 0.251827 0.0530738 0.00809025 0.0012145 0.00014725 1.025e-05 0 0 0 0 0 0 0 0 0 0 0 
1 0.900331 0.629653 0.252409 0.0539278 0.008197 0.00112875 0.0001855 4.975e-05 1.425e-05 2.25e-06 0 0 0 0 0 0 0 0 0 
1 0.900438 0.629278 0.250038 0.0512093 0.00730975 0.00099525 0.00011625 5e-06 2.5e-07 0 0 0 0 0 0 0 0 0 0 
1 0.899369 0.626583 0.248118 0.0520188 0.0076885 0.000903 8.225e-05 5.75e-06 0 0 0 0 0 0 0 0 0 0 0 
1 0.900646 0.630566 0.251909 0.0526385 0.00753475 0.0008635 6.95e-05 3.25e-06 0 0 0 0 0 0 0 0 0 0 0 
1 0.90001 0.628238 0.249675 0.051949 0.00760575 0.0010715 0.0001595 3.05e-05 3.75e-06 0 0 0 0 0 0 0 0 0 0 
1 0.900364 0.629224 0.249325 0.050702 0.00692575 0.0008165 0.0001035 1.275e-05 1.5e-06 0 0 0 0 0 0 0 0 0 0 
1 0.900626 0.630173 0.251142 0.0527163 0.007606 0.00081875 4.175e-05 1.38778e-17 0 0 0 0 0 0 0 0 0 0 0 
1 0.899537 0.626862 0.247219 0.0514538 0.007895 0.0012835 0.00026925 6.475e-05 5.75e-06 7.5e-07 0 0 0 0 0 0 0 0 0 
1 0.899645 0.627017 0.247211 0.0506458 0.006888 0.000751 8e-05 1.05e-05 2.5e-07 0 0 0 0 0 0 0 0 0 0 
1 0.900443 0.629659 0.251478 0.0534743 0.00812025 0.0009925 8.025e-05 4.25e-06 0 0 0 0 0 0 0 0 0 0 0 
1 0.900259 0.629092 0.250288 0.0518753 0.00734525 0.00088075 9.35e-05 7e-06 0 0 0 0 0 0 0 0 0 0 0 
1 0.89924 0.626579 0.247757 0.0508795 0.00704075 0.0007755 7.225e-05 3.5e-06 0 0 0 0 0 0 0 0 0 0 0 
1 0.900461 0.62878 0.249909 0.051611 0.00716425 0.00076525 4.55e-05 5e-07 0 0 0 0 0 0 0 0 0 0 0 
1 0.900568 0.628956 0.250354 0.0525755 0.007786 0.000988 7.325e-05 1.25e-06 0 0 0 0 0 0 0 0 0 0 0 
1 0.900205 0.628975 0.249851 0.051517 0.00739675 0.00098475 0.00014525 1.4e-05 2.5e-07 0 0 0 0 0 0 0 0 0 0 
1 0.899973 0.628467 0.250093 0.0522375 0.00759425 0.00102275 0.0001465 1.975e-05 1e-06 0 0 0 0 0 0 0 0 0 0 
1 0.899993 0.628545 0.249507 0.0512593 0.0070695 0.00083 8.4e-05 3.25e-06 0 0 0 0 0 0 0 0 0 0 0 
1 0.900279 0.628687 0.249504 0.0513905 0.00737625 0.001019 0.00012825 1.85e-05 5e-07 0 0 0 0 0 0 0 0 0 0 
1 0.900559 0.630225 0.2526 0.0543728 0.00861375 0.00127325 0.0001605 1.825e-05 1.5e-06 0 0 0 0 0 0 0 0 0 0 
1 0.89991 0.627851 0.249789 0.0524295 0.00744275 0.0008685 0.0001145 1.175e-05 2.5e-07 0 0 0 0 0 0 0 0 0 0 
1 0.900359 0.628689 0.249612 0.0517588 0.00717875 0.0008555 8.45e-05 2.5e-06 0 0 0 0 0 0 0 0 0 0 0 
1 0.900374 0.629924 0.25147 0.0524883 0.00743225 0.00090875 0.00010375 6e-06 5e-07 0 0 0 0 0 0 0 0 0 0 
1 0.89965 0.627703 0.248365 0.0507798 0.0070635 0.000823 8.25e-05 5.25e-06 0 0 0 0 0 0 0 0 0 0 0 
1 0.899611 0.627459 0.248339 0.0513515 0.0076385 0.00101275 0.000128 1.8e-05 5e-07 0 0 0 0 0 0 0 0 0 0 
1 0.899772 0.627998 0.249621 0.0512395 0.00706475 0.000828 0.00013 3.375e-05 4e-06 0 0 0 0 0 0 0 0 0 0 
1 0.900069 0.628689 0.249858 0.0516883 0.007155 0.0008065 6.825e-05 3.5e-06 0 0 0 0 0 0 0 0 0 0 0 
1 0.900002 0.628726 0.25019 0.053167 0.007766 0.00094875 0.0001115 9e-06 0 0 0 0 0 0 0 0 0 0 0 
1 0.899512 0.626572 0.247483 0.0512015 0.0075635 0.001018 0.00015225 3e-05 3.75e-06 2.5e-07 0 0 0 0 0 0 0 0 0 
1 0.900035 0.629013 0.25086 0.052433 0.00741825 0.00090975 9.425e-05 4e-06 0 0 0 0 0 0 0 0 0 0 0 
1 0.900334 0.629431 0.252075 0.054114 0.008628 0.00122675 0.0001465 8.25e-06 0 0 0 0 0 0 0 0 0 0 0 
1 0.89937 0.625338 0.247043 0.0512938 0.00745625 0.000973 0.000129 1.7e-05 2e-06 0 0 0 0 0 0 0 0 0 0 
1 0.900603 0.630479 0.252137 0.0527543 0.00767775 0.00111075 0.0002135 5.625e-05 1.225e-05 2.5e-07 0 0 0 0 0 0 0 0 0 
1 0.900284 0.628615 0.249088 0.0515478 0.00747975 0.00096 9.65e-05 4.75e-06 0 0 0 0 0 0 0 0 0 0 0 
1 0.899634 0.627567 0.249052 0.0514918 0.00773925 0.001196 0.00024475 5.775e-05 8.25e-06 7.5e-07 0 0 0 0 0 0 0 0 0 
1 0.90005 0.628835 0.250052 0.0515078 0.00702375 0.00088025 0.0001155 1.275e-05 5e-07 0 0 0 0 0 0 0 0 0 0 
1 0.899565 0.626218 0.246385 0.049355 0.00656225 0.00070925 8.425e-05 4.5e-06 2.5e-07 0 0 0 0 0 0 0 0 0 0 
1 0.900592 0.629883 0.251529 0.0520695 0.007296 0.001005 0.00014425 1.05e-05 2.5e-07 0 0 0 0 0 0 0 0 0 0 
1 0.899194 0.626477 0.247621 0.051345 0.007181 0.000786 6.45e-05 2.5e-06 2.5e-07 0 0 0 0 0 0 0 0 0 0 
1 0.900888 0.630557 0.252767 0.0534395 0.0079195 0.0010005 0.000107 8e-06 0 0 0 0 0 0 0 0 0 0 0 
1 0.900084 0.628691 0.249845 0.050941 0.0070905 0.00078075 5.7e-05 5e-07 0 0 0 0 0 0 0 0 0 0 0 
1 0.900848 0.63131 0.25278 0.0529928 0.00772375 0.000956 7.65e-05 1.5e-06 0 0 0 0 0 0 0 0 0 0 0 
1 0.900056 0.629164 0.249969 0.051835 0.00759675 0.0011795 0.0002565 7.4e-05 1.15e-05 2.5e-07 0 0 0 0 0 0 0 0 0 
1 0.89985 0.627915 0.249556 0.0519125 0.00726 0.000864 0.0001075 1.8e-05 1e-06 0 0 0 0 0 0 0 0 0 0 
1 0.899697 0.627304 0.246852 0.049793 0.00676025 0.00080975 0.00012825 1.675e-05 2.5e-07 0 0 0 0 0 0 0 0 0 0 
1 0.900038 0.629011 0.250824 0.0524868 0.00764525 0.000945 0.00011125 1.675e-05 1.25e-06 0 0 0 0 0 0 0 0 0 0 
1 0.899915 0.62921 0.250537 0.0518408 0.0072615 0.000796 7.15e-05 2.25e-06 0 0 0 0 0 0 0 0 0 0 0 
1 0.90023 0.628488 0.249494 0.0517125 0.006983 0.00075725 8.15e-05 6e-06 0 0 0 0 0 0 0 0 0 0 0 
1 0.90021 0.629345 0.251187 0.052682 0.00771975 0.00091675 6.85e-05 3e-06 0 0 0 0 0 0 0 0 0 0 0 
1 0.899804 0.627624 0.248528 0.0510135 0.00739325 0.00095225 7.725e-05 1.5e-06 0 0 0 0 0 0 0 0 0 0 0 
1 0.899217 0.626398 0.247993 0.051759 0.00783375 0.001302 0.00028275 3.825e-05 2.25e-06 0 0 0 0 0 0 0 0 0 0 
1 0.899792 0.62749 0.247818 0.0508805 0.00717125 0.00077 5.9e-05 1.25e-06 0 0 0 0 0 0 0 0 0 0 0 
1 0.899684 0.627859 0.249055 0.0518013 0.00750475 0.000885 6.925e-05 3.25e-06 0 0 0 0 0 0 0 0 0 0 0 
1 0.899587 0.62653 0.248195 0.0506118 0.00666425 0.00062775 3.575e-05 1.38778e-17 0 0 0 0 0 0 0 0 0 0 0 
1 0.900204 0.628754 0.249186 0.0516083 0.00741675 0.000899 0.00012825 1.575e-05 0 0 0 0 0 0 0 0 0 0 0 
1 0.899181 0.626151 0.248355 0.051915 0.00735 0.000921 0.00012475 7e-06 0 0 0 0 0 0 0 0 0 0 0 
1 0.900223 0.629212 0.250861 0.052918 0.00799675 0.001112 0.000127 1.1e-05 0 0 0 0 0 0 0 0 0 0 0 
1 0.899778 0.627391 0.248805 0.0514143 0.0072075 0.00092025 9.15e-05 5.25e-06 0 0 0 0 0 0 0 0 0 0 0 
1 0.900394 0.629727 0.25203 0.053399 0.00795825 0.00099025 9.45e-05 5.75e-06 0 0 0 0 0 0 0 0 0 0 0 
1 0.900066 0.6288 0.250101 0.0517418 0.00747875 0.000906 0.0001205 2.925e-05 7.5e-06 1.25e-06 0 0 0 0 0 0 0 0 0 
1 0.900027 0.628453 0.249374 0.051916 0.00747325 0.0010045 0.00014325 1.05e-05 2.5e-07 0 0 0 0 0 0 0 0 0 0 
1 0.900634 0.630429 0.251726 0.0524573 0.00764925 0.00120025 0.00022975 3.8e-05 4.5e-06 2.5e-07 0 0 0 0 0 0 0 0 0 
1 0.900491 0.630045 0.25203 0.0531538 0.0077825 0.0010895 0.00025025 7.9e-05 1.5e-05 1e-06 5e-07 0 0 0 0 0 0 0 0 
1 0.899993 0.628384 0.249709 0.0522423 0.00779325 0.0012695 0.00023975 3.025e-05 0 0 0 0 0 0 0 0 0 0 0 
1 0.900311 0.630479 0.252954 0.0536863 0.00814925 0.001115 0.00013075 1.35e-05 1e-06 0 0 0 0 0 0 0 0 0 0 
1 0.900119 0.6281 0.248493 0.0505943 0.00704475 0.00091525 0.000132 3.05e-05 7e-06 0 0 0 0 0 0 0 0 0 0 
1 0.900338 0.628958 0.249998 0.0523778 0.007667 0.00094975 9.325e-05 3.25e-06 0 0 0 0 0 0 0 0 0 0 0 
1 0.899812 0.627822 0.249559 0.0515358 0.007201 0.00086225 9.925e-05 2.75e-06 1.38778e-17 0 0 0 0 0 0 0 0 0 0 
1 0.899923 0.628031 0.248537 0.050665 0.0071405 0.00093825 0.000143 1.625e-05 1.25e-06 0 0 0 0 0 0 0 0 0 0 
1 0.899336 0.626452 0.247231 0.0506685 0.00703125 0.00087875 9.95e-05 2.25e-06 0 0 0 0 0 0 0 0 0 0 0 
1 0.90035 0.629527 0.250982 0.0518985 0.00756425 0.0011215 0.0001995 3.025e-05 3.75e-06 0 0 0 0 0 0 0 0 0 0 
1 0.899945 0.628519 0.249572 0.051862 0.0074735 0.0008445 7.35e-05 3.25e-06 0 0 0 0 0 0 0 0 0 0 0 
1 0.899275 0.626459 0.247503 0.0511293 0.0073465 0.00094425 0.00010075 4.25e-06 0 0 0 0 0 0 0 0 0 0 0 
1 0.900669 0.630433 0.252939 0.0534008 0.007907 0.00095025 0.00011125 2.525e-05 2.5e-06 0 0 0 0 0 0 0 0 0 0 
1 0.89965 0.627599 0.248795 0.0513985 0.007212 0.00084525 9.825e-05 3.5e-06 0 0 0 0 0 0 0 0 0 0 0 
1 0.900518 0.629207 0.251049 0.0524605 0.00748125 0.000975 0.00012875 1.075e-05 2.19061e-19 0 0 0 0 0 0 0 0 0 0 
1 0.900517 0.630065 0.250838 0.052114 0.00736925 0.00095925 0.00012075 6.5e-06 0 0 0 0 0 0 0 0 0 0 0 
1 0.900095 0.629259 0.251517 0.0531733 0.007798 0.00097725 0.00012225 1.55e-05 2.5e-07 0 0 0 0 0 0 0 0 0 0 
1 0.899881 0.62701 0.247875 0.0511938 0.007438 0.00094675 0.000116 1.025e-05 0 0 0 0 0 0 0 0 0 0 0 
1 0.899644 0.626798 0.247049 0.050784 0.00731625 0.00115925 0.000333 0.000158 0.0001005 6.325e-05 2.725e-05 1.5e-06 0 0 0 0 0 0 0 
1 0.900097 0.629212 0.251236 0.0531425 0.007911 0.00098425 0.00010175 1.175e-05 2.5e-07 0 0 0 0 0 0 0 0 0 0 
1 0.90001 0.628151 0.24885 0.0512483 0.00683625 0.00065525 3.4e-05 5e-07 0 0 0 0 0 0 0 0 0 0 0 
1 0.8996 0.626746 0.247558 0.0506843 0.007103 0.000927 0.00015225 2.2e-05 7.5e-07 0 0 0 0 0 0 0 0 0 0 
1 0.900077 0.628861 0.250872 0.052257 0.007478 0.00092975 9.85e-05 7.75e-06 0 0 0 0 0 0 0 0 0 0 0 
1 0.900149 0.629005 0.250547 0.052746 0.00794075 0.00107225 9.775e-05 3.25e-06 0 0 0 0 0 0 0 0 0 0 0 
1 0.900181 0.629681 0.251423 0.0530228 0.00786475 0.00101475 0.00014 2.325e-05 5e-07 0 0 0 0 0 0 0 0 0 0 
1 0.89934 0.627108 0.249396 0.0520998 0.00747 0.0008175 5.925e-05 5e-07 0 0 0 0 0 0 0 0 0 0 0 
1 0.899285 0.62568 0.247055 0.0510125 0.0071995 0.00086175 0.00010525 2.4e-05 6.5e-06 5e-07 0 0 0 0 0 0 0 0 0 
1 0.900428 0.629514 0.251162 0.0518865 0.0069425 0.00076175 9.25e-05 1.075e-05 9.67837e-18 0 0 0 0 0 0 0 0 0 0 
1 0.899524 0.626806 0.248197 0.0515375 0.007636 0.00105025 0.000132 7.25e-06 0 0 0 0 0 0 0 0 0 0 0 
1 0.900524 0.630372 0.252679 0.0535455 0.00813575 0.00128925 0.000261 4.45e-05 1.5e-06 0 0 0 0 0 0 0 0 0 0 
1 0.899999 0.628654 0.249433 0.0516155 0.007294 0.00094475 0.00011075 4.25e-06 0 0 0 0 0 0 0 0 0 0 0 
1 0.899402 0.626834 0.247211 0.050807 0.00717425 0.00091325 9.025e-05 5.5e-06 0 0 0 0 0 0 0 0 0 0 0 
1 0.899413 0.627158 0.247864 0.0503283 0.00669275 0.00081375 0.00010675 1.925e-05 1.75e-06 0 0 0 0 0 0 0 0 0 0 
1 0.899724 0.626974 0.247717 0.0510903 0.00749525 0.00100325 0.00011425 5.25e-06 0 0 0 0 0 0 0 0 0 0 0 
1 0.900331 0.629205 0.249849 0.052001 0.00761925 0.00090775 5.45e-05 1e-06 0 0 0 0 0 0 0 0 0 0 0 
1 0.899642 0.62714 0.249018 0.0522918 0.00774275 0.0009775 0.000162 2.075e-05 0 0 0 0 0 0 0 0 0 0 0 
1 0.901152 0.632199 0.254322 0.0538965 0.0078465 0.000939 0.000101 5.25e-06 0 0 0 0 0 0 0 0 0 0 0 
1 0.899841 0.627287 0.248424 0.0513568 0.007582 0.00109975 0.0002105 4.4e-05 5e-06 2.5e-07 0 0 0 0 0 0 0 0 0 
1 0.900101 0.628679 0.249116 0.0516405 0.00721625 0.00086425 8e-05 3.25e-06 0 0 0 0 0 0 0 0 0 0 0 
1 0.900594 0.629926 0.251804 0.0530663 0.007604 0.00085 7.6e-05 5.75e-06 2.5e-07 0 0 0 0 0 0 0 0 0 0 
1 0.900125 0.628992 0.250163 0.0517433 0.007451 0.00101875 0.000161 2.8e-05 1.25e-06 0 0 0 0 0 0 0 0 0 0 
1 0.899189 0.626374 0.247989 0.0516053 0.00749625 0.00091725 8.475e-05 4e-06 0 0 0 0 0 0 0 0 0 0 0 
1 0.900401 0.628961 0.249877 0.0518965 0.0073365 0.00081975 8.125e-05 7.75e-06 0 0 0 0 0 0 0 0 0 0 0 
1 0.900751 0.630657 0.252363 0.0531278 0.00784725 0.001069 0.000137 1.25e-05 0 0 0 0 0 0 0 0 0 0 0 
1 0.900393 0.629827 0.251882 0.0534873 0.00808075 0.0011205 0.00010975 5e-06 0 0 0 0 0 0 0 0 0 0 0 
1 0.900567 0.629919 0.251996 0.0536118 0.00819175 0.001244 0.00026575 0.00010075 5.2e-05 1.375e-05 2.5e-07 0 0 0 0 0 0 0 0 
1 0.899598 0.626586 0.247651 0.051091 0.007364 0.0008875 9e-05 7e-06 2.5e-07 0 0 0 0 0 0 0 0 0 0 
1 0.900083 0.628383 0.249871 0.0527568 0.007716 0.0009445 0.0001 6.5e-06 0 0 0 0 0 0 0 0 0 0 0 
1 0.900078 0.628897 0.250422 0.0527198 0.00804175 0.00128825 0.0002755 0.0001115 6.05e-05 1.575e-05 5e-07 0 0 0 0 0 0 0 0 
1 0.900607 0.630153 0.252183 0.0528713 0.0074225 0.00091675 0.00014225 4.1e-05 1.4e-05 3.5e-06 0 0 0 0 0 0 0 0 0 
1 0.900163 0.628115 0.249505 0.0519328 0.007416 0.0008725 8.575e-05 5.75e-06 0 0 0 0 0 0 0 0 0 0 0 
1 0.900867 0.631102 0.254151 0.0543828 0.0078755 0.000981 0.0001195 1.4e-05 2.5e-07 0 0 0 0 0 0 0 0 0 0 
1 0.900638 0.629868 0.251189 0.052281 0.0076535 0.0010095 0.0001055 6.75e-06 2.5e-07 0 0 0 0 0 0 0 0 0 0 
1 0.90011 0.628308 0.249039 0.0512208 0.00693125 0.000766 7.8e-05 5.75e-06 0 0 0 0 0 0 0 0 0 0 0 
1 0.899637 0.626892 0.247759 0.0509265 0.0072335 0.00089725 0.00010375 1.625e-05 5e-07 0 0 0 0 0 0 0 0 0 0 
1 0.899577 0.627741 0.248698 0.0514428 0.00737025 0.000986 0.0001435 1.35e-05 5e-07 0 0 0 0 0 0 0 0 0 0 
1 0.899402 0.6271 0.248095 0.051696 0.00750325 0.00086 8.3e-05 5e-06 0 0 0 0 0 0 0 0 0 0 0 
1 0.900405 0.628994 0.250584 0.0528165 0.00794875 0.00121 0.00025525 7.75e-05 1.225e-05 1e-06 0 0 0 0 0 0 0 0 0 
1 0.89982 0.627829 0.248657 0.0515403 0.00758475 0.00092925 6.55e-05 7.5e-07 0 0 0 0 0 0 0 0 0 0 0 
1 0.89973 0.62718 0.248382 0.0517455 0.007714 0.00091175 6.575e-05 6e-06 0 0 0 0 0 0 0 0 0 0 0 
1 0.899895 0.628179 0.250105 0.0523195 0.00742725 0.00089925 0.00012575 2e-05 1.5e-06 0 0 0 0 0 0 0 0 0 0 
1 0.900019 0.628708 0.250336 0.052581 0.00788225 0.0010045 0.00010825 8.25e-06 0 0 0 0 0 0 0 0 0 0 0 
1 0.899553 0.627587 0.249244 0.051854 0.0072075 0.00073375 5.15e-05 5e-06 0 0 0 0 0 0 0 0 0 0 0 
1 0.900204 0.628615 0.2494 0.0518883 0.007691 0.0011005 0.00014125 1.05e-05 0 0 0 0 0 0 0 0 0 0 0 
1 0.900128 0.62777 0.249265 0.0519153 0.0073955 0.000868 7.275e-05 2e-06 0 0 0 0 0 0 0 0 0 0 0 
1 0.900047 0.628516 0.250101 0.0523385 0.0073755 0.000876 0.00010575 1.325e-05 7.5e-07 0 0 0 0 0 0 0 0 0 0 
1 0.900565 0.629986 0.251926 0.0529918 0.00751825 0.000816 8.825e-05 9.5e-06 0 0 0 0 0 0 0 0 0 0 0 
1 0.900702 0.630333 0.25185 0.0519813 0.0073755 0.0008295 5.925e-05 5e-07 0 0 0 0 0 0 0 0 0 0 0 
1 0.900077 0.628744 0.250362 0.0522998 0.007547 0.0009685 0.000124 7e-06 0 0 0 0 0 0 0 0 0 0 0 
1 0.899956 0.628876 0.251014 0.0527365 0.00775725 0.001026 0.00014075 2.125e-05 5.25e-06 2.5e-07 0 0 0 0 0 0 0 0 0 
1 0.90012 0.629338 0.250863 0.0525813 0.00761925 0.00091375 9.175e-05 8e-06 1e-06 0 0 0 0 0 0 0 0 0 0 
1 0.899687 0.627819 0.249642 0.0523938 0.00816875 0.00118625 0.00019175 4.575e-05 1.625e-05 2.5e-06 0 0 0 0 0 0 0 0 0 
1 0.899821 0.627926 0.249731 0.0515395 0.007237 0.00084925 7.675e-05 3.5e-06 0 0 0 0 0 0 0 0 0 0 0 
1 0.899785 0.627819 0.24918 0.0520218 0.007805 0.001096 0.000168 2.25e-05 1e-06 0 0 0 0 0 0 0 0 0 0 
1 0.899432 0.626279 0.246908 0.049905 0.00643375 0.000643 5.425e-05 1.75e-06 0 0 0 0 0 0 0 0 0 0 0 
1 0.900479 0.629822 0.251068 0.0523128 0.007457 0.00087075 6.825e-05 3e-06 0 0 0 0 0 0 0 0 0 0 0 
1 0.900385 0.629734 0.25129 0.0524173 0.007617 0.00098875 0.0001505 1.35e-05 2.5e-07 0 0 0 0 0 0 0 0 0 0 
1 0.899283 0.626026 0.246429 0.050431 0.007106 0.0009345 0.0001285 1.7e-05 3.25e-06 0 0 0 0 0 0 0 0 0 0 
1 0.900507 0.62928 0.250645 0.0518433 0.0072735 0.00081075 6.125e-05 3e-06 0 0 0 0 0 0 0 0 0 0 0 
1 0.899577 0.626102 0.24665 0.050287 0.0071585 0.000968 0.0001375 1.15e-05 0 0 0 0 0 0 0 0 0 0 0 
1 0.900393 0.629886 0.251041 0.0519923 0.007244 0.00082825 7.15e-05 8.75e-06 5e-07 0 0 0 0 0 0 0 0 0 0 
1 0.89936 0.62655 0.247366 0.0509368 0.00720475 0.000819 5.575e-05 5e-07 0 0 0 0 0 0 0 0 0 0 0 
1 0.899513 0.626923 0.247661 0.051506 0.00752025 0.000916 8.85e-05 4.75e-06 0 0 0 0 0 0 0 0 0 0 0 
1 0.899777 0.628453 0.250483 0.0527383 0.0077205 0.000944 9.525e-05 1.075e-05 2.5e-07 0 0 0 0 0 0 0 0 0 0 
1 0.900659 0.629892 0.25068 0.051823 0.007267 0.0008025 6.4e-05 1.25e-06 0 0 0 0 0 0 0 0 0 0 0 
1 0.899704 0.627698 0.24758 0.0502578 0.00697075 0.00082025 8.4e-05 5e-06 0 0 0 0 0 0 0 0 0 0 0 
1 0.90064 0.630518 0.251852 0.0528395 0.00776025 0.00098525 0.00011225 6.5e-06 0 0 0 0 0 0 0 0 0 0 0 
1 0.899564 0.626886 0.246981 0.0503145 0.0071435 0.0009105 9.925e-05 5e-06 0 0 0 0 0 0 0 0 0 0 0 
1 0.899859 0.628306 0.250411 0.051896 0.00745375 0.000972 0.0001105 3.75e-06 0 0 0 0 0 0 0 0 0 0 0 
1 0.899897 0.628565 0.250943 0.0528155 0.00771875 0.0008925 6.55e-05 3.5e-06 0 0 0 0 0 0 0 0 0 0 0 
1 0.900645 0.630813 0.252826 0.0534045 0.007708 0.00087625 5.825e-05 7.5e-07 0 0 0 0 0 0 0 0 0 0 0 
1 0.900001 0.628735 0.250303 0.0524598 0.00773475 0.0010915 0.00015225 1.575e-05 7.5e-07 0 0 0 0 0 0 0 0 0 0 
1 0.899642 0.626976 0.248969 0.052162 0.0075645 0.00092175 7.875e-05 1.25e-06 0 0 0 0 0 0 0 0 0 0 0 
1 0.900181 0.628434 0.249754 0.052053 0.0074765 0.00085825 6.6e-05 1.75e-06 0 0 0 0 0 0 0 0 0 0 0 
1 0.899646 0.627122 0.247933 0.0502913 0.00685925 0.00077475 7.95e-05 1.55e-05 2e-06 2.5e-07 0 0 0 0 0 0 0 0 0 
1 0.899957 0.628083 0.249143 0.0517838 0.0074975 0.0009965 0.00015575 2.25e-05 7.5e-07 0 0 0 0 0 0 0 0 0 0 
1 0.898806 0.625153 0.246398 0.0501768 0.00714075 0.00096225 0.00014725 1.725e-05 0 0 0 0 0 0 0 0 0 0 0 
1 0.900166 0.628754 0.249177 0.051011 0.007302 0.001027 0.00011125 6.75e-06 0 0 0 0 0 0 0 0 0 0 0 
1 0.900993 0.63048 0.251634 0.0522343 0.00756525 0.0008725 6.975e-05 3e-06 0 0 0 0 0 0 0 0 0 0 0 
1 0.900598 0.629432 0.250738 0.0522415 0.00748825 0.00092775 5.675e-05 2.5e-07 0 0 0 0 0 0 0 0 0 0 0 
1 0.899853 0.627681 0.249173 0.0525933 0.0080335 0.001313 0.000302 7.9e-05 1.25e-05 5e-07 0 0 0 0 0 0 0 0 0 
1 0.899313 0.626058 0.246173 0.0497858 0.00678675 0.00075625 7.625e-05 9.25e-06 2.5e-07 0 0 0 0 0 0 0 0 0 0 
1 0.90064 0.631025 0.25334 0.0545 0.00833875 0.00115025 0.0001295 8.25e-06 5e-07 0 0 0 0 0 0 0 0 0 0 
1 0.900279 0.628451 0.248562 0.0508453 0.00726525 0.00095725 0.0001455 2.2e-05 1.75e-06 0 0 0 0 0 0 0 0 0 0 
1 0.899619 0.627116 0.248376 0.050631 0.00697275 0.00082925 6.35e-05 2.25e-06 0 0 0 0 0 0 0 0 0 0 0 
1 0.900035 0.627973 0.248929 0.0511973 0.00699 0.0007915 9.175e-05 7.5e-06 0 0 0 0 0 0 0 0 0 0 0 
1 0.899864 0.628369 0.250253 0.0523668 0.00776275 0.0009875 9.7e-05 4.5e-06 0 0 0 0 0 0 0 0 0 0 0 
1 0.8991 0.625545 0.24585 0.0504045 0.00719475 0.000947 0.00012825 1.325e-05 7.5e-07 0 0 0 0 0 0 0 0 0 0 
1 0.899408 0.626705 0.247073 0.0502425 0.00680075 0.0008305 9.75e-05 7.75e-06 0 0 0 0 0 0 0 0 0 0 0 
1 0.899883 0.6271 0.247884 0.0504973 0.007159 0.0011185 0.000295 0.000134 5.45e-05 1.35e-05 1.25e-06 0 0 0 0 0 0 0 0 
1 0.900925 0.631047 0.253807 0.0545053 0.00819575 0.00107325 0.00012425 6.5e-06 2.5e-07 0 0 0 0 0 0 0 0 0 0 
1 0.899683 0.627524 0.249088 0.0514963 0.0072785 0.0009225 9.65e-05 2.75e-06 0 0 0 0 0 0 0 0 0 0 0 
1 0.899674 0.627874 0.250038 0.0523368 0.00755225 0.00097575 0.0001335 1.35e-05 2.25e-06 0 0 0 0 0 0 0 0 0 0 
1 0.899878 0.627532 0.248389 0.051581 0.00750575 0.000914 0.00010825 6.75e-06 0 0 0 0 0 0 0 0 0 0 0 
1 0.899481 0.626228 0.246743 0.0499075 0.00672275 0.0007925 8.325e-05 7.5e-06 0 0 0 0 0 0 0 0 0 0 0 
1 0.899553 0.627074 0.247916 0.050021 0.0067235 0.0007545 8.275e-05 1.025e-05 2.5e-07 0 0 0 0 0 0 0 0 0 0 
1 0.900285 0.628485 0.250469 0.0523758 0.0077455 0.00099525 8.375e-05 7.5e-07 0 0 0 0 0 0 0 0 0 0 0 
1 0.900019 0.629109 0.250127 0.0519753 0.00748225 0.00103 0.00016475 3.525e-05 2.5e-06 0 0 0 0 0 0 0 0 0 0 
1 0.900024 0.627873 0.248773 0.0516683 0.00741925 0.00092175 7.325e-05 3.25e-06 0 0 0 0 0 0 0 0 0 0 0 
1 0.900659 0.630542 0.252781 0.053613 0.0082245 0.00108325 9.9e-05 3e-06 0 0 0 0 0 0 0 0 0 0 0 
1 0.899814 0.627756 0.248948 0.0515128 0.00737125 0.000995 0.00019475 5.925e-05 1.125e-05 5e-07 0 0 0 0 0 0 0 0 0 
1 0.899525 0.62713 0.247712 0.0514123 0.007659 0.00116875 0.0002005 4.275e-05 4e-06 7.5e-07 0 0 0 0 0 0 0 0 0 
1 0.899318 0.625823 0.245994 0.0497505 0.007209 0.001028 0.000108 6e-06 1.38778e-17 0 0 0 0 0 0 0 0 0 0 
1 0.899176 0.626596 0.248037 0.0513668 0.007436 0.0010225 0.000149 1.575e-05 2.5e-07 0 0 0 0 0 0 0 0 0 0 
1 0.899934 0.629456 0.250546 0.051793 0.00766575 0.0011475 0.000182 2.375e-05 1e-06 0 0 0 0 0 0 0 0 0 0 
1 0.900494 0.630225 0.251774 0.0524538 0.00747175 0.001024 0.00018125 3.55e-05 2.5e-07 0 0 0 0 0 0 0 0 0 0 
1 0.900292 0.628864 0.250397 0.0520898 0.007346 0.0007755 6.475e-05 3.25e-06 0 0 0 0 0 0 0 0 0 0 0 
1 0.899599 0.62769 0.248459 0.0512913 0.0076085 0.00112175 0.00021 5.625e-05 1.55e-05 7.5e-07 0 0 0 0 0 0 0 0 0 
1 0.900521 0.629867 0.25205 0.0532868 0.0078715 0.00096575 9.1e-05 4e-06 0 0 0 0 0 0 0 0 0 0 0 
1 0.900704 0.630806 0.253221 0.0542528 0.00822125 0.00096075 8.35e-05 6.25e-06 2.5e-07 0 0 0 0 0 0 0 0 0 0 
1 0.900092 0.629166 0.250912 0.0525368 0.00769725 0.00097775 0.00010975 1.525e-05 2.5e-06 0 0 0 0 0 0 0 0 0 0 
1 0.900299 0.628652 0.249865 0.0514073 0.00731425 0.00091475 0.000105 7.25e-06 1.38778e-17 1.38778e-17 0 0 0 0 0 0 0 0 0 
1 0.899544 0.626422 0.248039 0.0509148 0.00707925 0.0008695 0.0001375 2.275e-05 7.5e-07 0 0 0 0 0 0 0 0 0 0 
1 0.899307 0.626168 0.247111 0.0510655 0.00761725 0.00101425 0.00010775 1.025e-05 7.5e-07 0 0 0 0 0 0 0 0 0 0 
1 0.90034 0.629197 0.25029 0.0525405 0.007641 0.000962 0.00010425 5.75e-06 0 0 0 0 0 0 0 0 0 0 0 
1 0.899495 0.626718 0.247565 0.051057 0.00745075 0.000912 6.8e-05 1e-06 0 0 0 0 0 0 0 0 0 0 0 
1 0.899979 0.627834 0.249338 0.0515383 0.00691575 0.00065825 6e-05 3.75e-06 0 0 0 0 0 0 0 0 0 0 0 
1 0.90037 0.628747 0.250144 0.0515813 0.00714375 0.000864 8.35e-05 5.5e-06 0 0 0 0 0 0 0 0 0 0 0 
1 0.900024 0.627773 0.248297 0.0507265 0.00734375 0.001019 0.00014475 1.25e-05 2.5e-07 0 0 0 0 0 0 0 0 0 0 
1 0.89979 0.628071 0.24959 0.052706 0.00821575 0.001037 7.525e-05 3e-06 0 0 0 0 0 0 0 0 0 0 0 
1 0.899699 0.627826 0.24975 0.052174 0.0075835 0.0009495 8.375e-05 3.5e-06 0 0 0 0 0 0 0 0 0 0 0 
1 0.899713 0.627104 0.24782 0.0509428 0.00714125 0.00083175 0.000119 1.8e-05 5e-07 0 0 0 0 0 0 0 0 0 0 
1 0.900765 0.630132 0.251754 0.0529828 0.0078115 0.00099325 0.00012575 1.325e-05 2.5e-07 0 0 0 0 0 0 0 0 0 0 
1 0.900113 0.628492 0.249633 0.051282 0.00718175 0.000897 0.0001225 1.25e-05 2.5e-07 0 0 0 0 0 0 0 0 0 0 
1 0.900418 0.629004 0.250124 0.051281 0.006927 0.0007895 8.1e-05 5.25e-06 0 0 0 0 0 0 0 0 0 0 0 
1 0.899505 0.626661 0.248573 0.0515855 0.0075765 0.000931 8.65e-05 5e-06 0 0 0 0 0 0 0 0 0 0 0 
1 0.900044 0.628447 0.249288 0.0514213 0.0074535 0.00093725 8.625e-05 4e-06 0 0 0 0 0 0 0 0 0 0 0 
1 0.900023 0.627925 0.249395 0.0517223 0.007626 0.00097325 0.00010775 1.35e-05 2.5e-07 0 0 0 0 0 0 0 0 0 0 
1 0.900957 0.631625 0.254201 0.0545055 0.00802525 0.000909 8.8e-05 1.125e-05 1.25e-06 0 0 0 0 0 0 0 0 0 0 
