1 0.899797 0.597831 0.140613 0.00245105 1.75e-06 0 0 0 0 0 0 0 0 0 0 0 0 0 0 
1 0.899578 0.5977 0.141246 0.0027445 2e-06 0 0 0 0 0 0 0 0 0 0 0 0 0 0 
1 0.90006 0.599264 0.141672 0.0025511 1.7e-06 0 0 0 0 0 0 0 0 0 0 0 0 0 0 
1 0.899194 0.596394 0.139916 0.00258465 2.55e-06 0 0 0 0 0 0 0 0 0 0 0 0 0 0 
1 0.89966 0.59767 0.140801 0.00256155 5e-07 0 0 0 0 0 0 0 0 0 0 0 0 0 0 
1 0.900063 0.598815 0.141711 0.00265025 6e-07 0 0 0 0 0 0 0 0 0 0 0 0 0 0 
1 0.900331 0.599959 0.143108 0.00270365 1.95e-06 0 0 0 0 0 0 0 0 0 0 0 0 0 0 
1 0.899993 0.599761 0.143193 0.0027435 2.2e-06 0 0 0 0 0 0 0 0 0 0 0 0 0 0 
1 0.899959 0.599517 0.143102 0.00286615 7.25e-06 0 0 0 0 0 0 0 0 0 0 0 0 0 0 
1 0.899472 0.597296 0.140248 0.00256435 1.55e-06 0 0 0 0 0 0 0 0 0 0 0 0 0 0 
1 0.900105 0.599185 0.142045 0.00260395 8e-07 0 0 0 0 0 0 0 0 0 0 0 0 0 0 
1 0.899316 0.596615 0.140044 0.002555 2.35e-06 0 0 0 0 0 0 0 0 0 0 0 0 0 0 
1 0.899568 0.597556 0.141197 0.00267465 4e-07 0 0 0 0 0 0 0 0 0 0 0 0 0 0 
1 0.900792 0.601185 0.144108 0.00275025 1.25e-06 0 0 0 0 0 0 0 0 0 0 0 0 0 0 
1 0.899288 0.596745 0.140128 0.0025367 5e-07 0 0 0 0 0 0 0 0 0 0 0 0 0 0 
1 0.899992 0.598877 0.142066 0.0026636 3.5e-07 0 0 0 0 0 0 0 0 0 0 0 0 0 0 
1 0.899513 0.597404 0.140736 0.00256325 1.2e-06 0 0 0 0 0 0 0 0 0 0 0 0 0 0 
1 0.899026 0.596468 0.139979 0.0025662 2.9e-06 0 0 0 0 0 0 0 0 0 0 0 0 0 0 
1 0.899144 0.596167 0.139788 0.0025047 1.25e-06 0 0 0 0 0 0 0 0 0 0 0 0 0 0 
1 0.900116 0.599449 0.142663 0.00274415 1.9e-06 0 0 0 0 0 0 0 0 0 0 0 0 0 0 
1 0.899994 0.599339 0.142556 0.00275355 7e-07 0 0 0 0 0 0 0 0 0 0 0 0 0 0 
1 0.900195 0.599433 0.14265 0.00262185 1.4e-06 0 0 0 0 0 0 0 0 0 0 0 0 0 0 
1 0.900123 0.599547 0.142342 0.00248225 3e-07 0 0 0 0 0 0 0 0 0 0 0 0 0 0 
1 0.900907 0.602079 0.145468 0.00294335 9.5e-07 0 0 0 0 0 0 0 0 0 0 0 0 0 0 
1 0.900823 0.60162 0.144863 0.0029631 2.35e-06 0 0 0 0 0 0 0 0 0 0 0 0 0 0 
1 0.899254 0.596848 0.140404 0.00256025 8e-07 0 0 0 0 0 0 0 0 0 0 0 0 0 0 
1 0.900401 0.600214 0.143691 0.0028335 1.8e-06 0 0 0 0 0 0 0 0 0 0 0 0 0 0 
1 0.900696 0.601014 0.144385 0.00291985 2.05e-06 0 0 0 0 0 0 0 0 0 0 0 0 0 0 
1 0.900249 0.60022 0.143481 0.00275695 1.25e-06 0 0 0 0 0 0 0 0 0 0 0 0 0 0 
1 0.899801 0.598824 0.141673 0.0025502 1.5e-07 0 0 0 0 0 0 0 0 0 0 0 0 0 0 
1 0.900881 0.601987 0.145345 0.0028695 2.05e-06 0 0 0 0 0 0 0 0 0 0 0 0 0 0 
1 0.89997 0.599173 0.142534 0.0026529 9.5e-07 0 0 0 0 0 0 0 0 0 0 0 0 0 0 
1 0.899968 0.598763 0.141927 0.00275265 2.1e-06 0 0 0 0 0 0 0 0 0 0 0 0 0 0 
1 0.900355 0.600086 0.142689 0.0026356 9.5e-07 0 0 0 0 0 0 0 0 0 0 0 0 0 0 
1 0.900437 0.600409 0.143637 0.0028171 1.75e-06 0 0 0 0 0 0 0 0 0 0 0 0 0 0 
1 0.90027 0.599515 0.142663 0.0027063 1.95e-06 0 0 0 0 0 0 0 0 0 0 0 0 0 0 
1 0.9005 0.601244 0.144629 0.0028422 8.5e-07 0 0 0 0 0 0 0 0 0 0 0 0 0 0 
1 0.900222 0.599508 0.143122 0.00270415 1.35e-06 0 0 0 0 0 0 0 0 0 0 0 0 0 0 
1 0.900605 0.601009 0.144082 0.00282675 1.35e-06 0 0 0 0 0 0 0 0 0 0 0 0 0 0 
1 0.899817 0.598479 0.141634 0.0026365 7e-07 0 0 0 0 0 0 0 0 0 0 0 0 0 0 
1 0.900578 0.601205 0.144659 0.0028259 1.05e-06 0 0 0 0 0 0 0 0 0 0 0 0 0 0 
1 0.89959 0.597734 0.141246 0.0026376 1.35e-06 0 0 0 0 0 0 0 0 0 0 0 0 0 0 
1 0.900371 0.599904 0.142537 0.00265385 1.35e-06 0 0 0 0 0 0 0 0 0 0 0 0 0 0 
1 0.899308 0.596616 0.139473 0.00240925 5.5e-07 0 0 0 0 0 0 0 0 0 0 0 0 0 0 
1 0.899401 0.597368 0.140859 0.0025862 2.7e-06 0 0 0 0 0 0 0 0 0 0 0 0 0 0 
1 0.900338 0.600316 0.144232 0.00282105 2.25e-06 0 0 0 0 0 0 0 0 0 0 0 0 0 0 
1 0.899765 0.598182 0.141399 0.00258965 9e-07 0 0 0 0 0 0 0 0 0 0 0 0 0 0 
1 0.900337 0.600106 0.143325 0.00275845 2.7e-06 0 0 0 0 0 0 0 0 0 0 0 0 0 0 
1 0.900016 0.599219 0.14245 0.00272425 2.35e-06 0 0 0 0 0 0 0 0 0 0 0 0 0 0 
1 0.89948 0.597434 0.140873 0.00253165 5.5e-07 0 0 0 0 0 0 0 0 0 0 0 0 0 0 
1 0.900046 0.599391 0.142926 0.00286015 3e-06 0 0 0 0 0 0 0 0 0 0 0 0 0 0 
1 0.900112 0.599554 0.142856 0.00280515 2.35e-06 0 0 0 0 0 0 0 0 0 0 0 0 0 0 
1 0.899471 0.597635 0.141244 0.0026986 1.05e-06 0 0 0 0 0 0 0 0 0 0 0 0 0 0 
1 0.900128 0.599458 0.142434 0.0025806 1.6e-06 0 0 0 0 0 0 0 0 0 0 0 0 0 0 
1 0.899958 0.598894 0.142657 0.0027599 2.3e-06 0 0 0 0 0 0 0 0 0 0 0 0 0 0 
1 0.900046 0.598959 0.141962 0.00263985 1.55e-06 0 0 0 0 0 0 0 0 0 0 0 0 0 0 
1 0.899292 0.59697 0.140527 0.0026318 1.45e-06 0 0 0 0 0 0 0 0 0 0 0 0 0 0 
1 0.900175 0.599645 0.143377 0.00283635 9.4e-06 0 0 0 0 0 0 0 0 0 0 0 0 0 0 
1 0.900084 0.598872 0.142043 0.00266575 2.8e-06 0 0 0 0 0 0 0 0 0 0 0 0 0 0 
1 0.8998 0.598165 0.141761 0.0026969 5.5e-07 0 0 0 0 0 0 0 0 0 0 0 0 0 0 
1 0.900422 0.600279 0.143307 0.00260305 3e-07 0 0 0 0 0 0 0 0 0 0 0 0 0 0 
1 0.900414 0.600431 0.143823 0.00275845 1.8e-06 0 0 0 0 0 0 0 0 0 0 0 0 0 0 
1 0.899931 0.599057 0.141831 0.00265785 2.35e-06 0 0 0 0 0 0 0 0 0 0 0 0 0 0 
1 0.899696 0.59784 0.141175 0.00255265 7.5e-07 0 0 0 0 0 0 0 0 0 0 0 0 0 0 
1 0.900189 0.599743 0.142753 0.00269765 2.75e-06 0 0 0 0 0 0 0 0 0 0 0 0 0 0 
1 0.900495 0.600623 0.143745 0.0029125 1.55e-06 0 0 0 0 0 0 0 0 0 0 0 0 0 0 
1 0.90043 0.600247 0.143214 0.0026852 1.25e-06 0 0 0 0 0 0 0 0 0 0 0 0 0 0 
1 0.900545 0.600801 0.144001 0.0027364 1.7e-06 0 0 0 0 0 0 0 0 0 0 0 0 0 0 
1 0.899991 0.598872 0.141827 0.00260365 7.5e-07 0 0 0 0 0 0 0 0 0 0 0 0 0 0 
1 0.899655 0.598199 0.141144 0.00257075 1.5e-06 0 0 0 0 0 0 0 0 0 0 0 0 0 0 
1 0.899992 0.59885 0.141686 0.00259465 1.1e-06 0 0 0 0 0 0 0 0 0 0 0 0 0 0 
1 0.899933 0.598142 0.141807 0.00271205 1.75e-06 0 0 0 0 0 0 0 0 0 0 0 0 0 0 
1 0.899368 0.597161 0.140949 0.0025804 1.65e-06 0 0 0 0 0 0 0 0 0 0 0 0 0 0 
1 0.900765 0.601277 0.143928 0.00276305 1.35e-06 0 0 0 0 0 0 0 0 0 0 0 0 0 0 
1 0.900415 0.600324 0.143476 0.00281605 1.9e-06 0 0 0 0 0 0 0 0 0 0 0 0 0 0 
1 0.900711 0.600742 0.143824 0.0028171 4.2e-06 0 0 0 0 0 0 0 0 0 0 0 0 0 0 
1 0.900145 0.599644 0.142676 0.00277825 9.5e-07 0 0 0 0 0 0 0 0 0 0 0 0 0 0 
1 0.900566 0.601159 0.144052 0.0027476 1.95e-06 0 0 0 0 0 0 0 0 0 0 0 0 0 0 
1 0.898908 0.595485 0.139216 0.0025219 7.5e-07 0 0 0 0 0 0 0 0 0 0 0 0 0 0 
1 0.899516 0.597506 0.141372 0.0027116 1.1e-06 0 0 0 0 0 0 0 0 0 0 0 0 0 0 
1 0.900267 0.599875 0.14332 0.0027567 4.3e-06 0 0 0 0 0 0 0 0 0 0 0 0 0 0 
1 0.900355 0.59993 0.143257 0.0026583 1e-06 0 0 0 0 0 0 0 0 0 0 0 0 0 0 
1 0.899261 0.59689 0.140222 0.0024834 1.05e-06 0 0 0 0 0 0 0 0 0 0 0 0 0 0 
1 0.899743 0.598171 0.140998 0.00247685 2.25e-06 0 0 0 0 0 0 0 0 0 0 0 0 0 0 
1 0.899944 0.598549 0.141722 0.002612 7e-07 0 0 0 0 0 0 0 0 0 0 0 0 0 0 
1 0.899828 0.598358 0.140897 0.0025164 1.3e-06 0 0 0 0 0 0 0 0 0 0 0 0 0 0 
1 0.899978 0.598619 0.141857 0.00266395 4.1e-06 0 0 0 0 0 0 0 0 0 0 0 0 0 0 
1 0.900262 0.600074 0.143194 0.0027347 2.75e-06 0 0 0 0 0 0 0 0 0 0 0 0 0 0 
1 0.899547 0.597724 0.141125 0.0026308 1.95e-06 0 0 0 0 0 0 0 0 0 0 0 0 0 0 
1 0.899657 0.598203 0.141903 0.00261725 7e-07 0 0 0 0 0 0 0 0 0 0 0 0 0 0 
1 0.899717 0.598539 0.141941 0.0026709 1.15e-06 0 0 0 0 0 0 0 0 0 0 0 0 0 0 
1 0.8997 0.5983 0.141855 0.00275295 2.4e-06 0 0 0 0 0 0 0 0 0 0 0 0 0 0 
1 0.900218 0.599813 0.143431 0.002736 1.6e-06 0 0 0 0 0 0 0 0 0 0 0 0 0 0 
1 0.900303 0.599826 0.143036 0.00279195 2.05e-06 0 0 0 0 0 0 0 0 0 0 0 0 0 0 
1 0.899261 0.596581 0.139676 0.0025071 7e-07 0 0 0 0 0 0 0 0 0 0 0 0 0 0 
1 0.900482 0.60016 0.142892 0.0026217 4e-07 0 0 0 0 0 0 0 0 0 0 0 0 0 0 
1 0.90048 0.600842 0.143783 0.0027487 1.55e-06 0 0 0 0 0 0 0 0 0 0 0 0 0 0 
1 0.90027 0.599815 0.143485 0.0028708 1.75e-06 0 0 0 0 0 0 0 0 0 0 0 0 0 0 
1 0.900658 0.601552 0.144506 0.00273335 1.05e-06 0 0 0 0 0 0 0 0 0 0 0 0 0 0 
1 0.899766 0.598012 0.141567 0.0026282 1.3e-06 0 0 0 0 0 0 0 0 0 0 0 0 0 0 
1 0.9004 0.600623 0.143871 0.00277935 1.5e-06 0 0 0 0 0 0 0 0 0 0 0 0 0 0 
1 0.900097 0.598946 0.142126 0.0027344 1.4e-06 0 0 0 0 0 0 0 0 0 0 0 0 0 0 
1 0.899575 0.597621 0.141219 0.0027016 1.45e-06 0 0 0 0 0 0 0 0 0 0 0 0 0 0 
1 0.900698 0.601236 0.144171 0.0026856 5.5e-07 0 0 0 0 0 0 0 0 0 0 0 0 0 0 
1 0.900492 0.601052 0.14404 0.0027749 1.5e-06 0 0 0 0 0 0 0 0 0 0 0 0 0 0 
1 0.900377 0.600003 0.143355 0.00277805 1.3e-06 0 0 0 0 0 0 0 0 0 0 0 0 0 0 
1 0.900109 0.599179 0.142823 0.0027189 1.65e-06 0 0 0 0 0 0 0 0 0 0 0 0 0 0 
1 0.900054 0.599416 0.143207 0.0028009 1.8e-06 0 0 0 0 0 0 0 0 0 0 0 0 0 0 
1 0.899982 0.599062 0.1428 0.00276215 1.15e-06 0 0 0 0 0 0 0 0 0 0 0 0 0 0 
1 0.899597 0.598087 0.141337 0.00275255 2.9e-06 0 0 0 0 0 0 0 0 0 0 0 0 0 0 
1 0.90062 0.600742 0.14397 0.00272895 1.75e-06 0 0 0 0 0 0 0 0 0 0 0 0 0 0 
1 0.900315 0.600124 0.143041 0.00270265 7.5e-07 0 0 0 0 0 0 0 0 0 0 0 0 0 0 
1 0.900397 0.60016 0.14306 0.0026489 6e-07 0 0 0 0 0 0 0 0 0 0 0 0 0 0 
1 0.89985 0.598306 0.141537 0.0026347 1.9e-06 0 0 0 0 0 0 0 0 0 0 0 0 0 0 
1 0.900149 0.599556 0.14275 0.0027611 1.95e-06 0 0 0 0 0 0 0 0 0 0 0 0 0 0 
1 0.900563 0.600667 0.144211 0.00286165 1.85e-06 0 0 0 0 0 0 0 0 0 0 0 0 0 0 
1 0.899828 0.598033 0.141436 0.0026917 1.95e-06 0 0 0 0 0 0 0 0 0 0 0 0 0 0 
1 0.899365 0.597117 0.140613 0.00258275 1.15e-06 0 0 0 0 0 0 0 0 0 0 0 0 0 0 
1 0.899532 0.597818 0.141125 0.00256705 6e-07 0 0 0 0 0 0 0 0 0 0 0 0 0 0 
1 0.900382 0.600264 0.143379 0.00278375 2.1e-06 0 0 0 0 0 0 0 0 0 0 0 0 0 0 
1 0.899781 0.598217 0.141493 0.0026451 6e-07 0 0 0 0 0 0 0 0 0 0 0 0 0 0 
1 0.900193 0.600038 0.143254 0.0027533 2.55e-06 0 0 0 0 0 0 0 0 0 0 0 0 0 0 
1 0.900353 0.600478 0.143735 0.0027639 2.15e-06 0 0 0 0 0 0 0 0 0 0 0 0 0 0 
1 0.900303 0.599498 0.142459 0.00282895 5.4e-06 0 0 0 0 0 0 0 0 0 0 0 0 0 0 
1 0.899828 0.598826 0.14245 0.0026814 1.8e-06 0 0 0 0 0 0 0 0 0 0 0 0 0 0 
1 0.899276 0.596605 0.140687 0.00276195 2.05e-06 0 0 0 0 0 0 0 0 0 0 0 0 0 0 
1 0.900189 0.59976 0.142889 0.0028062 2.3e-06 0 0 0 0 0 0 0 0 0 0 0 0 0 0 
1 0.900612 0.601288 0.144323 0.0026828 6.5e-07 0 0 0 0 0 0 0 0 0 0 0 0 0 0 
1 0.899668 0.59776 0.140881 0.002637 1e-06 0 0 0 0 0 0 0 0 0 0 0 0 0 0 
1 0.900199 0.599601 0.14322 0.00271085 1.8e-06 0 0 0 0 0 0 0 0 0 0 0 0 0 0 
1 0.899325 0.59711 0.140371 0.0025704 1.65e-06 0 0 0 0 0 0 0 0 0 0 0 0 0 0 
1 0.900158 0.599416 0.142854 0.0026947 2.4e-06 0 0 0 0 0 0 0 0 0 0 0 0 0 0 
1 0.900199 0.599673 0.142566 0.00266175 4.5e-07 0 0 0 0 0 0 0 0 0 0 0 0 0 0 
1 0.900737 0.601714 0.144808 0.002851 1.55e-06 0 0 0 0 0 0 0 0 0 0 0 0 0 0 
1 0.901087 0.60241 0.145032 0.0027973 1.6e-06 0 0 0 0 0 0 0 0 0 0 0 0 0 0 
1 0.899727 0.597924 0.14103 0.002676 2.3e-06 0 0 0 0 0 0 0 0 0 0 0 0 0 0 
1 0.899534 0.597544 0.14088 0.00249765 1.3e-06 0 0 0 0 0 0 0 0 0 0 0 0 0 0 
1 0.900531 0.600623 0.143761 0.00270295 2.3e-06 0 0 0 0 0 0 0 0 0 0 0 0 0 0 
1 0.900042 0.599509 0.143309 0.00276585 2.35e-06 0 0 0 0 0 0 0 0 0 0 0 0 0 0 
1 0.90043 0.600344 0.143281 0.0027281 4.3e-06 0 0 0 0 0 0 0 0 0 0 0 0 0 0 
1 0.900138 0.599702 0.143021 0.0027076 2.5e-06 0 0 0 0 0 0 0 0 0 0 0 0 0 0 
1 0.900021 0.598955 0.142045 0.0026346 2.3e-06 0 0 0 0 0 0 0 0 0 0 0 0 0 0 
1 0.899543 0.597294 0.140767 0.00258985 1.7e-06 0 0 0 0 0 0 0 0 0 0 0 0 0 0 
1 0.900397 0.60029 0.143573 0.0028444 2.35e-06 0 0 0 0 0 0 0 0 0 0 0 0 0 0 
1 0.899716 0.598287 0.141471 0.0025585 9.5e-07 0 0 0 0 0 0 0 0 0 0 0 0 0 0 
1 0.900049 0.599213 0.14259 0.00274565 1.05e-06 0 0 0 0 0 0 0 0 0 0 0 0 0 0 
1 0.900612 0.600864 0.143832 0.00281845 1.25e-06 0 0 0 0 0 0 0 0 0 0 0 0 0 0 
1 0.89985 0.598521 0.142084 0.0026907 6.5e-07 0 0 0 0 0 0 0 0 0 0 0 0 0 0 
1 0.900295 0.599673 0.143009 0.00277375 5.6e-06 0 0 0 0 0 0 0 0 0 0 0 0 0 0 
1 0.900114 0.599164 0.14194 0.00256355 7.5e-07 0 0 0 0 0 0 0 0 0 0 0 0 0 0 
1 0.900359 0.600621 0.144202 0.0028976 2.5e-06 0 0 0 0 0 0 0 0 0 0 0 0 0 0 
1 0.899828 0.598152 0.141446 0.00269425 1.05e-06 0 0 0 0 0 0 0 0 0 0 0 0 0 0 
1 0.90006 0.599453 0.143254 0.0027422 9e-07 0 0 0 0 0 0 0 0 0 0 0 0 0 0 
1 0.900217 0.599623 0.14285 0.00270935 3e-07 0 0 0 0 0 0 0 0 0 0 0 0 0 0 
1 0.899434 0.59729 0.141164 0.00264025 1.6e-06 0 0 0 0 0 0 0 0 0 0 0 0 0 0 
1 0.900276 0.600156 0.143917 0.00286015 5.05e-06 0 0 0 0 0 0 0 0 0 0 0 0 0 0 
1 0.899873 0.598972 0.142357 0.00266995 2.8e-06 0 0 0 0 0 0 0 0 0 0 0 0 0 0 
1 0.899834 0.598521 0.142452 0.00276575 1.9e-06 0 0 0 0 0 0 0 0 0 0 0 0 0 0 
1 0.899965 0.598887 0.14192 0.0025811 1.65e-06 0 0 0 0 0 0 0 0 0 0 0 0 0 0 
1 0.899802 0.598771 0.142141 0.002616 9.5e-07 0 0 0 0 0 0 0 0 0 0 0 0 0 0 
1 0.900337 0.60065 0.144623 0.0028996 3.1e-06 0 0 0 0 0 0 0 0 0 0 0 0 0 0 
1 0.89975 0.598292 0.141317 0.0026528 2.6e-06 0 0 0 0 0 0 0 0 0 0 0 0 0 0 
1 0.900578 0.600865 0.143927 0.00278825 2.85e-06 0 0 0 0 0 0 0 0 0 0 0 0 0 0 
1 0.900495 0.600573 0.144027 0.0028732 3.6e-06 0 0 0 0 0 0 0 0 0 0 0 0 0 0 
1 0.899697 0.597995 0.141093 0.0025954 1.65e-06 0 0 0 0 0 0 0 0 0 0 0 0 0 0 
1 0.900241 0.599857 0.142847 0.002645 1.1e-06 0 0 0 0 0 0 0 0 0 0 0 0 0 0 
1 0.899774 0.598478 0.141478 0.002587 1.95e-06 0 0 0 0 0 0 0 0 0 0 0 0 0 0 
1 0.899825 0.598716 0.141939 0.00269335 1.35e-06 0 0 0 0 0 0 0 0 0 0 0 0 0 0 
1 0.899689 0.59799 0.141962 0.002752 2.4e-06 0 0 0 0 0 0 0 0 0 0 0 0 0 0 
1 0.899796 0.598504 0.141783 0.00271015 6.05e-06 0 0 0 0 0 0 0 0 0 0 0 0 0 0 
1 0.8994 0.596867 0.140134 0.00257065 1.25e-06 0 0 0 0 0 0 0 0 0 0 0 0 0 0 
1 0.900141 0.599701 0.142667 0.0027108 2.2e-06 0 0 0 0 0 0 0 0 0 0 0 0 0 0 
1 0.900185 0.599862 0.143497 0.00275905 1.4e-06 0 0 0 0 0 0 0 0 0 0 0 0 0 0 
1 0.900172 0.599769 0.143568 0.00281075 1.75e-06 0 0 0 0 0 0 0 0 0 0 0 0 0 0 
1 0.90008 0.599481 0.142694 0.0026489 1.9e-06 0 0 0 0 0 0 0 0 0 0 0 0 0 0 
1 0.899771 0.598246 0.141485 0.00264935 1e-06 0 0 0 0 0 0 0 0 0 0 0 0 0 0 
1 0.899422 0.597129 0.14058 0.0025697 1.6e-06 0 0 0 0 0 0 0 0 0 0 0 0 0 0 
1 0.899779 0.598309 0.141875 0.002809 2.05e-06 0 0 0 0 0 0 0 0 0 0 0 0 0 0 
1 0.899875 0.598712 0.142075 0.0026617 1.45e-06 0 0 0 0 0 0 0 0 0 0 0 0 0 0 
1 0.899913 0.598485 0.141433 0.0026598 6e-07 0 0 0 0 0 0 0 0 0 0 0 0 0 0 
1 0.89977 0.598417 0.142159 0.0025773 8e-07 0 0 0 0 0 0 0 0 0 0 0 0 0 0 
1 0.899778 0.598479 0.142351 0.00277935 2e-06 0 0 0 0 0 0 0 0 0 0 0 0 0 0 
1 0.899805 0.598489 0.141363 0.00259635 1.25e-06 0 0 0 0 0 0 0 0 0 0 0 0 0 0 
1 0.899776 0.598235 0.141934 0.00281215 3.75e-06 0 0 0 0 0 0 0 0 0 0 0 0 0 0 
1 0.899807 0.598593 0.141449 0.00251405 1.4e-06 0 0 0 0 0 0 0 0 0 0 0 0 0 0 
1 0.899724 0.598053 0.141477 0.00257105 9e-07 0 0 0 0 0 0 0 0 0 0 0 0 0 0 
1 0.899638 0.598056 0.141567 0.002649 9.5e-07 0 0 0 0 0 0 0 0 0 0 0 0 0 0 
1 0.89986 0.598594 0.141516 0.0026153 2.25e-06 0 0 0 0 0 0 0 0 0 0 0 0 0 0 
1 0.899905 0.598439 0.14148 0.00258695 1.75e-06 0 0 0 0 0 0 0 0 0 0 0 0 0 0 
1 0.900265 0.600001 0.142661 0.0025988 1e-06 0 0 0 0 0 0 0 0 0 0 0 0 0 0 
1 0.899569 0.597325 0.140728 0.00259565 1.75e-06 0 0 0 0 0 0 0 0 0 0 0 0 0 0 
1 0.899796 0.598032 0.141585 0.0026427 2.55e-06 0 0 0 0 0 0 0 0 0 0 0 0 0 0 
1 0.899795 0.598078 0.140927 0.0025615 1.15e-06 0 0 0 0 0 0 0 0 0 0 0 0 0 0 
1 0.9001 0.599367 0.142364 0.002625 8e-07 0 0 0 0 0 0 0 0 0 0 0 0 0 0 
1 0.899535 0.597185 0.140489 0.00260615 2.2e-06 0 0 0 0 0 0 0 0 0 0 0 0 0 0 
1 0.899656 0.597563 0.141282 0.00267275 1.95e-06 0 0 0 0 0 0 0 0 0 0 0 0 0 0 
1 0.899795 0.598382 0.141821 0.0026306 7e-07 0 0 0 0 0 0 0 0 0 0 0 0 0 0 
1 0.900179 0.599616 0.142946 0.00272245 8.5e-07 0 0 0 0 0 0 0 0 0 0 0 0 0 0 
1 0.899549 0.597796 0.141774 0.00287605 4.6e-06 0 0 0 0 0 0 0 0 0 0 0 0 0 0 
1 0.899505 0.597906 0.141753 0.00272645 1.25e-06 0 0 0 0 0 0 0 0 0 0 0 0 0 0 
1 0.899537 0.597764 0.141441 0.00275075 3.05e-06 0 0 0 0 0 0 0 0 0 0 0 0 0 0 
1 0.900473 0.600765 0.143868 0.00276585 9.5e-07 0 0 0 0 0 0 0 0 0 0 0 0 0 0 
1 0.899813 0.598403 0.14221 0.00274645 1.2e-06 0 0 0 0 0 0 0 0 0 0 0 0 0 0 
1 0.90005 0.599297 0.143136 0.00288005 1.7e-06 0 0 0 0 0 0 0 0 0 0 0 0 0 0 
1 0.899953 0.599401 0.142535 0.0027946 8.8e-06 0 0 0 0 0 0 0 0 0 0 0 0 0 0 
1 0.900057 0.599563 0.143284 0.002718 1.45e-06 0 0 0 0 0 0 0 0 0 0 0 0 0 0 
1 0.899858 0.597982 0.140635 0.0025097 1e-06 0 0 0 0 0 0 0 0 0 0 0 0 0 0 
1 0.899825 0.598961 0.142618 0.0027606 1.05e-06 0 0 0 0 0 0 0 0 0 0 0 0 0 0 
1 0.898995 0.595621 0.139687 0.00256395 1.7e-06 0 0 0 0 0 0 0 0 0 0 0 0 0 0 
1 0.900974 0.601492 0.144058 0.00282685 8e-07 0 0 0 0 0 0 0 0 0 0 0 0 0 0 
1 0.90012 0.599295 0.142993 0.00278815 2.2e-06 0 0 0 0 0 0 0 0 0 0 0 0 0 0 
1 0.899953 0.598727 0.141973 0.00270455 2.3e-06 0 0 0 0 0 0 0 0 0 0 0 0 0 0 
1 0.900292 0.600229 0.144306 0.00294315 9e-07 0 0 0 0 0 0 0 0 0 0 0 0 0 0 
1 0.899963 0.599062 0.142496 0.00266395 1.45e-06 0 0 0 0 0 0 0 0 0 0 0 0 0 0 
1 0.899113 0.595821 0.139833 0.0026074 1.75e-06 0 0 0 0 0 0 0 0 0 0 0 0 0 0 
1 0.900321 0.599789 0.142642 0.0025812 3.5e-07 0 0 0 0 0 0 0 0 0 0 0 0 0 0 
1 0.900737 0.60154 0.145146 0.00291355 1.35e-06 0 0 0 0 0 0 0 0 0 0 0 0 0 0 
1 0.899864 0.598753 0.142163 0.0026298 9.5e-07 0 0 0 0 0 0 0 0 0 0 0 0 0 0 
1 0.900488 0.600747 0.144341 0.00296195 1.8e-06 0 0 0 0 0 0 0 0 0 0 0 0 0 0 
1 0.900089 0.599337 0.142943 0.00280365 2.35e-06 0 0 0 0 0 0 0 0 0 0 0 0 0 0 
1 0.899385 0.597219 0.141108 0.00263565 1.95e-06 0 0 0 0 0 0 0 0 0 0 0 0 0 0 
1 0.89979 0.598691 0.142346 0.0027504 2.05e-06 0 0 0 0 0 0 0 0 0 0 0 0 0 0 
1 0.900309 0.600183 0.143678 0.0027825 1.4e-06 0 0 0 0 0 0 0 0 0 0 0 0 0 0 
1 0.899371 0.596696 0.140166 0.00255325 2.2e-06 0 0 0 0 0 0 0 0 0 0 0 0 0 0 
1 0.899976 0.599089 0.142646 0.00280285 4.85e-06 0 0 0 0 0 0 0 0 0 0 0 0 0 0 
1 0.899757 0.59803 0.141044 0.00270275 2.15e-06 0 0 0 0 0 0 0 0 0 0 0 0 0 0 
1 0.899616 0.597827 0.141004 0.00260535 1.55e-06 0 0 0 0 0 0 0 0 0 0 0 0 0 0 
1 0.899902 0.598668 0.142132 0.00275 1.8e-06 0 0 0 0 0 0 0 0 0 0 0 0 0 0 
1 0.900767 0.60187 0.145278 0.0029191 2.3e-06 0 0 0 0 0 0 0 0 0 0 0 0 0 0 
1 0.899912 0.598618 0.141864 0.0026187 8e-07 0 0 0 0 0 0 0 0 0 0 0 0 0 0 
1 0.899372 0.5977 0.141307 0.0026801 3.25e-06 0 0 0 0 0 0 0 0 0 0 0 0 0 0 
1 0.900104 0.599438 0.14253 0.0027305 8e-07 0 0 0 0 0 0 0 0 0 0 0 0 0 0 
1 0.899656 0.597641 0.140918 0.0025919 2.1e-06 0 0 0 0 0 0 0 0 0 0 0 0 0 0 
1 0.89969 0.598334 0.141725 0.00265905 2.25e-06 0 0 0 0 0 0 0 0 0 0 0 0 0 0 
1 0.899496 0.597068 0.139941 0.0024157 7.5e-07 0 0 0 0 0 0 0 0 0 0 0 0 0 0 
1 0.900301 0.600211 0.14255 0.0026125 1.45e-06 0 0 0 0 0 0 0 0 0 0 0 0 0 0 
1 0.900775 0.600751 0.143258 0.0027331 2.1e-06 0 0 0 0 0 0 0 0 0 0 0 0 0 0 
1 0.900457 0.600535 0.144466 0.00285215 1.1e-06 0 0 0 0 0 0 0 0 0 0 0 0 0 0 
1 0.899645 0.598204 0.14232 0.0028265 3.3e-06 0 0 0 0 0 0 0 0 0 0 0 0 0 0 
1 0.900684 0.601205 0.144258 0.00287355 1.55e-06 0 0 0 0 0 0 0 0 0 0 0 0 0 0 
1 0.900151 0.599745 0.142687 0.0025381 8.5e-07 0 0 0 0 0 0 0 0 0 0 0 0 0 0 
1 0.899833 0.598645 0.142474 0.0027981 1.55e-06 0 0 0 0 0 0 0 0 0 0 0 0 0 0 
1 0.899744 0.598131 0.140927 0.0024686 7e-07 0 0 0 0 0 0 0 0 0 0 0 0 0 0 
1 0.899509 0.597616 0.141153 0.0025812 1.8e-06 0 0 0 0 0 0 0 0 0 0 0 0 0 0 
1 0.900025 0.598785 0.141623 0.00260295 7.5e-07 0 0 0 0 0 0 0 0 0 0 0 0 0 0 
