1 0.950225 0.820234 0.554619 0.229841 0.0493318 0.0060002 0.0004956 3.01e-05 5e-07 0 0 0 0 0 0 0 0 0 0 
1 0.949913 0.819422 0.552316 0.227227 0.0491423 0.006285 0.0006336 5.98e-05 1.4e-06 0 0 0 0 0 0 0 0 0 0 
1 0.950871 0.82219 0.557928 0.231709 0.0493123 0.0062272 0.0006679 5.18e-05 3e-07 0 0 0 0 0 0 0 0 0 0 
1 0.950166 0.819787 0.553283 0.228566 0.0492163 0.0058893 0.0004773 3.05e-05 8e-07 0 0 0 0 0 0 0 0 0 0 
1 0.950138 0.82006 0.553312 0.22731 0.0474817 0.0056615 0.0004457 1.79e-05 2e-07 0 0 0 0 0 0 0 0 0 0 
1 0.949798 0.819172 0.552064 0.22671 0.0481463 0.0061665 0.0006289 3.39e-05 0 0 0 0 0 0 0 0 0 0 0 
1 0.949277 0.816814 0.546258 0.219022 0.0443797 0.0053496 0.0005504 5.73e-05 3.2e-06 0 0 0 0 0 0 0 0 0 0 
1 0.948981 0.815779 0.544803 0.219038 0.044124 0.0046573 0.0002737 6e-06 0 0 0 0 0 0 0 0 0 0 0 
1 0.949752 0.819002 0.551347 0.225281 0.0468037 0.0050076 0.0002694 7e-06 0 0 0 0 0 0 0 0 0 0 0 
1 0.950183 0.820332 0.554866 0.230249 0.049799 0.0063393 0.0005256 1.65e-05 1e-07 0 0 0 0 0 0 0 0 0 0 
1 0.950161 0.819694 0.551919 0.225008 0.0470125 0.0057275 0.0005089 3.52e-05 6e-07 0 0 0 0 0 0 0 0 0 0 
1 0.950529 0.821081 0.555278 0.229675 0.0496725 0.0067274 0.0009348 0.0001393 1.01e-05 0 0 0 0 0 0 0 0 0 0 
1 0.949606 0.818438 0.549738 0.222647 0.0455715 0.0051106 0.0003264 6.6e-06 0 0 0 0 0 0 0 0 0 0 0 
1 0.950051 0.81979 0.552702 0.22701 0.0486126 0.0063193 0.0005825 2.7e-05 1e-07 0 0 0 0 0 0 0 0 0 0 
1 0.950903 0.822416 0.559056 0.234708 0.0523177 0.0069413 0.0008438 0.0001672 2.22e-05 1e-07 0 0 0 0 0 0 0 0 0 
1 0.950239 0.820022 0.552767 0.226449 0.0472899 0.0056722 0.0004862 2.36e-05 0 0 0 0 0 0 0 0 0 0 0 
1 0.950473 0.82107 0.555153 0.228282 0.0481972 0.0058015 0.0004664 3.59e-05 8e-07 0 0 0 0 0 0 0 0 0 0 
1 0.949936 0.819282 0.551837 0.226094 0.048158 0.0057893 0.0004053 1.28e-05 0 0 0 0 0 0 0 0 0 0 0 
1 0.949827 0.819123 0.551613 0.225871 0.0472561 0.0053649 0.0003411 1.05e-05 0 0 0 0 0 0 0 0 0 0 0 
1 0.950806 0.822417 0.558072 0.23329 0.0510713 0.0066087 0.0005883 2.19e-05 -6.93889e-18 0 0 0 0 0 0 0 0 0 0 
1 0.950255 0.820097 0.553529 0.227724 0.0481189 0.0060974 0.0007416 0.0001296 1.29e-05 2e-07 0 0 0 0 0 0 0 0 0 
1 0.950319 0.820737 0.555115 0.231136 0.0518227 0.007418 0.0008686 0.0001314 2.4e-05 5e-07 0 0 0 0 0 0 0 0 0 
1 0.949725 0.818572 0.550276 0.22429 0.046592 0.0051615 0.0002946 3.6e-06 0 0 0 0 0 0 0 0 0 0 0 
1 0.950354 0.820531 0.554876 0.23072 0.0511916 0.0072003 0.0007768 3.41e-05 6e-07 0 0 0 0 0 0 0 0 0 0 
1 0.950285 0.820507 0.554146 0.227816 0.0476959 0.0056298 0.0004927 3.47e-05 1e-07 0 0 0 0 0 0 0 0 0 0 
1 0.950484 0.821056 0.555379 0.229723 0.0494985 0.0062361 0.0005642 3.92e-05 2.1e-06 0 0 0 0 0 0 0 0 0 0 
1 0.949995 0.81954 0.55256 0.226609 0.0479228 0.0058638 0.0005089 2.21e-05 0 0 0 0 0 0 0 0 0 0 0 
1 0.949438 0.818009 0.549673 0.224194 0.0465166 0.0053799 0.0004465 1.69e-05 0 0 0 0 0 0 0 0 0 0 0 
1 0.949739 0.818316 0.549508 0.223056 0.0464832 0.0059447 0.000693 6.89e-05 1.7e-06 0 0 0 0 0 0 0 0 0 0 
1 0.949434 0.817625 0.54863 0.223418 0.0470281 0.0058999 0.0006248 4.68e-05 0 0 0 0 0 0 0 0 0 0 0 
1 0.95006 0.819942 0.554153 0.230235 0.0510309 0.0067504 0.0006347 3.42e-05 0 0 0 0 0 0 0 0 0 0 0 
1 0.949282 0.817147 0.547274 0.220206 0.0443197 0.0053694 0.0004653 2e-05 0 0 0 0 0 0 0 0 0 0 0 
1 0.949303 0.817424 0.547985 0.221729 0.0452062 0.0050202 0.0003584 1.33e-05 0 0 0 0 0 0 0 0 0 0 0 
1 0.949298 0.817193 0.547481 0.220725 0.044895 0.0051847 0.0003846 2.41e-05 1e-06 0 0 0 0 0 0 0 0 0 0 
1 0.950197 0.820405 0.555014 0.22987 0.0494968 0.0060553 0.0005112 4.61e-05 2.4e-06 0 0 0 0 0 0 0 0 0 0 
1 0.949722 0.818537 0.550603 0.224417 0.0463512 0.0053207 0.00037 8.7e-06 0 0 0 0 0 0 0 0 0 0 0 
1 0.950469 0.820912 0.555028 0.229874 0.0495287 0.0060309 0.0004816 2.63e-05 1.2e-06 0 0 0 0 0 0 0 0 0 0 
1 0.949957 0.819009 0.551052 0.224518 0.0468883 0.0054374 0.0003926 1.2e-05 1e-07 0 0 0 0 0 0 0 0 0 0 
1 0.949469 0.817727 0.549123 0.224169 0.0477759 0.006104 0.0006899 0.0001119 1.28e-05 1e-07 0 0 0 0 0 0 0 0 0 
1 0.949398 0.817721 0.548437 0.222426 0.0461307 0.0053523 0.0003941 1.12e-05 0 0 0 0 0 0 0 0 0 0 0 
1 0.949829 0.818208 0.549811 0.223053 0.0449956 0.0046557 0.0002871 7.3e-06 -6.93889e-18 0 0 0 0 0 0 0 0 0 0 
1 0.950713 0.82184 0.557296 0.232107 0.0509167 0.0070995 0.0009424 0.0001001 2.5e-06 0 0 0 0 0 0 0 0 0 0 
1 0.949956 0.819412 0.552266 0.226121 0.0472671 0.0059778 0.0006471 6.21e-05 5.6e-06 0 0 0 0 0 0 0 0 0 0 
1 0.949987 0.819732 0.553159 0.227963 0.049129 0.0062733 0.000608 8.4e-05 1.02e-05 1e-07 0 0 0 0 0 0 0 0 0 
1 0.950365 0.820535 0.554689 0.230223 0.049987 0.0061691 0.0004577 1.31e-05 0 0 0 0 0 0 0 0 0 0 0 
1 0.950357 0.820895 0.555811 0.231197 0.0503296 0.0063439 0.0004961 2.03e-05 0 0 0 0 0 0 0 0 0 0 0 
1 0.949622 0.818147 0.549315 0.223717 0.046998 0.005865 0.0005563 5.62e-05 5.1e-06 1e-07 0 0 0 0 0 0 0 0 0 
1 0.949147 0.816635 0.546837 0.220832 0.0455115 0.0053298 0.0004535 2.36e-05 0 0 0 0 0 0 0 0 0 0 0 
1 0.949715 0.81835 0.550316 0.2251 0.0479926 0.0060566 0.0004855 2.57e-05 2e-07 0 0 0 0 0 0 0 0 0 0 
1 0.949496 0.817786 0.548777 0.222491 0.0464411 0.0060488 0.0007867 0.0001654 2.19e-05 2e-07 0 0 0 0 0 0 0 0 0 
1 0.949879 0.819147 0.551826 0.22621 0.0485469 0.0061014 0.000542 2.74e-05 4e-07 0 0 0 0 0 0 0 0 0 0 
1 0.949926 0.819593 0.552674 0.22698 0.047838 0.0055551 0.0003645 9.7e-06 0 0 0 0 0 0 0 0 0 0 0 
1 0.95 0.819593 0.552148 0.22543 0.045875 0.0047262 0.000243 3.3e-06 0 0 0 0 0 0 0 0 0 0 0 
1 0.949854 0.818876 0.551152 0.224088 0.0458978 0.005553 0.000479 2.69e-05 1e-07 0 0 0 0 0 0 0 0 0 0 
1 0.94975 0.818344 0.54948 0.223177 0.0467272 0.0059613 0.0006713 6.25e-05 1.7e-06 0 0 0 0 0 0 0 0 0 0 
1 0.950042 0.819503 0.552141 0.226351 0.0470759 0.0052781 0.0003385 6.5e-06 0 0 0 0 0 0 0 0 0 0 0 
1 0.948908 0.815368 0.543989 0.218619 0.0451022 0.0052665 0.000403 1.61e-05 5e-07 -6.93889e-18 0 0 0 0 0 0 0 0 0 
1 0.950357 0.821025 0.556563 0.233154 0.0517761 0.0064369 0.0004954 3.08e-05 5e-07 0 0 0 0 0 0 0 0 0 0 
1 0.95048 0.821312 0.556507 0.232284 0.0513128 0.0068301 0.0006197 4.92e-05 1e-06 0 0 0 0 0 0 0 0 0 0 
1 0.950097 0.820264 0.553737 0.227772 0.0481068 0.0060134 0.0007142 0.0001046 3.6e-06 0 0 0 0 0 0 0 0 0 0 
1 0.950068 0.819885 0.553171 0.227133 0.0475789 0.0055733 0.000493 4.27e-05 1.3e-06 0 0 0 0 0 0 0 0 0 0 
1 0.949759 0.818856 0.551316 0.225278 0.0464342 0.0050871 0.0003021 7.1e-06 1e-07 0 0 0 0 0 0 0 0 0 0 
1 0.949769 0.818627 0.550862 0.225158 0.0472735 0.0058627 0.0008011 0.0001984 5.3e-05 6.4e-06 1e-07 0 0 0 0 0 0 0 0 
1 0.950167 0.820017 0.55325 0.226696 0.0473249 0.005791 0.0005964 7.97e-05 6.9e-06 0 0 0 0 0 0 0 0 0 0 
1 0.950305 0.820577 0.554908 0.230461 0.0505384 0.0067699 0.0006848 5.96e-05 5e-06 2e-07 0 0 0 0 0 0 0 0 0 
1 0.950441 0.820769 0.555034 0.228671 0.0488545 0.006311 0.0005729 2.4e-05 1e-07 0 0 0 0 0 0 0 0 0 0 
1 0.950605 0.821463 0.556864 0.232438 0.0521409 0.007869 0.0012085 0.0002059 4.25e-05 1.8e-06 0 0 0 0 0 0 0 0 0 
1 0.949252 0.816487 0.546053 0.218301 0.042316 0.0041806 0.0002611 1.56e-05 6e-07 0 0 0 0 0 0 0 0 0 0 
1 0.949906 0.819285 0.552276 0.226622 0.0488106 0.0063434 0.0005002 1.46e-05 0 0 0 0 0 0 0 0 0 0 0 
1 0.949419 0.817727 0.548945 0.222943 0.046033 0.0055708 0.0006749 0.0001905 8.17e-05 1.32e-05 4e-07 0 0 0 0 0 0 0 0 
1 0.950419 0.821357 0.556472 0.231173 0.0494867 0.0059299 0.0004428 1.66e-05 0 0 0 0 0 0 0 0 0 0 0 
1 0.950201 0.819553 0.551734 0.224961 0.0466705 0.0056162 0.0004508 2.19e-05 9e-07 0 0 0 0 0 0 0 0 0 0 
1 0.950835 0.822099 0.557722 0.233203 0.0512042 0.0064559 0.0005669 2.62e-05 4e-07 0 0 0 0 0 0 0 0 0 0 
1 0.949818 0.818839 0.551473 0.226328 0.0488416 0.0067412 0.0009095 0.0001277 1.39e-05 0 0 0 0 0 0 0 0 0 0 
1 0.949353 0.817517 0.548325 0.222272 0.045115 0.0048147 0.0002596 2.2e-06 0 0 0 0 0 0 0 0 0 0 0 
1 0.949785 0.818892 0.551122 0.225996 0.0483958 0.005941 0.0004048 7.1e-06 0 0 0 0 0 0 0 0 0 0 0 
1 0.95106 0.823317 0.560743 0.236656 0.0528292 0.0069715 0.0007206 9.76e-05 1.3e-05 0 0 0 0 0 0 0 0 0 0 
1 0.94948 0.81776 0.549583 0.224814 0.0479029 0.0065385 0.001007 0.000276 0.0001243 4.07e-05 2e-06 0 0 0 0 0 0 0 0 
1 0.950073 0.820086 0.55445 0.230466 0.0506156 0.0066807 0.0006867 7.62e-05 2.3e-06 0 0 0 0 0 0 0 0 0 0 
1 0.950257 0.820315 0.554181 0.22815 0.0475261 0.0053185 0.0004185 1.65e-05 0 0 0 0 0 0 0 0 0 0 0 
1 0.950095 0.820233 0.553864 0.228171 0.0485287 0.0057612 0.0004705 1.82e-05 0 0 0 0 0 0 0 0 0 0 0 
1 0.949373 0.817374 0.548328 0.221804 0.0446514 0.0046511 0.0003163 2.87e-05 1.3e-06 0 0 0 0 0 0 0 0 0 0 
1 0.950815 0.82228 0.558103 0.232326 0.0502706 0.0062752 0.0004603 1.18e-05 -6.93889e-18 -6.93889e-18 0 0 0 0 0 0 0 0 0 
1 0.949911 0.819418 0.552324 0.227645 0.0485508 0.0057458 0.0003992 2.36e-05 6e-07 0 0 0 0 0 0 0 0 0 0 
1 0.949312 0.817487 0.549235 0.224477 0.0476545 0.0064112 0.0009396 0.0001253 5.5e-06 0 0 0 0 0 0 0 0 0 0 
1 0.950085 0.819837 0.552964 0.226879 0.0482354 0.006037 0.0005069 2.08e-05 2e-07 0 0 0 0 0 0 0 0 0 0 
1 0.950361 0.820894 0.555354 0.23046 0.0504679 0.0068023 0.0007351 0.0001076 2.02e-05 3e-07 0 0 0 0 0 0 0 0 0 
1 0.950375 0.821054 0.555237 0.229101 0.0485922 0.0056769 0.0003623 8.9e-06 0 0 0 0 0 0 0 0 0 0 0 
1 0.950724 0.821871 0.557373 0.232151 0.0507644 0.0062217 0.0004091 6.8e-06 0 0 0 0 0 0 0 0 0 0 0 
1 0.949516 0.817949 0.549893 0.224871 0.0474142 0.0058204 0.000511 4.2e-05 1.2e-06 0 0 0 0 0 0 0 0 0 0 
1 0.950118 0.820169 0.553264 0.227511 0.0480278 0.0055724 0.0003741 1.03e-05 0 0 0 0 0 0 0 0 0 0 0 
1 0.949698 0.818687 0.55078 0.225156 0.0469194 0.0054983 0.000409 1.57e-05 -6.93889e-18 0 0 0 0 0 0 0 0 0 0 
1 0.950135 0.820046 0.554389 0.229693 0.048729 0.0054916 0.0004131 2.41e-05 1e-07 0 0 0 0 0 0 0 0 0 0 
1 0.949972 0.819236 0.551587 0.225692 0.0476043 0.0058715 0.0004727 8.7e-06 0 0 0 0 0 0 0 0 0 0 0 
1 0.949781 0.819171 0.552577 0.22784 0.0488349 0.0060584 0.0005089 2.65e-05 8e-07 0 0 0 0 0 0 0 0 0 0 
1 0.949617 0.818492 0.550414 0.224465 0.0472306 0.0059087 0.0004951 2.71e-05 0 0 0 0 0 0 0 0 0 0 0 
1 0.950061 0.819935 0.55302 0.226737 0.0478737 0.0058978 0.0005641 7.45e-05 7.4e-06 0 0 0 0 0 0 0 0 0 0 
1 0.949651 0.817968 0.54979 0.225436 0.0485493 0.0058763 0.0004444 1.34e-05 0 0 0 0 0 0 0 0 0 0 0 
1 0.949503 0.817898 0.549257 0.224505 0.047968 0.0061059 0.0007569 0.0001917 3.97e-05 1.6e-06 0 0 0 0 0 0 0 0 0 
1 0.949711 0.818777 0.551151 0.226327 0.0495321 0.0070663 0.0009509 0.0001262 1.05e-05 9e-07 0 0 0 0 0 0 0 0 0 
1 0.949845 0.818916 0.551055 0.224638 0.0468838 0.0056111 0.0004915 2.17e-05 0 0 0 0 0 0 0 0 0 0 0 
1 0.949996 0.819872 0.553941 0.230098 0.0503925 0.0064808 0.0006323 4.72e-05 1e-06 0 0 0 0 0 0 0 0 0 0 
1 0.950536 0.821359 0.556102 0.230122 0.0488686 0.0059823 0.0005766 4.86e-05 1.6e-06 0 0 0 0 0 0 0 0 0 0 
1 0.950556 0.821321 0.556415 0.231954 0.0507806 0.006698 0.0006948 6.81e-05 2.5e-06 0 0 0 0 0 0 0 0 0 0 
1 0.949663 0.818578 0.550457 0.223796 0.0458317 0.0051599 0.0004703 5.32e-05 2.4e-06 0 0 0 0 0 0 0 0 0 0 
1 0.949857 0.819041 0.551567 0.224863 0.0465562 0.0051223 0.0003551 1.1e-05 0 0 0 0 0 0 0 0 0 0 0 
1 0.951021 0.822672 0.557703 0.230731 0.0485804 0.0057126 0.0003841 6.2e-06 0 0 0 0 0 0 0 0 0 0 0 
1 0.950657 0.821617 0.556931 0.232738 0.0522624 0.0073643 0.0008339 6.38e-05 3e-07 0 0 0 0 0 0 0 0 0 0 
1 0.949158 0.816402 0.545416 0.219115 0.0442646 0.0048396 0.0002956 4.7e-06 0 0 0 0 0 0 0 0 0 0 0 
1 0.94971 0.818518 0.550214 0.223788 0.0461036 0.0056332 0.0005904 3.37e-05 1e-07 0 0 0 0 0 0 0 0 0 0 
1 0.949274 0.816959 0.54662 0.22011 0.0448391 0.0057106 0.0008837 0.0001281 4.6e-06 0 0 0 0 0 0 0 0 0 0 
1 0.950322 0.820754 0.554899 0.229024 0.048966 0.0059048 0.0004974 3.59e-05 8e-07 0 0 0 0 0 0 0 0 0 0 
1 0.949865 0.818672 0.550428 0.223894 0.0458775 0.0052057 0.0004755 6.73e-05 3.8e-06 0 0 0 0 0 0 0 0 0 0 
1 0.950052 0.819653 0.553639 0.229436 0.0498226 0.0064044 0.0006983 6.74e-05 1.8e-06 0 0 0 0 0 0 0 0 0 0 
1 0.9498 0.819001 0.550989 0.22428 0.0464783 0.0054738 0.0004713 2.8e-05 1.1e-06 0 0 0 0 0 0 0 0 0 0 
1 0.950039 0.820163 0.554852 0.23071 0.050775 0.0065938 0.0005236 1.75e-05 -6.93889e-18 0 0 0 0 0 0 0 0 0 0 
1 0.950116 0.819834 0.55336 0.228144 0.0476483 0.0051595 0.0002787 5.9e-06 0 0 0 0 0 0 0 0 0 0 0 
1 0.949211 0.817237 0.54789 0.222254 0.0469263 0.0057817 0.0004341 1.34e-05 0 0 0 0 0 0 0 0 0 0 0 
1 0.950398 0.820914 0.555459 0.23006 0.0501195 0.0065493 0.0005941 2.71e-05 0 0 0 0 0 0 0 0 0 0 0 
1 0.949449 0.817488 0.548203 0.221669 0.0454413 0.0053367 0.0004363 2.03e-05 5e-07 0 0 0 0 0 0 0 0 0 0 
1 0.949558 0.818019 0.549433 0.223777 0.0460961 0.0050248 0.0003523 1.41e-05 1e-07 0 0 0 0 0 0 0 0 0 0 
1 0.949604 0.818183 0.549924 0.224457 0.047137 0.005687 0.0005668 4.53e-05 7e-07 0 0 0 0 0 0 0 0 0 0 
1 0.949944 0.819219 0.551851 0.22593 0.0469428 0.0052431 0.0003877 1.34e-05 0 0 0 0 0 0 0 0 0 0 0 
1 0.949039 0.816279 0.545722 0.219124 0.0440722 0.0048679 0.0003688 1.89e-05 1e-07 0 0 0 0 0 0 0 0 0 0 
1 0.94963 0.818031 0.549768 0.224364 0.0476005 0.0062676 0.0007133 8.05e-05 4.6e-06 0 0 0 0 0 0 0 0 0 0 
1 0.950339 0.821024 0.555752 0.230359 0.0497719 0.0063135 0.0005187 2.36e-05 0 0 0 0 0 0 0 0 0 0 0 
1 0.94964 0.818515 0.550529 0.224608 0.0463561 0.005197 0.0004098 1.78e-05 1e-07 0 0 0 0 0 0 0 0 0 0 
1 0.94988 0.819375 0.552627 0.228119 0.0488151 0.0059313 0.0005033 1.99e-05 1e-07 0 0 0 0 0 0 0 0 0 0 
1 0.950308 0.820888 0.555042 0.229419 0.0484558 0.0057916 0.0005766 5.53e-05 3.3e-06 4e-07 0 0 0 0 0 0 0 0 0 
1 0.949655 0.818514 0.550768 0.226127 0.0484599 0.0065029 0.0008417 0.0001326 1.97e-05 1.1e-06 0 0 0 0 0 0 0 0 0 
1 0.95051 0.821044 0.555435 0.229715 0.0494948 0.0061515 0.0005388 2.88e-05 0 0 0 0 0 0 0 0 0 0 0 
1 0.949846 0.819248 0.551088 0.224591 0.047196 0.0059505 0.0005596 3.03e-05 1e-06 0 0 0 0 0 0 0 0 0 0 
1 0.950165 0.819874 0.553041 0.227275 0.0477842 0.0054707 0.0004226 2.62e-05 4e-07 0 0 0 0 0 0 0 0 0 0 
1 0.950318 0.820607 0.554335 0.228937 0.0493027 0.0065313 0.0006487 4.89e-05 1e-06 0 0 0 0 0 0 0 0 0 0 
1 0.949963 0.819017 0.551164 0.225448 0.0475362 0.0056091 0.0004154 1.3e-05 0 0 0 0 0 0 0 0 0 0 0 
1 0.950065 0.819521 0.5519 0.225273 0.0465853 0.0052483 0.00036 1.23e-05 0 0 0 0 0 0 0 0 0 0 0 
1 0.949538 0.818157 0.550379 0.226222 0.0484206 0.0059891 0.0004658 1.74e-05 1e-07 0 0 0 0 0 0 0 0 0 0 
1 0.950115 0.819682 0.553054 0.227643 0.048524 0.0057341 0.0003834 1.48e-05 0 0 0 0 0 0 0 0 0 0 0 
1 0.949549 0.818352 0.549841 0.223762 0.0468823 0.0059648 0.0006144 4.87e-05 7e-07 0 0 0 0 0 0 0 0 0 0 
1 0.950768 0.821726 0.556451 0.23069 0.0503232 0.0064229 0.0005072 1.37e-05 0 0 0 0 0 0 0 0 0 0 0 
1 0.949878 0.819157 0.551454 0.224819 0.0461514 0.004902 0.0002943 5.6e-06 0 0 0 0 0 0 0 0 0 0 0 
1 0.95033 0.820446 0.554204 0.227679 0.0474439 0.005395 0.0003888 1.04e-05 1e-07 0 0 0 0 0 0 0 0 0 0 
1 0.949641 0.818502 0.550661 0.225045 0.0477146 0.0059648 0.0005259 3.31e-05 1.7e-06 0 0 0 0 0 0 0 0 0 0 
1 0.950198 0.820351 0.553892 0.228207 0.0482076 0.0059084 0.0007311 0.0001356 1.29e-05 0 0 0 0 0 0 0 0 0 0 
1 0.949153 0.816536 0.546521 0.220357 0.0447226 0.0052929 0.0006031 7.69e-05 2e-06 0 0 0 0 0 0 0 0 0 0 
1 0.950497 0.821192 0.555647 0.229398 0.0483215 0.0054487 0.0003332 9.7e-06 1e-07 0 0 0 0 0 0 0 0 0 0 
1 0.950318 0.820834 0.554769 0.227577 0.0466511 0.0050062 0.0003379 1.39e-05 2e-07 0 0 0 0 0 0 0 0 0 0 
1 0.94954 0.81786 0.549038 0.22278 0.0457245 0.0052945 0.0006378 0.0001858 7.49e-05 1.38e-05 2e-07 0 0 0 0 0 0 0 0 
1 0.950181 0.820085 0.553721 0.229187 0.0492189 0.0059381 0.0004167 6.9e-06 0 0 0 0 0 0 0 0 0 0 0 
1 0.949414 0.81802 0.549443 0.223976 0.0461026 0.0053301 0.00046 1.59e-05 0 0 0 0 0 0 0 0 0 0 0 
1 0.950211 0.820111 0.553281 0.227406 0.0478108 0.0054808 0.0003873 2.1e-05 3e-07 -6.93889e-18 0 0 0 0 0 0 0 0 0 
1 0.950161 0.819974 0.553619 0.228206 0.0483265 0.0058897 0.0005664 7.33e-05 7.8e-06 1e-07 0 0 0 0 0 0 0 0 0 
1 0.94967 0.818471 0.551097 0.226902 0.049536 0.0067085 0.0008444 0.0001139 3.9e-06 0 0 0 0 0 0 0 0 0 0 
1 0.950079 0.820012 0.553509 0.228704 0.0490013 0.005789 0.0004728 2.88e-05 6e-07 0 0 0 0 0 0 0 0 0 0 
1 0.950622 0.821219 0.556109 0.229823 0.0481624 0.0054141 0.0003351 6.8e-06 0 0 0 0 0 0 0 0 0 0 0 
1 0.94916 0.817035 0.547397 0.221415 0.0458282 0.005345 0.0004083 1.38e-05 0 0 0 0 0 0 0 0 0 0 0 
1 0.950443 0.820952 0.555314 0.230066 0.0498497 0.0061508 0.0004068 1.22e-05 0 0 0 0 0 0 0 0 0 0 0 
1 0.949898 0.819305 0.552241 0.226851 0.0491205 0.0066222 0.0006801 5.69e-05 6e-07 0 0 0 0 0 0 0 0 0 0 
1 0.950005 0.819644 0.552821 0.227728 0.0491427 0.0065669 0.0005845 2.49e-05 1e-07 0 0 0 0 0 0 0 0 0 0 
1 0.949854 0.819399 0.551863 0.226076 0.0480396 0.0064267 0.0007306 6.34e-05 1.7e-06 0 0 0 0 0 0 0 0 0 0 
1 0.950072 0.819527 0.552098 0.225507 0.0470707 0.0055521 0.0004597 3.22e-05 4e-07 0 0 0 0 0 0 0 0 0 0 
1 0.950249 0.820506 0.554586 0.228447 0.0481194 0.0054903 0.0003176 6.2e-06 1e-07 0 0 0 0 0 0 0 0 0 0 
1 0.949748 0.818921 0.551289 0.225547 0.0467374 0.0056855 0.0004798 1.57e-05 1e-07 0 0 0 0 0 0 0 0 0 0 
1 0.949557 0.818154 0.549891 0.223837 0.0455035 0.0047077 0.0002792 1.23e-05 1e-07 0 0 0 0 0 0 0 0 0 0 
1 0.949766 0.818565 0.549686 0.221977 0.0453474 0.0055037 0.0005517 5.19e-05 1.2e-06 0 0 0 0 0 0 0 0 0 0 
1 0.949526 0.817799 0.548798 0.222628 0.0464663 0.0057341 0.0005853 4.81e-05 1.4e-06 0 0 0 0 0 0 0 0 0 0 
1 0.949542 0.817449 0.547726 0.220982 0.0447254 0.0051283 0.000451 2.53e-05 4e-07 0 0 0 0 0 0 0 0 0 0 
1 0.949616 0.818066 0.549583 0.223605 0.045931 0.0050174 0.0002885 2.7e-06 0 0 0 0 0 0 0 0 0 0 0 
1 0.950353 0.820549 0.554435 0.228662 0.0490277 0.0063296 0.0006216 4.75e-05 2.4e-06 0 0 0 0 0 0 0 0 0 0 
1 0.950498 0.821057 0.55485 0.22682 0.0455657 0.0044243 0.0002719 1.49e-05 0 0 0 0 0 0 0 0 0 0 0 
1 0.949387 0.817205 0.54721 0.220555 0.0450844 0.0057672 0.0007132 6.88e-05 1.9e-06 0 0 0 0 0 0 0 0 0 0 
1 0.948621 0.815249 0.544043 0.218173 0.0445573 0.0059053 0.0009675 0.0003255 0.0001432 3.56e-05 2.6e-06 0 0 0 0 0 0 0 0 
1 0.949697 0.8186 0.550489 0.224091 0.0459116 0.0051757 0.0003593 1.08e-05 0 0 0 0 0 0 0 0 0 0 0 
1 0.950145 0.819954 0.553641 0.229102 0.0498399 0.0061924 0.0004663 1.58e-05 1e-07 0 0 0 0 0 0 0 0 0 0 
1 0.949148 0.817011 0.547172 0.221828 0.0468549 0.0064664 0.0008641 7.81e-05 2e-06 0 0 0 0 0 0 0 0 0 0 
1 0.949866 0.819506 0.55307 0.228655 0.0499115 0.0066981 0.0007939 0.0001099 1.49e-05 5e-07 0 0 0 0 0 0 0 0 0 
1 0.949741 0.81873 0.551011 0.226465 0.0488363 0.0066017 0.0009427 0.0001468 1.09e-05 2e-07 0 0 0 0 0 0 0 0 0 
1 0.94912 0.816165 0.54547 0.218893 0.0443236 0.0051217 0.0004225 1.58e-05 0 0 0 0 0 0 0 0 0 0 0 
1 0.950122 0.820002 0.553504 0.227928 0.0486726 0.0063664 0.0008153 0.0001403 1.72e-05 2e-07 0 0 0 0 0 0 0 0 0 
1 0.950302 0.820391 0.554825 0.230079 0.0499858 0.0066112 0.0006114 4.48e-05 3.2e-06 0 0 0 0 0 0 0 0 0 0 
1 0.950194 0.82025 0.554045 0.228718 0.0486988 0.0058805 0.0004855 3.41e-05 4e-07 0 0 0 0 0 0 0 0 0 0 
1 0.950035 0.819775 0.553008 0.227672 0.0485118 0.0058659 0.0005181 3.2e-05 9e-07 0 0 0 0 0 0 0 0 0 0 
1 0.950212 0.819946 0.553125 0.227633 0.0487252 0.0060886 0.0005782 4.75e-05 1.2e-06 0 0 0 0 0 0 0 0 0 0 
1 0.949557 0.8179 0.54885 0.22279 0.0462776 0.0057746 0.0006006 4.47e-05 5e-07 0 0 0 0 0 0 0 0 0 0 
1 0.949981 0.819405 0.552235 0.226668 0.0480628 0.0059563 0.0005206 2.07e-05 3e-07 0 0 0 0 0 0 0 0 0 0 
1 0.949902 0.819069 0.552245 0.227468 0.0490888 0.0065805 0.0006615 3.3e-05 5e-07 0 0 0 0 0 0 0 0 0 0 
1 0.949508 0.817818 0.549554 0.224556 0.0481488 0.006827 0.0008966 8.22e-05 2.9e-06 0 0 0 0 0 0 0 0 0 0 
1 0.950071 0.820113 0.554152 0.229146 0.0492246 0.0061453 0.0005743 6.49e-05 8.3e-06 0 0 0 0 0 0 0 0 0 0 
1 0.950286 0.820675 0.554784 0.228761 0.0485485 0.0061985 0.000727 7.19e-05 2.7e-06 0 0 0 0 0 0 0 0 0 0 
1 0.949221 0.816958 0.547494 0.222266 0.0466469 0.0055747 0.0004643 1.95e-05 0 0 0 0 0 0 0 0 0 0 0 
1 0.95018 0.820287 0.553728 0.227799 0.0479105 0.0059044 0.0005063 1.63e-05 0 0 0 0 0 0 0 0 0 0 0 
1 0.950925 0.822629 0.558443 0.232172 0.0509017 0.0069116 0.0007447 6.93e-05 9e-07 0 0 0 0 0 0 0 0 0 0 
1 0.949972 0.819118 0.552274 0.22706 0.0479508 0.0056732 0.0004629 2.19e-05 0 0 0 0 0 0 0 0 0 0 0 
1 0.949708 0.818459 0.549576 0.221928 0.0447232 0.0048871 0.0003606 1.59e-05 0 0 0 0 0 0 0 0 0 0 0 
1 0.950055 0.819948 0.553562 0.228519 0.0496808 0.0063916 0.0006316 4.62e-05 8e-07 0 0 0 0 0 0 0 0 0 0 
1 0.950293 0.820341 0.553698 0.227815 0.0494067 0.0065762 0.0006787 4.37e-05 1e-06 0 0 0 0 0 0 0 0 0 0 
1 0.949688 0.818596 0.550503 0.224966 0.0476698 0.0061108 0.0006074 4.77e-05 8e-07 0 0 0 0 0 0 0 0 0 0 
1 0.950961 0.822743 0.558727 0.232445 0.0497356 0.0061711 0.0007132 0.0001241 2.37e-05 2.4e-06 0 0 0 0 0 0 0 0 0 
1 0.949804 0.819068 0.551346 0.225201 0.0472703 0.0057312 0.0004754 2.38e-05 1e-06 0 0 0 0 0 0 0 0 0 0 
1 0.949902 0.818823 0.550601 0.223767 0.046149 0.0053975 0.000381 1.1e-05 1e-07 0 0 0 0 0 0 0 0 0 0 
1 0.949004 0.816302 0.545706 0.219323 0.0447875 0.0051251 0.0003203 4.9e-06 0 0 0 0 0 0 0 0 0 0 0 
1 0.94997 0.818956 0.551528 0.225836 0.048049 0.0057884 0.0004468 1.6e-05 0 0 0 0 0 0 0 0 0 0 0 
1 0.950341 0.820848 0.555134 0.229765 0.0497326 0.0065627 0.0006833 6.25e-05 2.5e-06 0 0 0 0 0 0 0 0 0 0 
1 0.95084 0.822269 0.55827 0.232408 0.0502191 0.0060676 0.0004299 9.8e-06 0 0 0 0 0 0 0 0 0 0 0 
1 0.949792 0.818882 0.550956 0.225597 0.0474588 0.0057448 0.0005966 5.05e-05 7e-07 0 0 0 0 0 0 0 0 0 0 
1 0.949291 0.817096 0.547564 0.222173 0.0461921 0.0053389 0.0003747 1.35e-05 0 0 0 0 0 0 0 0 0 0 0 
1 0.950294 0.82029 0.554067 0.22898 0.0491383 0.006032 0.000427 1.67e-05 4e-07 0 0 0 0 0 0 0 0 0 0 
1 0.950141 0.81999 0.553357 0.227626 0.0488935 0.0061484 0.000556 3.16e-05 2e-07 0 0 0 0 0 0 0 0 0 0 
1 0.949456 0.817697 0.54925 0.223628 0.0470209 0.0058719 0.0005165 2.42e-05 2e-07 0 0 0 0 0 0 0 0 0 0 
1 0.950239 0.820364 0.55353 0.227253 0.0478204 0.0056056 0.0005201 6.57e-05 8.1e-06 2e-07 0 0 0 0 0 0 0 0 0 
1 0.949949 0.819769 0.552682 0.226774 0.047483 0.0053904 0.0003521 6.6e-06 0 0 0 0 0 0 0 0 0 0 0 
1 0.950135 0.820067 0.553636 0.228277 0.0484791 0.0057504 0.0004242 1.92e-05 3e-07 0 0 0 0 0 0 0 0 0 0 
1 0.949589 0.818121 0.549355 0.22279 0.0458519 0.0051826 0.0003187 4.6e-06 0 0 0 0 0 0 0 0 0 0 0 
1 0.949534 0.818122 0.550204 0.225056 0.0475196 0.0056894 0.0004026 1.16e-05 0 0 0 0 0 0 0 0 0 0 0 
1 0.950173 0.819836 0.553243 0.227778 0.0496263 0.0065744 0.000641 3.05e-05 0 0 0 0 0 0 0 0 0 0 0 
1 0.9504 0.820863 0.554728 0.229007 0.0491503 0.0062303 0.0004726 7.7e-06 0 0 0 0 0 0 0 0 0 0 0 
1 0.950484 0.820962 0.555092 0.229259 0.0485666 0.0055276 0.0003711 1.42e-05 1e-07 0 0 0 0 0 0 0 0 0 0 
1 0.949902 0.819224 0.551069 0.2242 0.0456352 0.005099 0.000319 1.3e-05 1e-07 0 0 0 0 0 0 0 0 0 0 
1 0.950741 0.821951 0.557813 0.233524 0.0515769 0.0066864 0.0006404 3.57e-05 2e-07 0 0 0 0 0 0 0 0 0 0 
1 0.949841 0.819306 0.552385 0.228438 0.050589 0.0066105 0.0004864 7.8e-06 0 0 0 0 0 0 0 0 0 0 0 
1 0.949655 0.818309 0.550315 0.224907 0.0468986 0.0056094 0.0003666 1.15e-05 0 0 0 0 0 0 0 0 0 0 0 
1 0.950585 0.821732 0.556398 0.229848 0.0488591 0.0059428 0.0004618 1.63e-05 0 0 0 0 0 0 0 0 0 0 0 
1 0.949754 0.818658 0.550384 0.222799 0.0444442 0.0045577 0.0002395 2.3e-06 0 0 0 0 0 0 0 0 0 0 0 
1 0.949518 0.818183 0.55 0.224739 0.0477099 0.0060756 0.0005387 2.7e-05 1e-07 0 0 0 0 0 0 0 0 0 0 
1 0.95004 0.819684 0.552574 0.226609 0.0472872 0.0051685 0.0003347 1.9e-05 1e-07 0 0 0 0 0 0 0 0 0 0 
1 0.950029 0.819924 0.553092 0.227491 0.0483233 0.006436 0.0007956 7.31e-05 5.1e-06 0 0 0 0 0 0 0 0 0 0 
1 0.949107 0.816376 0.546015 0.220697 0.0456507 0.005492 0.0004201 1.1e-05 0 0 0 0 0 0 0 0 0 0 0 
1 0.949708 0.818549 0.550816 0.225255 0.0472167 0.0054508 0.0004385 1.78e-05 0 0 0 0 0 0 0 0 0 0 0 
1 0.949271 0.81718 0.547788 0.222277 0.0463637 0.0057868 0.0005931 3.12e-05 2e-07 0 0 0 0 0 0 0 0 0 0 
1 0.949944 0.819436 0.55179 0.225632 0.0466382 0.0052436 0.0003862 6.2e-06 0 0 0 0 0 0 0 0 0 0 0 
