1 0.699578 0.183826 0.0026477 0 0 0 0 0 0 0 0 0 0 0 0 0 0 0 0 
1 0.700145 0.184986 0.0027628 0 0 0 0 0 0 0 0 0 0 0 0 0 0 0 0 
1 0.699484 0.184167 0.0027062 1e-07 0 0 0 0 0 0 0 0 0 0 0 0 0 0 0 
1 0.700006 0.18455 0.0027167 4e-07 0 0 0 0 0 0 0 0 0 0 0 0 0 0 0 
1 0.699982 0.184903 0.0027251 0 0 0 0 0 0 0 0 0 0 0 0 0 0 0 0 
1 0.70061 0.185595 0.0027397 1e-07 0 0 0 0 0 0 0 0 0 0 0 0 0 0 0 
1 0.699572 0.184203 0.0026607 1e-07 0 0 0 0 0 0 0 0 0 0 0 0 0 0 0 
1 0.700283 0.184882 0.0027351 2e-07 0 0 0 0 0 0 0 0 0 0 0 0 0 0 0 
1 0.700185 0.18501 0.0027093 3e-07 0 0 0 0 0 0 0 0 0 0 0 0 0 0 0 
1 0.700072 0.184501 0.0026579 0 0 0 0 0 0 0 0 0 0 0 0 0 0 0 0 
1 0.700281 0.185259 0.0027777 2e-07 0 0 0 0 0 0 0 0 0 0 0 0 0 0 0 
1 0.7002 0.18493 0.0027092 4e-07 0 0 0 0 0 0 0 0 0 0 0 0 0 0 0 
1 0.699934 0.18487 0.0027279 5e-07 0 0 0 0 0 0 0 0 0 0 0 0 0 0 0 
1 0.700422 0.185556 0.00279 7e-07 0 0 0 0 0 0 0 0 0 0 0 0 0 0 0 
1 0.699664 0.184353 0.0026991 5e-07 0 0 0 0 0 0 0 0 0 0 0 0 0 0 0 
1 0.69975 0.183907 0.0026657 3e-07 0 0 0 0 0 0 0 0 0 0 0 0 0 0 0 
1 0.699959 0.184533 0.0027455 3e-07 0 0 0 0 0 0 0 0 0 0 0 0 0 0 0 
1 0.700322 0.185286 0.0027997 1e-07 0 0 0 0 0 0 0 0 0 0 0 0 0 0 0 
1 0.700175 0.184565 0.0027271 1e-07 0 0 0 0 0 0 0 0 0 0 0 0 0 0 0 
1 0.699812 0.184582 0.0026831 2e-07 0 0 0 0 0 0 0 0 0 0 0 0 0 0 0 
1 0.699681 0.184523 0.0027148 2e-07 0 0 0 0 0 0 0 0 0 0 0 0 0 0 0 
1 0.699892 0.184132 0.0027217 2e-07 0 0 0 0 0 0 0 0 0 0 0 0 0 0 0 
1 0.699826 0.184359 0.0026826 1e-07 0 0 0 0 0 0 0 0 0 0 0 0 0 0 0 
1 0.700228 0.184936 0.0027064 0 0 0 0 0 0 0 0 0 0 0 0 0 0 0 0 
1 0.700267 0.184752 0.0027307 9e-07 0 0 0 0 0 0 0 0 0 0 0 0 0 0 0 
1 0.700541 0.185345 0.0027688 0 0 0 0 0 0 0 0 0 0 0 0 0 0 0 0 
1 0.700557 0.184967 0.0027563 1e-07 0 0 0 0 0 0 0 0 0 0 0 0 0 0 0 
1 0.700017 0.184922 0.0027623 0 0 0 0 0 0 0 0 0 0 0 0 0 0 0 0 
1 0.70003 0.184727 0.0027203 2e-07 0 0 0 0 0 0 0 0 0 0 0 0 0 0 0 
1 0.70022 0.18482 0.0027003 0 0 0 0 0 0 0 0 0 0 0 0 0 0 0 0 
1 0.700381 0.18508 0.0027492 0 0 0 0 0 0 0 0 0 0 0 0 0 0 0 0 
1 0.699636 0.184121 0.0026517 0 0 0 0 0 0 0 0 0 0 0 0 0 0 0 0 
1 0.699734 0.18453 0.002728 3e-07 0 0 0 0 0 0 0 0 0 0 0 0 0 0 0 
1 0.699782 0.184242 0.00271 1e-07 0 0 0 0 0 0 0 0 0 0 0 0 0 0 0 
1 0.699916 0.184476 0.002687 0 0 0 0 0 0 0 0 0 0 0 0 0 0 0 0 
1 0.699693 0.184528 0.0027084 2e-07 0 0 0 0 0 0 0 0 0 0 0 0 0 0 0 
1 0.69966 0.184199 0.0026859 3e-07 0 0 0 0 0 0 0 0 0 0 0 0 0 0 0 
1 0.699658 0.184322 0.0026672 0 0 0 0 0 0 0 0 0 0 0 0 0 0 0 0 
1 0.699469 0.183868 0.0026764 0 0 0 0 0 0 0 0 0 0 0 0 0 0 0 0 
1 0.699765 0.184363 0.0026824 2e-07 0 0 0 0 0 0 0 0 0 0 0 0 0 0 0 
1 0.699955 0.184864 0.0027253 6e-07 0 0 0 0 0 0 0 0 0 0 0 0 0 0 0 
1 0.699373 0.183723 0.002664 4e-07 0 0 0 0 0 0 0 0 0 0 0 0 0 0 0 
1 0.69982 0.184336 0.0027475 3e-07 0 0 0 0 0 0 0 0 0 0 0 0 0 0 0 
1 0.7 0.184422 0.0027087 1e-07 0 0 0 0 0 0 0 0 0 0 0 0 0 0 0 
1 0.700378 0.185191 0.0027484 2e-07 0 0 0 0 0 0 0 0 0 0 0 0 0 0 0 
1 0.699867 0.184753 0.0027355 1e-07 0 0 0 0 0 0 0 0 0 0 0 0 0 0 0 
1 0.699509 0.183845 0.0027064 4e-07 0 0 0 0 0 0 0 0 0 0 0 0 0 0 0 
1 0.700177 0.184879 0.0027338 3e-07 0 0 0 0 0 0 0 0 0 0 0 0 0 0 0 
1 0.700407 0.185238 0.0027216 2e-07 0 0 0 0 0 0 0 0 0 0 0 0 0 0 0 
1 0.699745 0.184002 0.0026384 6e-07 0 0 0 0 0 0 0 0 0 0 0 0 0 0 0 
1 0.700079 0.18496 0.0027519 0 0 0 0 0 0 0 0 0 0 0 0 0 0 0 0 
1 0.700722 0.185563 0.002748 0 0 0 0 0 0 0 0 0 0 0 0 0 0 0 0 
1 0.699497 0.183893 0.0026324 2e-07 0 0 0 0 0 0 0 0 0 0 0 0 0 0 0 
1 0.70023 0.18521 0.0027204 5e-07 0 0 0 0 0 0 0 0 0 0 0 0 0 0 0 
1 0.699805 0.18404 0.0026764 6e-07 0 0 0 0 0 0 0 0 0 0 0 0 0 0 0 
1 0.699966 0.184299 0.0026621 1e-07 0 0 0 0 0 0 0 0 0 0 0 0 0 0 0 
1 0.699663 0.184291 0.0026977 1e-06 0 0 0 0 0 0 0 0 0 0 0 0 0 0 0 
1 0.699356 0.183926 0.0026562 6e-07 0 0 0 0 0 0 0 0 0 0 0 0 0 0 0 
1 0.700003 0.184613 0.0026954 5e-07 0 0 0 0 0 0 0 0 0 0 0 0 0 0 0 
1 0.699616 0.183877 0.0026635 4e-07 0 0 0 0 0 0 0 0 0 0 0 0 0 0 0 
1 0.699718 0.184363 0.0027518 3e-07 0 0 0 0 0 0 0 0 0 0 0 0 0 0 0 
1 0.6999 0.184309 0.0026907 7e-07 0 0 0 0 0 0 0 0 0 0 0 0 0 0 0 
1 0.700178 0.184758 0.002741 4e-07 0 0 0 0 0 0 0 0 0 0 0 0 0 0 0 
1 0.699746 0.184206 0.0026519 5e-07 0 0 0 0 0 0 0 0 0 0 0 0 0 0 0 
1 0.700683 0.185378 0.0027279 5e-07 0 0 0 0 0 0 0 0 0 0 0 0 0 0 0 
1 0.699899 0.184272 0.0026465 2e-07 0 0 0 0 0 0 0 0 0 0 0 0 0 0 0 
1 0.699451 0.183879 0.0026877 7e-07 0 0 0 0 0 0 0 0 0 0 0 0 0 0 0 
1 0.700329 0.18484 0.0027238 1e-07 0 0 0 0 0 0 0 0 0 0 0 0 0 0 0 
1 0.700061 0.18462 0.0026792 5e-07 0 0 0 0 0 0 0 0 0 0 0 0 0 0 0 
1 0.699518 0.184089 0.0027063 3e-07 0 0 0 0 0 0 0 0 0 0 0 0 0 0 0 
1 0.69995 0.184639 0.0027339 5e-07 0 0 0 0 0 0 0 0 0 0 0 0 0 0 0 
1 0.700021 0.184576 0.0026901 1e-07 0 0 0 0 0 0 0 0 0 0 0 0 0 0 0 
1 0.699695 0.184111 0.0027003 2e-07 0 0 0 0 0 0 0 0 0 0 0 0 0 0 0 
1 0.700605 0.185247 0.002722 0 0 0 0 0 0 0 0 0 0 0 0 0 0 0 0 
1 0.700058 0.184596 0.0027034 0 0 0 0 0 0 0 0 0 0 0 0 0 0 0 0 
1 0.699633 0.18415 0.0026488 0 0 0 0 0 0 0 0 0 0 0 0 0 0 0 0 
1 0.699846 0.184613 0.0027176 3e-07 0 0 0 0 0 0 0 0 0 0 0 0 0 0 0 
1 0.700172 0.184273 0.002665 0 0 0 0 0 0 0 0 0 0 0 0 0 0 0 0 
1 0.699732 0.184212 0.0026985 2e-07 0 0 0 0 0 0 0 0 0 0 0 0 0 0 0 
1 0.699482 0.183981 0.0026929 4e-07 0 0 0 0 0 0 0 0 0 0 0 0 0 0 0 
1 0.700148 0.184613 0.0027488 0 0 0 0 0 0 0 0 0 0 0 0 0 0 0 0 
1 0.700123 0.184848 0.0027788 5e-07 0 0 0 0 0 0 0 0 0 0 0 0 0 0 0 
1 0.700399 0.1853 0.002776 4e-07 0 0 0 0 0 0 0 0 0 0 0 0 0 0 0 
1 0.700531 0.185578 0.0027412 0 0 0 0 0 0 0 0 0 0 0 0 0 0 0 0 
1 0.700547 0.185593 0.002747 0 0 0 0 0 0 0 0 0 0 0 0 0 0 0 0 
1 0.700325 0.184972 0.0027271 4e-07 0 0 0 0 0 0 0 0 0 0 0 0 0 0 0 
1 0.700082 0.18461 0.0027303 2e-07 0 0 0 0 0 0 0 0 0 0 0 0 0 0 0 
1 0.700288 0.184869 0.0027102 1e-07 0 0 0 0 0 0 0 0 0 0 0 0 0 0 0 
1 0.699972 0.185015 0.0027448 2e-07 0 0 0 0 0 0 0 0 0 0 0 0 0 0 0 
1 0.700099 0.185214 0.0027371 2e-07 0 0 0 0 0 0 0 0 0 0 0 0 0 0 0 
1 0.700139 0.184634 0.0027275 5e-07 0 0 0 0 0 0 0 0 0 0 0 0 0 0 0 
1 0.700068 0.184371 0.0026934 6e-07 0 0 0 0 0 0 0 0 0 0 0 0 0 0 0 
1 0.69947 0.184217 0.002702 3e-07 0 0 0 0 0 0 0 0 0 0 0 0 0 0 0 
1 0.699559 0.184328 0.0026891 3e-07 0 0 0 0 0 0 0 0 0 0 0 0 0 0 0 
1 0.700433 0.185037 0.0027194 1e-07 0 0 0 0 0 0 0 0 0 0 0 0 0 0 0 
1 0.700093 0.18491 0.0027491 5e-07 0 0 0 0 0 0 0 0 0 0 0 0 0 0 0 
1 0.700183 0.184803 0.0027212 4e-07 0 0 0 0 0 0 0 0 0 0 0 0 0 0 0 
1 0.700573 0.1853 0.0027169 9e-07 0 0 0 0 0 0 0 0 0 0 0 0 0 0 0 
1 0.699968 0.184373 0.0027487 7e-07 0 0 0 0 0 0 0 0 0 0 0 0 0 0 0 
1 0.7008 0.185652 0.0027461 1e-07 0 0 0 0 0 0 0 0 0 0 0 0 0 0 0 
1 0.699909 0.184411 0.0026714 4e-07 0 0 0 0 0 0 0 0 0 0 0 0 0 0 0 
1 0.699939 0.1848 0.0026946 3e-07 0 0 0 0 0 0 0 0 0 0 0 0 0 0 0 
1 0.699768 0.184604 0.0026803 0 0 0 0 0 0 0 0 0 0 0 0 0 0 0 0 
1 0.699977 0.184516 0.0027405 3e-07 0 0 0 0 0 0 0 0 0 0 0 0 0 0 0 
1 0.700782 0.185642 0.0027249 1e-07 0 0 0 0 0 0 0 0 0 0 0 0 0 0 0 
1 0.700353 0.184947 0.0027686 0 0 0 0 0 0 0 0 0 0 0 0 0 0 0 0 
1 0.700019 0.184632 0.0027011 5e-07 0 0 0 0 0 0 0 0 0 0 0 0 0 0 0 
1 0.699923 0.184142 0.0026974 1.7e-06 0 0 0 0 0 0 0 0 0 0 0 0 0 0 0 
1 0.700789 0.185577 0.0028308 2e-07 0 0 0 0 0 0 0 0 0 0 0 0 0 0 0 
1 0.699756 0.184234 0.0026514 3e-07 0 0 0 0 0 0 0 0 0 0 0 0 0 0 0 
1 0.700152 0.184523 0.0027264 2e-07 0 0 0 0 0 0 0 0 0 0 0 0 0 0 0 
1 0.699579 0.184191 0.0026863 1e-07 0 0 0 0 0 0 0 0 0 0 0 0 0 0 0 
1 0.699567 0.184022 0.0026756 0 0 0 0 0 0 0 0 0 0 0 0 0 0 0 0 
1 0.70014 0.184946 0.0027497 2e-07 0 0 0 0 0 0 0 0 0 0 0 0 0 0 0 
1 0.700257 0.184756 0.0027591 0 0 0 0 0 0 0 0 0 0 0 0 0 0 0 0 
1 0.700168 0.184575 0.0026392 0 0 0 0 0 0 0 0 0 0 0 0 0 0 0 0 
1 0.700051 0.184818 0.002726 0 0 0 0 0 0 0 0 0 0 0 0 0 0 0 0 
1 0.69927 0.183488 0.0026885 0 0 0 0 0 0 0 0 0 0 0 0 0 0 0 0 
1 0.70015 0.185069 0.0027684 1e-07 0 0 0 0 0 0 0 0 0 0 0 0 0 0 0 
1 0.70057 0.185367 0.0027225 0 0 0 0 0 0 0 0 0 0 0 0 0 0 0 0 
1 0.700025 0.18446 0.0027308 0 0 0 0 0 0 0 0 0 0 0 0 0 0 0 0 
1 0.700396 0.185294 0.0026968 4e-07 0 0 0 0 0 0 0 0 0 0 0 0 0 0 0 
1 0.699773 0.184119 0.0026914 2e-07 0 0 0 0 0 0 0 0 0 0 0 0 0 0 0 
1 0.699948 0.184507 0.0027384 2e-07 0 0 0 0 0 0 0 0 0 0 0 0 0 0 0 
1 0.700272 0.184851 0.0027209 1e-07 0 0 0 0 0 0 0 0 0 0 0 0 0 0 0 
1 0.699593 0.184067 0.002651 0 0 0 0 0 0 0 0 0 0 0 0 0 0 0 0 
1 0.699984 0.183993 0.0026863 0 0 0 0 0 0 0 0 0 0 0 0 0 0 0 0 
1 0.700119 0.184904 0.0026984 2e-07 0 0 0 0 0 0 0 0 0 0 0 0 0 0 0 
1 0.699965 0.184244 0.0027671 0 0 0 0 0 0 0 0 0 0 0 0 0 0 0 0 
1 0.699629 0.184379 0.0027381 1e-07 0 0 0 0 0 0 0 0 0 0 0 0 0 0 0 
1 0.699521 0.183941 0.0026745 3e-07 0 0 0 0 0 0 0 0 0 0 0 0 0 0 0 
1 0.699772 0.184215 0.0027448 0 0 0 0 0 0 0 0 0 0 0 0 0 0 0 0 
1 0.700132 0.184665 0.002712 2e-07 0 0 0 0 0 0 0 0 0 0 0 0 0 0 0 
1 0.699997 0.184902 0.0027709 4e-07 0 0 0 0 0 0 0 0 0 0 0 0 0 0 0 
1 0.700206 0.184993 0.0027827 2e-07 0 0 0 0 0 0 0 0 0 0 0 0 0 0 0 
1 0.700652 0.18525 0.0027531 3e-07 0 0 0 0 0 0 0 0 0 0 0 0 0 0 0 
1 0.70013 0.184868 0.0027677 0 0 0 0 0 0 0 0 0 0 0 0 0 0 0 0 
1 0.699606 0.183989 0.0026248 4e-07 0 0 0 0 0 0 0 0 0 0 0 0 0 0 0 
1 0.700005 0.184853 0.0027532 7e-07 0 0 0 0 0 0 0 0 0 0 0 0 0 0 0 
1 0.69949 0.183756 0.0026989 2e-07 0 0 0 0 0 0 0 0 0 0 0 0 0 0 0 
1 0.700199 0.184982 0.0027802 3e-07 0 0 0 0 0 0 0 0 0 0 0 0 0 0 0 
1 0.700017 0.184624 0.0026882 6e-07 0 0 0 0 0 0 0 0 0 0 0 0 0 0 0 
1 0.700086 0.185026 0.0027187 0 0 0 0 0 0 0 0 0 0 0 0 0 0 0 0 
1 0.699815 0.184726 0.0027503 5e-07 0 0 0 0 0 0 0 0 0 0 0 0 0 0 0 
1 0.700397 0.185338 0.0027437 0 0 0 0 0 0 0 0 0 0 0 0 0 0 0 0 
1 0.700446 0.185003 0.0027392 4e-07 0 0 0 0 0 0 0 0 0 0 0 0 0 0 0 
1 0.700834 0.185519 0.0027902 2e-07 0 0 0 0 0 0 0 0 0 0 0 0 0 0 0 
1 0.700276 0.184997 0.0027591 4e-07 0 0 0 0 0 0 0 0 0 0 0 0 0 0 0 
1 0.700211 0.184836 0.0026998 1e-07 0 0 0 0 0 0 0 0 0 0 0 0 0 0 0 
1 0.700248 0.184928 0.0026858 1e-07 0 0 0 0 0 0 0 0 0 0 0 0 0 0 0 
1 0.700391 0.184992 0.0027433 4e-07 0 0 0 0 0 0 0 0 0 0 0 0 0 0 0 
1 0.69996 0.184628 0.0027839 2e-07 0 0 0 0 0 0 0 0 0 0 0 0 0 0 0 
1 0.700011 0.1847 0.0027278 6e-07 0 0 0 0 0 0 0 0 0 0 0 0 0 0 0 
1 0.700074 0.185063 0.0027358 5e-07 0 0 0 0 0 0 0 0 0 0 0 0 0 0 0 
1 0.699513 0.184409 0.0027008 4e-07 0 0 0 0 0 0 0 0 0 0 0 0 0 0 0 
1 0.700102 0.184968 0.0027267 6e-07 0 0 0 0 0 0 0 0 0 0 0 0 0 0 0 
1 0.700789 0.185202 0.0027394 4e-07 0 0 0 0 0 0 0 0 0 0 0 0 0 0 0 
1 0.700162 0.184978 0.0027634 2e-07 0 0 0 0 0 0 0 0 0 0 0 0 0 0 0 
1 0.700623 0.18538 0.0027511 0 0 0 0 0 0 0 0 0 0 0 0 0 0 0 0 
1 0.700375 0.18497 0.0027619 0 0 0 0 0 0 0 0 0 0 0 0 0 0 0 0 
1 0.699739 0.184673 0.002786 2e-07 0 0 0 0 0 0 0 0 0 0 0 0 0 0 0 
1 0.699662 0.184055 0.0026815 1e-07 0 0 0 0 0 0 0 0 0 0 0 0 0 0 0 
1 0.70029 0.185136 0.0028069 3e-07 0 0 0 0 0 0 0 0 0 0 0 0 0 0 0 
1 0.700053 0.184632 0.0027456 2e-07 0 0 0 0 0 0 0 0 0 0 0 0 0 0 0 
1 0.699687 0.184738 0.0027752 5e-07 0 0 0 0 0 0 0 0 0 0 0 0 0 0 0 
1 0.70018 0.184654 0.0027406 1e-07 0 0 0 0 0 0 0 0 0 0 0 0 0 0 0 
1 0.700131 0.184677 0.0027238 3e-07 0 0 0 0 0 0 0 0 0 0 0 0 0 0 0 
1 0.699544 0.184422 0.0027738 5e-07 0 0 0 0 0 0 0 0 0 0 0 0 0 0 0 
1 0.70041 0.185338 0.0027417 1e-07 0 0 0 0 0 0 0 0 0 0 0 0 0 0 0 
1 0.698843 0.183505 0.002582 2e-07 0 0 0 0 0 0 0 0 0 0 0 0 0 0 0 
1 0.700035 0.184604 0.0026842 1e-07 0 0 0 0 0 0 0 0 0 0 0 0 0 0 0 
1 0.700264 0.185123 0.0027403 2e-07 0 0 0 0 0 0 0 0 0 0 0 0 0 0 0 
1 0.700271 0.184914 0.0028067 2e-07 0 0 0 0 0 0 0 0 0 0 0 0 0 0 0 
1 0.700033 0.18468 0.0027696 8e-07 0 0 0 0 0 0 0 0 0 0 0 0 0 0 0 
1 0.69987 0.184556 0.0026606 0 0 0 0 0 0 0 0 0 0 0 0 0 0 0 0 
1 0.700103 0.184918 0.0027241 3e-07 0 0 0 0 0 0 0 0 0 0 0 0 0 0 0 
1 0.700153 0.18462 0.0026629 7e-07 0 0 0 0 0 0 0 0 0 0 0 0 0 0 0 
1 0.699406 0.183876 0.0027293 3e-07 0 0 0 0 0 0 0 0 0 0 0 0 0 0 0 
1 0.700015 0.184891 0.0027413 1e-07 0 0 0 0 0 0 0 0 0 0 0 0 0 0 0 
1 0.700133 0.185083 0.002741 2e-07 0 0 0 0 0 0 0 0 0 0 0 0 0 0 0 
1 0.699899 0.184501 0.0027246 0 0 0 0 0 0 0 0 0 0 0 0 0 0 0 0 
1 0.700328 0.184761 0.0027473 0 0 0 0 0 0 0 0 0 0 0 0 0 0 0 0 
1 0.699881 0.184477 0.0027025 0 0 0 0 0 0 0 0 0 0 0 0 0 0 0 0 
1 0.700154 0.184646 0.0026822 1e-07 0 0 0 0 0 0 0 0 0 0 0 0 0 0 0 
1 0.69982 0.184717 0.0026981 3e-07 0 0 0 0 0 0 0 0 0 0 0 0 0 0 0 
1 0.700155 0.185176 0.0027508 2e-07 0 0 0 0 0 0 0 0 0 0 0 0 0 0 0 
1 0.700722 0.185228 0.0027507 7e-07 0 0 0 0 0 0 0 0 0 0 0 0 0 0 0 
1 0.699992 0.18488 0.0027009 5e-07 0 0 0 0 0 0 0 0 0 0 0 0 0 0 0 
1 0.700448 0.184891 0.0027282 3e-07 0 0 0 0 0 0 0 0 0 0 0 0 0 0 0 
1 0.700506 0.18505 0.0027571 2e-07 0 0 0 0 0 0 0 0 0 0 0 0 0 0 0 
1 0.699768 0.184339 0.0027454 5e-07 0 0 0 0 0 0 0 0 0 0 0 0 0 0 0 
1 0.70044 0.185101 0.0027487 1e-07 0 0 0 0 0 0 0 0 0 0 0 0 0 0 0 
1 0.699982 0.184529 0.0027139 3e-07 0 0 0 0 0 0 0 0 0 0 0 0 0 0 0 
1 0.699702 0.183996 0.0027359 4e-07 0 0 0 0 0 0 0 0 0 0 0 0 0 0 0 
1 0.700116 0.184729 0.0026951 0 0 0 0 0 0 0 0 0 0 0 0 0 0 0 0 
1 0.701206 0.185908 0.0027832 1e-07 0 0 0 0 0 0 0 0 0 0 0 0 0 0 0 
1 0.700116 0.184759 0.0026922 4e-07 0 0 0 0 0 0 0 0 0 0 0 0 0 0 0 
1 0.700262 0.184891 0.0027527 2e-07 0 0 0 0 0 0 0 0 0 0 0 0 0 0 0 
1 0.700162 0.184897 0.0027524 0 0 0 0 0 0 0 0 0 0 0 0 0 0 0 0 
1 0.700181 0.184667 0.002703 1e-07 0 0 0 0 0 0 0 0 0 0 0 0 0 0 0 
1 0.699726 0.184488 0.0027558 6e-07 0 0 0 0 0 0 0 0 0 0 0 0 0 0 0 
1 0.700377 0.185317 0.0027503 3e-07 0 0 0 0 0 0 0 0 0 0 0 0 0 0 0 
1 0.699583 0.184101 0.0026939 3e-07 0 0 0 0 0 0 0 0 0 0 0 0 0 0 0 
1 0.700016 0.184786 0.0027235 1e-07 0 0 0 0 0 0 0 0 0 0 0 0 0 0 0 
1 0.700353 0.185024 0.0027447 0 0 0 0 0 0 0 0 0 0 0 0 0 0 0 0 
1 0.700226 0.185033 0.0027509 9e-07 0 0 0 0 0 0 0 0 0 0 0 0 0 0 0 
1 0.699945 0.184417 0.002721 5e-07 0 0 0 0 0 0 0 0 0 0 0 0 0 0 0 
1 0.69976 0.184382 0.0027085 0 0 0 0 0 0 0 0 0 0 0 0 0 0 0 0 
1 0.699996 0.184801 0.0027619 7e-07 0 0 0 0 0 0 0 0 0 0 0 0 0 0 0 
1 0.700571 0.185446 0.0027788 3e-07 0 0 0 0 0 0 0 0 0 0 0 0 0 0 0 
1 0.700027 0.184166 0.0026738 7e-07 0 0 0 0 0 0 0 0 0 0 0 0 0 0 0 
1 0.700546 0.185548 0.0027515 4e-07 0 0 0 0 0 0 0 0 0 0 0 0 0 0 0 
1 0.700418 0.185122 0.0027376 2e-07 0 0 0 0 0 0 0 0 0 0 0 0 0 0 0 
1 0.699322 0.18374 0.0026766 2e-07 0 0 0 0 0 0 0 0 0 0 0 0 0 0 0 
1 0.700144 0.18468 0.0027175 4e-07 0 0 0 0 0 0 0 0 0 0 0 0 0 0 0 
1 0.700333 0.185023 0.0027503 3e-07 0 0 0 0 0 0 0 0 0 0 0 0 0 0 0 
1 0.700918 0.186182 0.0027857 5e-07 0 0 0 0 0 0 0 0 0 0 0 0 0 0 0 
1 0.70064 0.185349 0.0028619 0 0 0 0 0 0 0 0 0 0 0 0 0 0 0 0 
1 0.700051 0.184617 0.0027228 1e-07 0 0 0 0 0 0 0 0 0 0 0 0 0 0 0 
1 0.699594 0.184218 0.0027183 4e-07 0 0 0 0 0 0 0 0 0 0 0 0 0 0 0 
1 0.699637 0.184491 0.0027276 0 0 0 0 0 0 0 0 0 0 0 0 0 0 0 0 
1 0.700155 0.184633 0.0026859 2e-07 0 0 0 0 0 0 0 0 0 0 0 0 0 0 0 
1 0.699951 0.1845 0.0027065 4e-07 0 0 0 0 0 0 0 0 0 0 0 0 0 0 0 
1 0.7002 0.184817 0.0027082 1e-07 0 0 0 0 0 0 0 0 0 0 0 0 0 0 0 
1 0.699708 0.184269 0.002672 6e-07 0 0 0 0 0 0 0 0 0 0 0 0 0 0 0 
1 0.700358 0.185186 0.0027373 1e-07 0 0 0 0 0 0 0 0 0 0 0 0 0 0 0 
1 0.700069 0.18456 0.0026736 0 0 0 0 0 0 0 0 0 0 0 0 0 0 0 0 
1 0.700382 0.185154 0.0027147 2e-07 0 0 0 0 0 0 0 0 0 0 0 0 0 0 0 
1 0.700395 0.185244 0.0027856 0 0 0 0 0 0 0 0 0 0 0 0 0 0 0 0 
1 0.699894 0.184393 0.0026956 2e-07 0 0 0 0 0 0 0 0 0 0 0 0 0 0 0 
1 0.700785 0.185557 0.0027894 8e-07 0 0 0 0 0 0 0 0 0 0 0 0 0 0 0 
1 0.700118 0.184476 0.0026528 2e-07 0 0 0 0 0 0 0 0 0 0 0 0 0 0 0 
1 0.700112 0.184847 0.0027848 1.1e-06 0 0 0 0 0 0 0 0 0 0 0 0 0 0 0 
1 0.699932 0.184325 0.0026786 1e-07 0 0 0 0 0 0 0 0 0 0 0 0 0 0 0 
1 0.700156 0.184906 0.0027256 2e-07 0 0 0 0 0 0 0 0 0 0 0 0 0 0 0 
1 0.699648 0.184379 0.0027175 3e-07 0 0 0 0 0 0 0 0 0 0 0 0 0 0 0 
1 0.699793 0.184059 0.0026909 3e-07 0 0 0 0 0 0 0 0 0 0 0 0 0 0 0 
1 0.700021 0.184501 0.0027765 1.4e-06 0 0 0 0 0 0 0 0 0 0 0 0 0 0 0 
1 0.699519 0.18399 0.0026993 1e-07 0 0 0 0 0 0 0 0 0 0 0 0 0 0 0 
1 0.700924 0.185651 0.0028304 5e-07 0 0 0 0 0 0 0 0 0 0 0 0 0 0 0 
