1 0.89974 0.605671 0.170778 0.0095078 0.0001059 1e-07 0 0 0 0 0 0 0 0 0 0 0 0 0 
1 0.899844 0.606843 0.172845 0.010147 0.0001389 0 0 0 0 0 0 0 0 0 0 0 0 0 0 
1 0.90036 0.608503 0.174144 0.0102314 0.0001516 2e-07 0 0 0 0 0 0 0 0 0 0 0 0 0 
1 0.90046 0.608522 0.174603 0.0104849 0.0001465 2e-07 0 0 0 0 0 0 0 0 0 0 0 0 0 
1 0.900219 0.6076 0.17307 0.0099732 0.0001466 0 0 0 0 0 0 0 0 0 0 0 0 0 0 
1 0.900451 0.608488 0.174558 0.010245 0.0001194 2e-07 0 0 0 0 0 0 0 0 0 0 0 0 0 
1 0.899878 0.606328 0.171527 0.0094858 0.0001148 0 0 0 0 0 0 0 0 0 0 0 0 0 0 
1 0.899998 0.607618 0.173939 0.0100968 0.0001115 3e-07 0 0 0 0 0 0 0 0 0 0 0 0 0 
1 0.900058 0.60719 0.172216 0.0094683 0.0001022 1e-06 0 0 0 0 0 0 0 0 0 0 0 0 0 
1 0.900082 0.607675 0.173835 0.0101315 0.0001575 8e-07 0 0 0 0 0 0 0 0 0 0 0 0 0 
1 0.900035 0.607213 0.172372 0.0098323 0.0001532 2.3e-06 0 0 0 0 0 0 0 0 0 0 0 0 0 
1 0.900481 0.608428 0.173899 0.0101444 0.0001424 1.1e-06 0 0 0 0 0 0 0 0 0 0 0 0 0 
1 0.900284 0.607917 0.173603 0.0103093 0.0001407 6e-07 0 0 0 0 0 0 0 0 0 0 0 0 0 
1 0.900364 0.608223 0.17358 0.010078 0.0001208 1e-06 0 0 0 0 0 0 0 0 0 0 0 0 0 
1 0.8995 0.605847 0.171789 0.0096519 0.0001038 2e-07 0 0 0 0 0 0 0 0 0 0 0 0 0 
1 0.899915 0.606625 0.17235 0.010102 0.0001294 0 0 0 0 0 0 0 0 0 0 0 0 0 0 
1 0.900073 0.607255 0.172524 0.0099255 0.0001742 3.8e-06 0 0 0 0 0 0 0 0 0 0 0 0 0 
1 0.899369 0.604672 0.170033 0.0095935 0.0001295 4e-07 0 0 0 0 0 0 0 0 0 0 0 0 0 
1 0.90006 0.607251 0.172853 0.0098596 0.0001117 0 0 0 0 0 0 0 0 0 0 0 0 0 0 
1 0.90021 0.608025 0.17341 0.0102075 0.0001614 1.3e-06 0 0 0 0 0 0 0 0 0 0 0 0 0 
1 0.900651 0.609119 0.174858 0.0100855 0.0001226 1e-07 0 0 0 0 0 0 0 0 0 0 0 0 0 
1 0.900134 0.607301 0.172787 0.0096296 7.72e-05 0 0 0 0 0 0 0 0 0 0 0 0 0 0 
1 0.900282 0.607949 0.173657 0.0103145 0.0001433 2e-07 0 0 0 0 0 0 0 0 0 0 0 0 0 
1 0.900371 0.608195 0.174059 0.0104062 0.0001424 8e-07 0 0 0 0 0 0 0 0 0 0 0 0 0 
1 0.90002 0.607344 0.172458 0.0097579 0.0001138 -6.93889e-18 0 0 0 0 0 0 0 0 0 0 0 0 0 
1 0.899811 0.606621 0.172442 0.0097861 9.6e-05 1e-07 0 0 0 0 0 0 0 0 0 0 0 0 0 
1 0.900427 0.608052 0.173056 0.0096417 0.0001013 0 0 0 0 0 0 0 0 0 0 0 0 0 0 
1 0.900739 0.609227 0.174533 0.0100818 0.0001215 2e-07 0 0 0 0 0 0 0 0 0 0 0 0 0 
1 0.900621 0.609095 0.174243 0.010149 0.00015 7e-07 0 0 0 0 0 0 0 0 0 0 0 0 0 
1 0.899805 0.605898 0.170538 0.0093283 0.0001333 4e-07 0 0 0 0 0 0 0 0 0 0 0 0 0 
1 0.899809 0.60657 0.172472 0.0100235 0.0001554 3e-07 0 0 0 0 0 0 0 0 0 0 0 0 0 
1 0.89967 0.605694 0.171534 0.0097795 0.0001233 0 0 0 0 0 0 0 0 0 0 0 0 0 0 
1 0.900083 0.607279 0.172321 0.0096547 9.44e-05 0 0 0 0 0 0 0 0 0 0 0 0 0 0 
1 0.900731 0.608886 0.173967 0.0099721 0.0001123 1e-07 0 0 0 0 0 0 0 0 0 0 0 0 0 
1 0.899821 0.606094 0.171397 0.0096091 0.0001174 1e-07 0 0 0 0 0 0 0 0 0 0 0 0 0 
1 0.89996 0.606702 0.173085 0.010177 0.0001791 5.5e-06 0 0 0 0 0 0 0 0 0 0 0 0 0 
1 0.900331 0.607549 0.17355 0.0104277 0.0001472 0 0 0 0 0 0 0 0 0 0 0 0 0 0 
1 0.900357 0.607916 0.173167 0.0097685 8.73e-05 1e-07 0 0 0 0 0 0 0 0 0 0 0 0 0 
1 0.899864 0.606922 0.172283 0.0098996 0.0001422 2.8e-06 0 0 0 0 0 0 0 0 0 0 0 0 0 
1 0.90052 0.608502 0.174188 0.0103359 0.0001567 1.6e-06 0 0 0 0 0 0 0 0 0 0 0 0 0 
1 0.899958 0.606706 0.172196 0.0098288 0.0001488 7.1e-06 0 0 0 0 0 0 0 0 0 0 0 0 0 
1 0.900215 0.608517 0.174358 0.0106228 0.0002009 1.5e-06 0 0 0 0 0 0 0 0 0 0 0 0 0 
1 0.899717 0.606409 0.17183 0.0097536 0.0001902 1.1e-06 0 0 0 0 0 0 0 0 0 0 0 0 0 
1 0.900045 0.607444 0.173751 0.010354 0.0001417 2e-07 0 0 0 0 0 0 0 0 0 0 0 0 0 
1 0.900268 0.607736 0.172923 0.0101136 0.000137 7e-07 0 0 0 0 0 0 0 0 0 0 0 0 0 
1 0.900266 0.607264 0.172587 0.0099978 0.00015 2e-07 0 0 0 0 0 0 0 0 0 0 0 0 0 
1 0.899853 0.605799 0.170709 0.0094124 0.000109 4e-07 0 0 0 0 0 0 0 0 0 0 0 0 0 
1 0.899604 0.605366 0.170666 0.0096294 0.0001317 -6.93889e-18 0 0 0 0 0 0 0 0 0 0 0 0 0 
1 0.900339 0.60815 0.173376 0.0098685 0.0001294 5e-07 0 0 0 0 0 0 0 0 0 0 0 0 0 
1 0.900761 0.609016 0.17403 0.0097601 0.000104 1e-07 0 0 0 0 0 0 0 0 0 0 0 0 0 
1 0.899737 0.606527 0.172326 0.0098321 0.0001271 5e-07 0 0 0 0 0 0 0 0 0 0 0 0 0 
1 0.89912 0.604444 0.170996 0.0096774 0.0001126 4e-07 0 0 0 0 0 0 0 0 0 0 0 0 0 
1 0.899811 0.606191 0.172059 0.0098618 0.0001215 1e-07 0 0 0 0 0 0 0 0 0 0 0 0 0 
1 0.899633 0.606215 0.171795 0.0096373 0.000109 0 0 0 0 0 0 0 0 0 0 0 0 0 0 
1 0.900003 0.60725 0.173088 0.0101302 0.0001743 4.5e-06 0 0 0 0 0 0 0 0 0 0 0 0 0 
1 0.900015 0.607126 0.173204 0.0101986 0.0001393 6e-07 0 0 0 0 0 0 0 0 0 0 0 0 0 
1 0.900298 0.607914 0.174746 0.0104106 0.0001035 1e-07 0 0 0 0 0 0 0 0 0 0 0 0 0 
1 0.900095 0.60723 0.173012 0.0099356 0.0001392 4e-07 0 0 0 0 0 0 0 0 0 0 0 0 0 
1 0.900433 0.608329 0.173968 0.0101047 0.0001194 1.2e-06 0 0 0 0 0 0 0 0 0 0 0 0 0 
1 0.899938 0.606564 0.171595 0.0096114 0.0001382 1.4e-06 0 0 0 0 0 0 0 0 0 0 0 0 0 
1 0.900077 0.607795 0.172748 0.0095219 9.24e-05 0 0 0 0 0 0 0 0 0 0 0 0 0 0 
1 0.900489 0.608553 0.174419 0.010274 0.0001316 3e-07 0 0 0 0 0 0 0 0 0 0 0 0 0 
1 0.90019 0.607394 0.171963 0.0095702 9.75e-05 1e-07 0 0 0 0 0 0 0 0 0 0 0 0 0 
1 0.900215 0.607764 0.172963 0.0098048 9.26e-05 0 0 0 0 0 0 0 0 0 0 0 0 0 0 
1 0.899248 0.604198 0.169212 0.008923 9.35e-05 4e-07 0 0 0 0 0 0 0 0 0 0 0 0 0 
1 0.899761 0.606424 0.172392 0.0098679 0.0001273 0 0 0 0 0 0 0 0 0 0 0 0 0 0 
1 0.899652 0.605878 0.171568 0.0097284 0.0001053 1e-07 0 0 0 0 0 0 0 0 0 0 0 0 0 
1 0.899948 0.607023 0.172215 0.0098714 0.0001447 2e-07 0 0 0 0 0 0 0 0 0 0 0 0 0 
1 0.899768 0.606415 0.172215 0.0098934 0.0001456 1e-07 0 0 0 0 0 0 0 0 0 0 0 0 0 
1 0.900123 0.606906 0.172628 0.0102678 0.0002286 5.8e-06 0 0 0 0 0 0 0 0 0 0 0 0 0 
1 0.9 0.606699 0.171309 0.0093707 0.0001197 7e-07 0 0 0 0 0 0 0 0 0 0 0 0 0 
1 0.900026 0.607326 0.173899 0.0106652 0.0002102 1.2e-06 0 0 0 0 0 0 0 0 0 0 0 0 0 
1 0.899355 0.605228 0.170985 0.0094854 9.15e-05 1e-07 0 0 0 0 0 0 0 0 0 0 0 0 0 
1 0.899166 0.604293 0.169136 0.0093414 0.0001123 1e-07 0 0 0 0 0 0 0 0 0 0 0 0 0 
1 0.899906 0.607225 0.172755 0.0098237 0.0001249 0 0 0 0 0 0 0 0 0 0 0 0 0 0 
1 0.900311 0.607683 0.173231 0.0102131 0.0001565 8e-07 0 0 0 0 0 0 0 0 0 0 0 0 0 
1 0.899922 0.606812 0.172117 0.0096219 0.0001081 1e-07 0 0 0 0 0 0 0 0 0 0 0 0 0 
1 0.899533 0.60506 0.169849 0.0092737 0.0001302 9e-07 0 0 0 0 0 0 0 0 0 0 0 0 0 
1 0.900357 0.608191 0.173814 0.0102155 0.0001336 9e-07 0 0 0 0 0 0 0 0 0 0 0 0 0 
1 0.899269 0.60483 0.170689 0.0097343 0.0001059 0 0 0 0 0 0 0 0 0 0 0 0 0 0 
1 0.900036 0.607067 0.173398 0.0100643 0.000124 0 0 0 0 0 0 0 0 0 0 0 0 0 0 
1 0.899627 0.606052 0.171496 0.009566 0.0001417 1.5e-06 0 0 0 0 0 0 0 0 0 0 0 0 0 
1 0.900572 0.608564 0.173651 0.0102658 0.0001668 7e-07 0 0 0 0 0 0 0 0 0 0 0 0 0 
1 0.899483 0.605616 0.171319 0.0095606 0.0001085 3e-07 0 0 0 0 0 0 0 0 0 0 0 0 0 
1 0.900116 0.607069 0.173093 0.0102114 0.0001822 2.6e-06 0 0 0 0 0 0 0 0 0 0 0 0 0 
1 0.899732 0.606101 0.170938 0.009522 0.0001132 3e-07 0 0 0 0 0 0 0 0 0 0 0 0 0 
1 0.899773 0.605725 0.171893 0.0097244 8.72e-05 0 0 0 0 0 0 0 0 0 0 0 0 0 0 
1 0.899569 0.605433 0.171207 0.0095287 7.7e-05 1e-07 0 0 0 0 0 0 0 0 0 0 0 0 0 
1 0.899276 0.604881 0.170535 0.0096232 0.0001479 1.2e-06 0 0 0 0 0 0 0 0 0 0 0 0 0 
1 0.899617 0.605292 0.171082 0.0098194 0.0001353 3e-07 0 0 0 0 0 0 0 0 0 0 0 0 0 
1 0.899434 0.605121 0.170306 0.0092345 0.0001145 1e-07 0 0 0 0 0 0 0 0 0 0 0 0 0 
1 0.900393 0.609137 0.175652 0.0105056 0.0001472 4e-07 0 0 0 0 0 0 0 0 0 0 0 0 0 
1 0.900674 0.608749 0.174308 0.0101714 0.0001467 1e-07 0 0 0 0 0 0 0 0 0 0 0 0 0 
1 0.900258 0.608146 0.17358 0.0100996 0.0001137 0 0 0 0 0 0 0 0 0 0 0 0 0 0 
1 0.900074 0.607322 0.172981 0.0100772 0.000163 7e-07 0 0 0 0 0 0 0 0 0 0 0 0 0 
1 0.900014 0.607291 0.173494 0.0100888 0.0001183 3e-07 0 0 0 0 0 0 0 0 0 0 0 0 0 
1 0.899678 0.606328 0.172098 0.0097893 0.0001453 4e-07 0 0 0 0 0 0 0 0 0 0 0 0 0 
1 0.899665 0.60641 0.172628 0.0102318 0.0001326 1e-07 0 0 0 0 0 0 0 0 0 0 0 0 0 
1 0.89971 0.605895 0.172086 0.0098716 0.00015 2e-07 0 0 0 0 0 0 0 0 0 0 0 0 0 
1 0.899177 0.604612 0.169461 0.0090904 0.0001102 3e-07 0 0 0 0 0 0 0 0 0 0 0 0 0 
1 0.899723 0.606057 0.171005 0.0094405 0.0001247 0 0 0 0 0 0 0 0 0 0 0 0 0 0 
1 0.899962 0.607542 0.172424 0.0095427 0.0001121 5e-07 0 0 0 0 0 0 0 0 0 0 0 0 0 
1 0.899903 0.606663 0.172912 0.0106312 0.0001909 6e-07 0 0 0 0 0 0 0 0 0 0 0 0 0 
1 0.900183 0.608234 0.174151 0.0103615 0.0001316 0 0 0 0 0 0 0 0 0 0 0 0 0 0 
1 0.899987 0.606719 0.171982 0.0100339 0.000128 2e-07 0 0 0 0 0 0 0 0 0 0 0 0 0 
1 0.899715 0.606191 0.171816 0.0095922 8.88e-05 1e-07 0 0 0 0 0 0 0 0 0 0 0 0 0 
1 0.900479 0.608622 0.173795 0.0100987 0.000134 2e-07 0 0 0 0 0 0 0 0 0 0 0 0 0 
1 0.899229 0.604545 0.170902 0.0098504 0.0001459 2.1e-06 0 0 0 0 0 0 0 0 0 0 0 0 0 
1 0.900499 0.6087 0.174798 0.0104124 0.0001349 3e-07 0 0 0 0 0 0 0 0 0 0 0 0 0 
1 0.89977 0.606251 0.172172 0.0100866 0.0001185 0 0 0 0 0 0 0 0 0 0 0 0 0 0 
1 0.900684 0.609444 0.176145 0.0106461 0.0001903 4.6e-06 0 0 0 0 0 0 0 0 0 0 0 0 0 
1 0.899809 0.606653 0.172973 0.0103891 0.0001712 5e-07 0 0 0 0 0 0 0 0 0 0 0 0 0 
1 0.89983 0.606902 0.172413 0.0098323 0.0001306 5e-07 0 0 0 0 0 0 0 0 0 0 0 0 0 
1 0.899896 0.606938 0.173031 0.0102218 0.0001369 0 0 0 0 0 0 0 0 0 0 0 0 0 0 
1 0.900336 0.608 0.173276 0.0101533 0.0001381 4e-07 0 0 0 0 0 0 0 0 0 0 0 0 0 
1 0.900094 0.607061 0.173203 0.0099834 0.0001209 4e-07 0 0 0 0 0 0 0 0 0 0 0 0 0 
1 0.900116 0.607981 0.174361 0.0103903 0.0001298 0 0 0 0 0 0 0 0 0 0 0 0 0 0 
1 0.90058 0.609123 0.174368 0.0099394 0.0001026 0 0 0 0 0 0 0 0 0 0 0 0 0 0 
1 0.899804 0.606425 0.171965 0.009857 0.0001688 9e-07 0 0 0 0 0 0 0 0 0 0 0 0 0 
1 0.899731 0.605794 0.171267 0.0096945 0.0002096 1.29e-05 0 0 0 0 0 0 0 0 0 0 0 0 0 
1 0.899793 0.605913 0.171223 0.0095625 9.15e-05 -6.93889e-18 0 0 0 0 0 0 0 0 0 0 0 0 0 
1 0.900374 0.608656 0.17457 0.0105052 0.0002178 1.6e-06 0 0 0 0 0 0 0 0 0 0 0 0 0 
1 0.899252 0.605032 0.170794 0.0095617 0.0001414 1.2e-06 0 0 0 0 0 0 0 0 0 0 0 0 0 
1 0.900252 0.608037 0.173452 0.0100985 0.000118 4e-07 0 0 0 0 0 0 0 0 0 0 0 0 0 
1 0.899571 0.605983 0.171965 0.0096792 8.82e-05 3e-07 0 0 0 0 0 0 0 0 0 0 0 0 0 
1 0.900163 0.607734 0.173274 0.00999 0.0001776 3.6e-06 0 0 0 0 0 0 0 0 0 0 0 0 0 
1 0.89926 0.604607 0.169401 0.0090093 9.13e-05 6e-07 0 0 0 0 0 0 0 0 0 0 0 0 0 
1 0.898836 0.603082 0.168357 0.0091036 0.0001125 5e-07 0 0 0 0 0 0 0 0 0 0 0 0 0 
1 0.900343 0.607758 0.173217 0.0100074 0.0001484 6e-07 0 0 0 0 0 0 0 0 0 0 0 0 0 
1 0.899998 0.606954 0.173316 0.0101304 0.0001272 1e-07 0 0 0 0 0 0 0 0 0 0 0 0 0 
1 0.900351 0.60768 0.173264 0.0096845 9.59e-05 2e-07 0 0 0 0 0 0 0 0 0 0 0 0 0 
1 0.899166 0.604028 0.169555 0.0094511 0.00013 1.1e-06 0 0 0 0 0 0 0 0 0 0 0 0 0 
1 0.900732 0.609224 0.174956 0.0102782 0.0001535 5.1e-06 0 0 0 0 0 0 0 0 0 0 0 0 0 
1 0.899145 0.604585 0.170223 0.0096226 0.0001219 5e-07 0 0 0 0 0 0 0 0 0 0 0 0 0 
1 0.89981 0.606525 0.172566 0.009713 0.0001344 5e-07 0 0 0 0 0 0 0 0 0 0 0 0 0 
1 0.899816 0.6064 0.171821 0.009556 0.000111 4e-07 0 0 0 0 0 0 0 0 0 0 0 0 0 
1 0.899286 0.604516 0.169451 0.0091582 0.0001087 2e-07 0 0 0 0 0 0 0 0 0 0 0 0 0 
1 0.899946 0.606282 0.172128 0.0099185 9.85e-05 0 0 0 0 0 0 0 0 0 0 0 0 0 0 
1 0.900359 0.608095 0.173818 0.0100404 0.0001104 0 0 0 0 0 0 0 0 0 0 0 0 0 0 
1 0.900242 0.607876 0.173773 0.010079 0.0001243 6e-07 0 0 0 0 0 0 0 0 0 0 0 0 0 
1 0.899573 0.605504 0.171507 0.0097105 0.0001207 1e-07 0 0 0 0 0 0 0 0 0 0 0 0 0 
1 0.900049 0.6078 0.173084 0.0100228 0.0001458 2e-07 0 0 0 0 0 0 0 0 0 0 0 0 0 
1 0.899491 0.605549 0.170814 0.0096545 0.0001152 1.2e-06 0 0 0 0 0 0 0 0 0 0 0 0 0 
1 0.900696 0.609442 0.174089 0.0095489 8.45e-05 0 0 0 0 0 0 0 0 0 0 0 0 0 0 
1 0.899697 0.605986 0.171618 0.0097987 0.0001055 4e-07 0 0 0 0 0 0 0 0 0 0 0 0 0 
1 0.899871 0.60665 0.171535 0.0096366 0.0001348 4e-07 0 0 0 0 0 0 0 0 0 0 0 0 0 
1 0.900288 0.60792 0.173717 0.0100662 0.0001117 1e-07 0 0 0 0 0 0 0 0 0 0 0 0 0 
1 0.900094 0.606876 0.172415 0.0096605 0.0001115 5e-07 0 0 0 0 0 0 0 0 0 0 0 0 0 
1 0.90063 0.60925 0.174748 0.0099809 0.000124 3.3e-06 0 0 0 0 0 0 0 0 0 0 0 0 0 
1 0.900326 0.608451 0.174619 0.0105104 0.0002264 4.7e-06 0 0 0 0 0 0 0 0 0 0 0 0 0 
1 0.899896 0.607028 0.172329 0.0097845 0.0001425 4e-07 0 0 0 0 0 0 0 0 0 0 0 0 0 
1 0.899609 0.605445 0.170641 0.0095844 9.48e-05 3e-07 0 0 0 0 0 0 0 0 0 0 0 0 0 
1 0.899331 0.604742 0.170364 0.0097762 0.0001247 8e-07 0 0 0 0 0 0 0 0 0 0 0 0 0 
1 0.900284 0.608009 0.173836 0.0102534 0.0001619 6e-07 0 0 0 0 0 0 0 0 0 0 0 0 0 
1 0.900443 0.608489 0.173315 0.0096942 9.82e-05 0 0 0 0 0 0 0 0 0 0 0 0 0 0 
1 0.899683 0.606451 0.172027 0.0099258 0.0001468 3e-07 0 0 0 0 0 0 0 0 0 0 0 0 0 
1 0.900013 0.606967 0.171764 0.0094039 7.07e-05 0 0 0 0 0 0 0 0 0 0 0 0 0 0 
1 0.899628 0.606354 0.172876 0.0103768 0.0001648 2e-07 0 0 0 0 0 0 0 0 0 0 0 0 0 
1 0.900231 0.60836 0.17386 0.0099691 0.0001206 3e-07 0 0 0 0 0 0 0 0 0 0 0 0 0 
1 0.899722 0.60677 0.17311 0.0102964 0.0002034 5.4e-06 0 0 0 0 0 0 0 0 0 0 0 0 0 
1 0.900877 0.610082 0.176038 0.0105004 0.0001242 1e-07 0 0 0 0 0 0 0 0 0 0 0 0 0 
1 0.900216 0.608153 0.174204 0.0103245 0.0001849 8e-07 0 0 0 0 0 0 0 0 0 0 0 0 0 
1 0.900325 0.608191 0.173382 0.0099299 0.0001071 1e-07 0 0 0 0 0 0 0 0 0 0 0 0 0 
1 0.899602 0.606194 0.17162 0.0097143 0.0001095 5e-07 0 0 0 0 0 0 0 0 0 0 0 0 0 
1 0.899315 0.605261 0.17081 0.0094502 0.0001263 2e-07 0 0 0 0 0 0 0 0 0 0 0 0 0 
1 0.899688 0.606116 0.171595 0.0098448 0.0001304 6e-07 0 0 0 0 0 0 0 0 0 0 0 0 0 
1 0.900318 0.608025 0.174092 0.0103062 0.0001374 2e-07 0 0 0 0 0 0 0 0 0 0 0 0 0 
1 0.9004 0.608212 0.174479 0.010278 0.0001279 0 0 0 0 0 0 0 0 0 0 0 0 0 0 
1 0.899717 0.606136 0.171577 0.0094939 9.21e-05 0 0 0 0 0 0 0 0 0 0 0 0 0 0 
1 0.899668 0.605686 0.171281 0.0100322 0.0001342 4e-07 0 0 0 0 0 0 0 0 0 0 0 0 0 
1 0.899556 0.60613 0.172242 0.009959 0.0001553 3e-07 0 0 0 0 0 0 0 0 0 0 0 0 0 
1 0.899677 0.606272 0.17216 0.0100564 0.0001409 6e-07 0 0 0 0 0 0 0 0 0 0 0 0 0 
1 0.899173 0.604615 0.170417 0.009865 0.0001442 3e-07 0 0 0 0 0 0 0 0 0 0 0 0 0 
1 0.900958 0.60984 0.174866 0.0102016 0.0001329 1e-07 0 0 0 0 0 0 0 0 0 0 0 0 0 
1 0.900091 0.607648 0.173574 0.0101569 0.0002074 4e-06 0 0 0 0 0 0 0 0 0 0 0 0 0 
1 0.900262 0.608075 0.174205 0.0103962 0.0001879 5.1e-06 0 0 0 0 0 0 0 0 0 0 0 0 0 
1 0.900786 0.610134 0.176052 0.0104112 0.0001233 4e-07 0 0 0 0 0 0 0 0 0 0 0 0 0 
1 0.899791 0.607322 0.172813 0.0098028 0.0001447 6e-07 0 0 0 0 0 0 0 0 0 0 0 0 0 
1 0.900573 0.608831 0.174648 0.0102596 0.000112 1e-07 0 0 0 0 0 0 0 0 0 0 0 0 0 
1 0.900149 0.607642 0.173077 0.0099377 0.0001708 1.4e-06 0 0 0 0 0 0 0 0 0 0 0 0 0 
1 0.899921 0.60667 0.172357 0.0097824 0.0001611 2.7e-06 0 0 0 0 0 0 0 0 0 0 0 0 0 
1 0.900436 0.608525 0.174505 0.0099808 0.0001209 3e-07 0 0 0 0 0 0 0 0 0 0 0 0 0 
1 0.899624 0.605806 0.171229 0.009732 0.000164 2.5e-06 0 0 0 0 0 0 0 0 0 0 0 0 0 
1 0.899601 0.605342 0.171009 0.0094413 0.0001055 1e-07 0 0 0 0 0 0 0 0 0 0 0 0 0 
1 0.900647 0.609133 0.174345 0.0098104 8.85e-05 0 0 0 0 0 0 0 0 0 0 0 0 0 0 
1 0.89975 0.606539 0.173328 0.0101955 0.0001688 5e-07 0 0 0 0 0 0 0 0 0 0 0 0 0 
1 0.900185 0.607599 0.173759 0.0101103 0.0001215 5e-07 0 0 0 0 0 0 0 0 0 0 0 0 0 
1 0.900653 0.609666 0.175311 0.0102616 0.0001212 0 0 0 0 0 0 0 0 0 0 0 0 0 0 
1 0.899439 0.605159 0.170525 0.0095995 0.0001512 1.8e-06 0 0 0 0 0 0 0 0 0 0 0 0 0 
1 0.90002 0.60701 0.17237 0.0100242 0.0001553 2.5e-06 0 0 0 0 0 0 0 0 0 0 0 0 0 
1 0.9003 0.608367 0.174546 0.0104081 0.000138 2e-07 0 0 0 0 0 0 0 0 0 0 0 0 0 
1 0.900188 0.607645 0.173097 0.0098203 0.0001207 4e-07 0 0 0 0 0 0 0 0 0 0 0 0 0 
1 0.900047 0.606927 0.17254 0.0097783 0.0001173 1e-07 0 0 0 0 0 0 0 0 0 0 0 0 0 
1 0.900262 0.607812 0.173522 0.0103351 0.0001654 8e-07 0 0 0 0 0 0 0 0 0 0 0 0 0 
1 0.898957 0.603381 0.168882 0.0092821 0.0001086 0 0 0 0 0 0 0 0 0 0 0 0 0 0 
1 0.899485 0.605293 0.170777 0.0095156 0.0001163 2e-07 0 0 0 0 0 0 0 0 0 0 0 0 0 
1 0.900092 0.607242 0.172427 0.0094608 8.42e-05 1e-07 0 0 0 0 0 0 0 0 0 0 0 0 0 
1 0.899044 0.604674 0.169681 0.0094264 0.0001104 3e-07 0 0 0 0 0 0 0 0 0 0 0 0 0 
1 0.9008 0.609744 0.174962 0.0100147 0.0001307 2e-07 0 0 0 0 0 0 0 0 0 0 0 0 0 
1 0.899144 0.604363 0.169392 0.0090993 9.68e-05 1e-07 0 0 0 0 0 0 0 0 0 0 0 0 0 
1 0.900013 0.606846 0.17204 0.0097019 0.0001079 0 0 0 0 0 0 0 0 0 0 0 0 0 0 
1 0.899728 0.606442 0.172053 0.0098831 0.000134 3e-07 0 0 0 0 0 0 0 0 0 0 0 0 0 
1 0.90066 0.609328 0.174249 0.0098458 0.0001057 0 0 0 0 0 0 0 0 0 0 0 0 0 0 
1 0.90002 0.607112 0.17313 0.0104402 0.0001759 4e-07 0 0 0 0 0 0 0 0 0 0 0 0 0 
1 0.899615 0.605846 0.17104 0.0094661 0.0001155 4e-07 0 0 0 0 0 0 0 0 0 0 0 0 0 
1 0.900405 0.608268 0.174327 0.0101534 0.0001515 1.3e-06 0 0 0 0 0 0 0 0 0 0 0 0 0 
1 0.899459 0.605485 0.17217 0.0100158 0.0001359 9e-07 0 0 0 0 0 0 0 0 0 0 0 0 0 
1 0.899634 0.605721 0.171226 0.009406 8.6e-05 0 0 0 0 0 0 0 0 0 0 0 0 0 0 
1 0.899471 0.605502 0.17159 0.0100972 0.0001513 6e-07 0 0 0 0 0 0 0 0 0 0 0 0 0 
1 0.898958 0.603926 0.16956 0.0093899 0.0001148 1e-07 0 0 0 0 0 0 0 0 0 0 0 0 0 
1 0.899453 0.605419 0.171419 0.0097161 0.0001618 1.5e-06 0 0 0 0 0 0 0 0 0 0 0 0 0 
1 0.900011 0.607218 0.172627 0.0098084 0.0001197 5e-07 0 0 0 0 0 0 0 0 0 0 0 0 0 
1 0.899652 0.605963 0.171702 0.0097421 9.44e-05 1e-07 0 0 0 0 0 0 0 0 0 0 0 0 0 
1 0.900026 0.606857 0.172759 0.0101223 0.0001636 1.8e-06 0 0 0 0 0 0 0 0 0 0 0 0 0 
1 0.900182 0.606864 0.172452 0.0097838 0.000126 4e-07 0 0 0 0 0 0 0 0 0 0 0 0 0 
1 0.899916 0.606975 0.172471 0.0096256 9.34e-05 0 0 0 0 0 0 0 0 0 0 0 0 0 0 
1 0.899557 0.605733 0.172145 0.0103324 0.0002139 5.3e-06 0 0 0 0 0 0 0 0 0 0 0 0 0 
1 0.899877 0.606651 0.172157 0.0096679 0.0001013 0 0 0 0 0 0 0 0 0 0 0 0 0 0 
1 0.899821 0.606888 0.17203 0.0097754 0.0001151 0 0 0 0 0 0 0 0 0 0 0 0 0 0 
1 0.899448 0.605854 0.1716 0.0098924 0.0001285 1e-07 0 0 0 0 0 0 0 0 0 0 0 0 0 
1 0.89996 0.606595 0.171935 0.0100115 0.0001866 4.4e-06 0 0 0 0 0 0 0 0 0 0 0 0 0 
1 0.899807 0.605958 0.171401 0.0099898 0.0001459 1.4e-06 0 0 0 0 0 0 0 0 0 0 0 0 0 
1 0.899942 0.607036 0.172205 0.0097033 0.0001151 6e-07 0 0 0 0 0 0 0 0 0 0 0 0 0 
1 0.90063 0.608685 0.173267 0.0095431 0.0001097 7e-07 0 0 0 0 0 0 0 0 0 0 0 0 0 
1 0.899951 0.607141 0.17372 0.0103774 0.0001942 2.2e-06 0 0 0 0 0 0 0 0 0 0 0 0 0 
1 0.899676 0.606093 0.172135 0.0100701 0.0001493 4e-07 0 0 0 0 0 0 0 0 0 0 0 0 0 
1 0.900606 0.609196 0.175195 0.0103149 0.0001326 0 0 0 0 0 0 0 0 0 0 0 0 0 0 
1 0.899949 0.607124 0.173133 0.0101345 0.0001475 0 0 0 0 0 0 0 0 0 0 0 0 0 0 
1 0.900018 0.606723 0.172184 0.0098474 0.000134 0 0 0 0 0 0 0 0 0 0 0 0 0 0 
1 0.900111 0.60757 0.173892 0.0103684 0.0001533 2e-07 0 0 0 0 0 0 0 0 0 0 0 0 0 
1 0.900171 0.607633 0.1733 0.0098564 0.0001076 7e-07 0 0 0 0 0 0 0 0 0 0 0 0 0 
1 0.899481 0.605026 0.170316 0.0096671 0.000177 9e-07 0 0 0 0 0 0 0 0 0 0 0 0 0 
1 0.900453 0.607688 0.172401 0.0095261 9.39e-05 0 0 0 0 0 0 0 0 0 0 0 0 0 0 
1 0.899171 0.604738 0.170351 0.0095023 0.0001361 6e-07 0 0 0 0 0 0 0 0 0 0 0 0 0 
1 0.899744 0.606438 0.172001 0.0096764 0.0001045 1e-07 0 0 0 0 0 0 0 0 0 0 0 0 0 
1 0.899659 0.605459 0.171042 0.0100227 0.0001378 3e-07 0 0 0 0 0 0 0 0 0 0 0 0 0 
1 0.900152 0.607614 0.173087 0.0098237 0.0001377 1.5e-06 0 0 0 0 0 0 0 0 0 0 0 0 0 
1 0.899762 0.606499 0.172283 0.0097098 8.4e-05 0 0 0 0 0 0 0 0 0 0 0 0 0 0 
1 0.899717 0.606195 0.17175 0.0097284 0.000171 3.6e-06 0 0 0 0 0 0 0 0 0 0 0 0 0 
1 0.900145 0.607301 0.173334 0.0102357 0.0001257 0 0 0 0 0 0 0 0 0 0 0 0 0 0 
1 0.899915 0.606686 0.171696 0.0095834 0.0001186 1e-07 0 0 0 0 0 0 0 0 0 0 0 0 0 
1 0.900422 0.608138 0.173948 0.0102197 0.0001211 2e-07 0 0 0 0 0 0 0 0 0 0 0 0 0 
1 0.899158 0.604221 0.170031 0.0098377 0.0001409 8e-07 0 0 0 0 0 0 0 0 0 0 0 0 0 
1 0.900266 0.6079 0.173344 0.0098238 0.0001084 5e-07 0 0 0 0 0 0 0 0 0 0 0 0 0 
1 0.899462 0.606108 0.172689 0.0105617 0.0001672 2.1e-06 0 0 0 0 0 0 0 0 0 0 0 0 0 
