1 0.950333 0.839524 0.688618 0.543029 0.423569 0.329016 0.255275 0.199008 0.155431 0.121242 0.094705 0.073866 0.057666 0.044723 0.034937 0.027252 0.021018 0.016324 0.012702 
1 0.950185 0.839732 0.688915 0.544256 0.423345 0.327481 0.253065 0.195618 0.151303 0.116813 0.090114 0.069341 0.053538 0.04136 0.032107 0.024855 0.019199 0.014916 0.011516 
1 0.94946 0.837636 0.685541 0.539455 0.418948 0.324443 0.251283 0.193773 0.149629 0.115279 0.088317 0.067102 0.051062 0.038875 0.029449 0.02233 0.016831 0.012841 0.009721 
1 0.949282 0.837262 0.684429 0.537775 0.417737 0.323008 0.249666 0.192755 0.149568 0.115958 0.089667 0.069713 0.054172 0.042077 0.032694 0.025594 0.019967 0.015682 0.012476 
1 0.949285 0.836693 0.68343 0.536337 0.415519 0.319606 0.245643 0.189677 0.146736 0.11366 0.087999 0.06818 0.052933 0.04076 0.031497 0.024174 0.018505 0.014267 0.011031 
1 0.950993 0.841978 0.692795 0.547689 0.427617 0.332673 0.258194 0.200203 0.155293 0.120728 0.093682 0.072587 0.056138 0.043418 0.033712 0.026169 0.020302 0.015874 0.012373 
1 0.950372 0.840069 0.689664 0.544691 0.423129 0.327936 0.254085 0.196555 0.151946 0.116877 0.08997 0.069289 0.053667 0.041392 0.032263 0.02513 0.019589 0.015424 0.01228 
1 0.949231 0.837107 0.684253 0.537375 0.416901 0.32269 0.249998 0.193688 0.150188 0.11657 0.090109 0.069522 0.053882 0.041688 0.032383 0.025236 0.019931 0.015615 0.01228 
1 0.950075 0.83938 0.689289 0.544656 0.424637 0.330121 0.256533 0.199511 0.155441 0.12118 0.094492 0.073671 0.057892 0.04543 0.035822 0.028272 0.022442 0.017742 0.014017 
1 0.950389 0.840697 0.690159 0.544362 0.424272 0.329001 0.254819 0.197822 0.15345 0.118833 0.09183 0.071069 0.054626 0.042113 0.032378 0.024811 0.018942 0.01459 0.011216 
1 0.950803 0.840886 0.691339 0.547285 0.42705 0.331975 0.25777 0.200382 0.155599 0.120728 0.0937 0.072639 0.056312 0.044012 0.034241 0.026861 0.021044 0.016398 0.012756 
1 0.949649 0.838046 0.686536 0.540485 0.420056 0.325903 0.252541 0.195429 0.150951 0.116933 0.09023 0.069738 0.053646 0.041232 0.031627 0.024064 0.018144 0.013659 0.010088 
1 0.949086 0.836444 0.683187 0.537229 0.416034 0.320485 0.24621 0.189223 0.14466 0.110793 0.08475 0.065112 0.04999 0.038073 0.028836 0.022116 0.016878 0.012741 0.009647 
1 0.949337 0.837699 0.685673 0.540905 0.421639 0.327862 0.255134 0.19893 0.15505 0.120215 0.093139 0.072113 0.055981 0.04338 0.033601 0.025816 0.01989 0.015411 0.011809 
1 0.949694 0.838624 0.688537 0.543797 0.424165 0.329481 0.25579 0.198692 0.154919 0.120808 0.09436 0.073865 0.0579 0.04531 0.03557 0.027911 0.021887 0.01714 0.013273 
1 0.950332 0.840108 0.689156 0.542843 0.421817 0.326407 0.251406 0.193175 0.148135 0.113599 0.087667 0.067562 0.051931 0.039983 0.030709 0.023517 0.018028 0.013875 0.010711 
1 0.95037 0.840414 0.690199 0.544522 0.424329 0.329776 0.256421 0.198908 0.154135 0.119391 0.092095 0.070944 0.054697 0.042076 0.032577 0.025266 0.019719 0.015441 0.012027 
1 0.949689 0.838384 0.686915 0.540213 0.418809 0.323359 0.249619 0.192925 0.149408 0.115756 0.089569 0.06894 0.053404 0.041087 0.031593 0.024313 0.018646 0.014381 0.011164 
1 0.950415 0.83957 0.688264 0.541744 0.420971 0.325784 0.251876 0.194166 0.14935 0.114239 0.08763 0.067325 0.051632 0.03962 0.030257 0.023217 0.017906 0.01353 0.01025 
1 0.949975 0.83943 0.687883 0.541905 0.421339 0.326762 0.251873 0.19429 0.149677 0.114962 0.088554 0.067727 0.051749 0.039549 0.030304 0.023221 0.017916 0.013873 0.010678 
1 0.950713 0.842018 0.69323 0.549734 0.43007 0.335263 0.260189 0.201519 0.155587 0.119527 0.091604 0.070228 0.053646 0.041161 0.031675 0.024463 0.018937 0.014641 0.011177 
1 0.950216 0.840255 0.689833 0.544512 0.424097 0.329817 0.256084 0.198391 0.153775 0.119074 0.092276 0.071539 0.055315 0.042324 0.032501 0.024939 0.019357 0.014886 0.01145 
1 0.950068 0.839381 0.687919 0.540704 0.419609 0.325057 0.251445 0.194313 0.150155 0.115514 0.088599 0.068381 0.052514 0.04029 0.030974 0.024011 0.018631 0.014351 0.011019 
1 0.949968 0.837748 0.684742 0.538443 0.417629 0.322814 0.248595 0.191955 0.147737 0.113443 0.087284 0.06724 0.051984 0.040247 0.030871 0.023461 0.017808 0.013447 0.010159 
1 0.949329 0.837408 0.685139 0.538471 0.41766 0.322378 0.249176 0.192383 0.148097 0.114197 0.088241 0.068179 0.052872 0.040919 0.031829 0.02468 0.019224 0.014929 0.011514 
1 0.94852 0.835297 0.681976 0.534801 0.413914 0.318709 0.244806 0.18802 0.144113 0.110694 0.085046 0.065283 0.04979 0.03809 0.028957 0.022078 0.016969 0.013036 0.010009 
1 0.94972 0.838555 0.687427 0.541455 0.420079 0.325575 0.251827 0.194635 0.150871 0.116605 0.089761 0.068942 0.052824 0.040095 0.030351 0.02295 0.017314 0.012972 0.009556 
1 0.949928 0.838431 0.686374 0.540411 0.419019 0.323359 0.249594 0.192595 0.148261 0.113881 0.087322 0.067433 0.05228 0.040472 0.031251 0.024295 0.018852 0.014622 0.011285 
1 0.94941 0.838046 0.686412 0.540151 0.419414 0.324453 0.251164 0.193995 0.150035 0.116075 0.089761 0.069682 0.054308 0.042425 0.033493 0.026342 0.02073 0.016298 0.012742 
1 0.950557 0.841017 0.690704 0.545553 0.424863 0.33009 0.255696 0.197915 0.153417 0.118825 0.092047 0.071638 0.055988 0.043952 0.034542 0.027015 0.020999 0.016295 0.01277 
1 0.949945 0.839121 0.687633 0.5423 0.422745 0.329063 0.255787 0.199484 0.1559 0.122128 0.09541 0.074658 0.058455 0.045927 0.036171 0.028354 0.022135 0.01715 0.013321 
1 0.950307 0.840982 0.689528 0.543368 0.421703 0.32542 0.25072 0.193039 0.14845 0.114343 0.087881 0.0674 0.052003 0.040473 0.031458 0.024436 0.018859 0.014645 0.011418 
1 0.950703 0.840289 0.688798 0.543337 0.422556 0.327992 0.254249 0.197035 0.152351 0.118065 0.091667 0.071162 0.054937 0.042315 0.032598 0.024851 0.019028 0.014348 0.010738 
1 0.950658 0.840855 0.690638 0.544941 0.424122 0.328876 0.254635 0.196672 0.152334 0.118091 0.091524 0.070893 0.055016 0.042753 0.033319 0.026119 0.020303 0.015908 0.012384 
1 0.949534 0.838545 0.687585 0.542528 0.42309 0.329008 0.255779 0.199792 0.156671 0.12302 0.096927 0.076469 0.060475 0.047969 0.038088 0.03008 0.023633 0.018574 0.014602 
1 0.949797 0.839152 0.686441 0.540273 0.418647 0.322155 0.247605 0.189892 0.145927 0.112298 0.086557 0.066705 0.051155 0.039269 0.029877 0.022783 0.017236 0.012901 0.009572 
1 0.949394 0.837989 0.686334 0.54069 0.420891 0.32654 0.253329 0.196173 0.151346 0.116646 0.090339 0.070181 0.054411 0.042249 0.032976 0.025836 0.020376 0.016021 0.012661 
1 0.949757 0.839303 0.687216 0.540687 0.419638 0.324771 0.250873 0.193913 0.150058 0.11605 0.089985 0.07001 0.054606 0.042582 0.033176 0.025966 0.020221 0.015622 0.011933 
1 0.949643 0.838249 0.686892 0.541431 0.420468 0.324711 0.250148 0.192331 0.148115 0.114006 0.087825 0.067421 0.05166 0.039575 0.030335 0.023346 0.018203 0.014325 0.011146 
1 0.949916 0.838636 0.686641 0.540452 0.419584 0.324787 0.252137 0.195396 0.151341 0.117454 0.091357 0.071154 0.055281 0.042866 0.03298 0.025099 0.019085 0.014618 0.011162 
1 0.949842 0.839252 0.688914 0.542622 0.422127 0.32638 0.253197 0.196392 0.152121 0.11798 0.09169 0.071057 0.055344 0.043207 0.033801 0.026586 0.020859 0.016438 0.013026 
1 0.949839 0.838507 0.687604 0.542128 0.421779 0.327052 0.253701 0.196973 0.153577 0.11983 0.093317 0.072813 0.057067 0.044876 0.035286 0.02778 0.021882 0.01732 0.013745 
1 0.950186 0.84035 0.690541 0.545012 0.424111 0.32908 0.254551 0.19684 0.152407 0.118049 0.091286 0.070426 0.054485 0.042217 0.032995 0.025748 0.020308 0.016026 0.012617 
1 0.949435 0.837439 0.684657 0.537277 0.415621 0.320676 0.246703 0.189509 0.145477 0.111261 0.084994 0.064799 0.049204 0.037507 0.028333 0.021469 0.016121 0.012131 0.009184 
1 0.950194 0.84023 0.691062 0.547662 0.42858 0.333706 0.259429 0.202209 0.157694 0.123131 0.09609 0.075044 0.058282 0.045327 0.035071 0.027174 0.0211 0.016344 0.012705 
1 0.950491 0.841111 0.692554 0.548731 0.429338 0.334413 0.260361 0.202367 0.157635 0.1225 0.095298 0.073935 0.057172 0.044433 0.03466 0.027211 0.021407 0.016821 0.013016 
1 0.950414 0.839611 0.689342 0.544808 0.424275 0.329165 0.25465 0.196467 0.151333 0.116646 0.089364 0.068431 0.051921 0.039719 0.030605 0.023485 0.018119 0.014058 0.010619 
1 0.949891 0.839105 0.686624 0.539717 0.417917 0.323909 0.250415 0.19375 0.15013 0.116328 0.090276 0.069846 0.053644 0.041276 0.031739 0.024297 0.01851 0.014058 0.010551 
1 0.949742 0.838328 0.686383 0.53976 0.418848 0.323741 0.249782 0.192245 0.148095 0.113874 0.086981 0.066442 0.050644 0.03885 0.02962 0.022422 0.016718 0.012543 0.009485 
1 0.950908 0.840835 0.690485 0.544435 0.42361 0.328978 0.255258 0.198373 0.153569 0.119198 0.092567 0.071837 0.055755 0.043324 0.033718 0.02631 0.020511 0.016117 0.012662 
1 0.950807 0.842008 0.692545 0.548214 0.427746 0.332012 0.25732 0.199013 0.154173 0.119336 0.092481 0.071757 0.055923 0.04337 0.033491 0.025899 0.020157 0.01558 0.012168 
1 0.950137 0.840424 0.690297 0.545106 0.424707 0.328615 0.254155 0.196697 0.152496 0.117838 0.091208 0.070722 0.054795 0.042575 0.03302 0.025727 0.020141 0.015783 0.012399 
1 0.950144 0.840249 0.690459 0.545325 0.4256 0.331574 0.258212 0.200988 0.156386 0.121799 0.09462 0.073245 0.056583 0.043427 0.033324 0.025485 0.019499 0.014872 0.011347 
1 0.950027 0.839374 0.688535 0.542236 0.421846 0.326814 0.253216 0.195297 0.150645 0.116227 0.089602 0.068889 0.053069 0.040939 0.031742 0.024571 0.019159 0.014956 0.011739 
1 0.950035 0.839227 0.687783 0.541098 0.419885 0.324334 0.250849 0.194133 0.149842 0.115942 0.089504 0.069222 0.053621 0.041566 0.032194 0.024981 0.019303 0.014991 0.011564 
1 0.949604 0.838539 0.687223 0.541169 0.420633 0.325154 0.25157 0.194613 0.150774 0.117043 0.090793 0.070523 0.054868 0.042496 0.032932 0.025441 0.019792 0.015321 0.011953 
1 0.950151 0.840369 0.689521 0.545051 0.425281 0.330527 0.257173 0.199394 0.154614 0.119874 0.09302 0.072438 0.056398 0.044319 0.034907 0.027572 0.021723 0.017024 0.01313 
1 0.950318 0.840576 0.690957 0.546359 0.427014 0.331885 0.257309 0.199143 0.15404 0.119138 0.091971 0.070703 0.054629 0.042195 0.032416 0.024896 0.018979 0.01465 0.011175 
1 0.950303 0.839928 0.68976 0.544466 0.423308 0.327338 0.252946 0.195417 0.151173 0.116921 0.090566 0.070484 0.054628 0.042245 0.032718 0.025219 0.019371 0.014895 0.011526 
1 0.950171 0.837962 0.685327 0.538709 0.418082 0.323518 0.250016 0.193127 0.149138 0.11529 0.089454 0.069733 0.054455 0.042607 0.033409 0.025975 0.020258 0.015713 0.012155 
1 0.950481 0.841214 0.691974 0.547092 0.427006 0.331818 0.257341 0.198939 0.153326 0.118151 0.09109 0.070842 0.055259 0.043152 0.033964 0.026835 0.021222 0.016822 0.013369 
1 0.949156 0.837675 0.684937 0.537955 0.417746 0.32284 0.248867 0.191314 0.146733 0.112808 0.086904 0.067396 0.052085 0.040013 0.030612 0.023576 0.01813 0.013907 0.010621 
1 0.950404 0.840548 0.689852 0.545315 0.425515 0.330328 0.255994 0.198465 0.153357 0.118547 0.091852 0.071309 0.055119 0.04245 0.032747 0.025056 0.019137 0.014688 0.011276 
1 0.949677 0.839057 0.68932 0.544995 0.424982 0.330298 0.256334 0.19891 0.154595 0.120242 0.093432 0.072852 0.056668 0.044252 0.034516 0.027219 0.021517 0.017063 0.013451 
1 0.949175 0.837031 0.684257 0.537731 0.417599 0.322591 0.248288 0.191888 0.148231 0.114534 0.088232 0.067834 0.052185 0.040309 0.031055 0.023876 0.018354 0.014096 0.010692 
1 0.949058 0.837498 0.686283 0.540587 0.419817 0.32442 0.250504 0.193102 0.149449 0.115456 0.089289 0.069122 0.053584 0.041634 0.032216 0.024875 0.018986 0.014588 0.011196 
1 0.949677 0.838275 0.686232 0.54105 0.421177 0.327512 0.254272 0.197299 0.153367 0.119061 0.092333 0.071347 0.055056 0.04285 0.032988 0.025325 0.019367 0.014753 0.011302 
1 0.950333 0.840335 0.688964 0.543239 0.42255 0.327214 0.253108 0.195932 0.151823 0.117432 0.091124 0.070444 0.054114 0.041409 0.031663 0.024061 0.018297 0.013756 0.010286 
1 0.950212 0.840854 0.690678 0.54526 0.42435 0.328471 0.254569 0.197511 0.153038 0.118505 0.091663 0.070774 0.05445 0.041722 0.03196 0.024432 0.018787 0.014417 0.011008 
1 0.949818 0.838972 0.688156 0.543178 0.423946 0.329773 0.256422 0.199309 0.155155 0.12082 0.094352 0.073369 0.057031 0.04424 0.034275 0.026739 0.020768 0.015915 0.01211 
1 0.950313 0.841214 0.689919 0.544515 0.424927 0.330261 0.256334 0.198732 0.15345 0.118918 0.092239 0.071865 0.056124 0.044125 0.035008 0.027951 0.022469 0.018144 0.014597 
1 0.949661 0.838434 0.687256 0.540765 0.41964 0.324089 0.250116 0.193981 0.150567 0.116878 0.090759 0.070752 0.055022 0.042591 0.032936 0.025501 0.019911 0.015658 0.012372 
1 0.950463 0.840117 0.690537 0.547346 0.428239 0.334064 0.260192 0.202403 0.157106 0.122191 0.095308 0.074153 0.057447 0.044612 0.034916 0.027153 0.021134 0.016654 0.013021 
1 0.950124 0.839928 0.689229 0.54426 0.423037 0.327372 0.252601 0.194293 0.149042 0.114246 0.086834 0.065809 0.050032 0.038009 0.028936 0.022008 0.016631 0.012651 0.009399 
1 0.950708 0.840065 0.690933 0.545827 0.425945 0.331066 0.256917 0.199646 0.155201 0.121033 0.094707 0.074652 0.058873 0.046726 0.037058 0.029437 0.023404 0.01865 0.0147 
1 0.950386 0.84105 0.691106 0.545661 0.42453 0.328974 0.254873 0.197566 0.153159 0.11826 0.09141 0.070626 0.054652 0.042062 0.03253 0.025087 0.01935 0.014742 0.011222 
1 0.949934 0.839633 0.689054 0.543639 0.422963 0.328199 0.25386 0.196683 0.152266 0.117918 0.091237 0.070878 0.055315 0.043448 0.034365 0.027244 0.021689 0.017182 0.013499 
1 0.949834 0.83861 0.68835 0.543067 0.422963 0.327853 0.254877 0.19811 0.153758 0.119695 0.093298 0.072451 0.056292 0.043808 0.034129 0.02652 0.020578 0.015946 0.01219 
1 0.951069 0.842301 0.693382 0.548918 0.429708 0.335335 0.261259 0.204321 0.159913 0.124463 0.09674 0.075578 0.05897 0.045722 0.035171 0.026902 0.020693 0.015927 0.012185 
1 0.950144 0.839635 0.687558 0.5408 0.419305 0.324254 0.250702 0.194063 0.149946 0.116326 0.090148 0.069576 0.053658 0.041352 0.031759 0.024356 0.018788 0.014478 0.011076 
1 0.94994 0.839507 0.689244 0.544053 0.425228 0.331203 0.257781 0.200489 0.156065 0.121758 0.095016 0.074588 0.058499 0.046107 0.036204 0.028392 0.022252 0.017281 0.01333 
1 0.951293 0.842259 0.692688 0.547681 0.427073 0.331199 0.256453 0.198845 0.154223 0.119352 0.092142 0.071163 0.054798 0.041975 0.032135 0.024314 0.018554 0.014217 0.010813 
1 0.949837 0.838259 0.685608 0.539104 0.417985 0.321958 0.247439 0.190314 0.14687 0.113389 0.087767 0.068198 0.052962 0.040828 0.031418 0.023925 0.018187 0.013917 0.010724 
1 0.95019 0.838814 0.687313 0.541075 0.419842 0.324117 0.249698 0.192142 0.148045 0.114772 0.08863 0.068189 0.052419 0.040281 0.030781 0.023367 0.017704 0.013315 0.010099 
1 0.950254 0.839908 0.6896 0.543751 0.423121 0.327985 0.253798 0.196297 0.151755 0.117073 0.090587 0.070484 0.054884 0.042828 0.033381 0.025666 0.019573 0.014965 0.011437 
1 0.949449 0.837744 0.686075 0.539443 0.417853 0.32158 0.246636 0.189645 0.145559 0.111636 0.085643 0.065408 0.04971 0.037908 0.028936 0.022219 0.017107 0.013249 0.010371 
1 0.950291 0.839462 0.688584 0.542967 0.421767 0.326423 0.252621 0.196219 0.152726 0.118596 0.092144 0.071432 0.055472 0.043235 0.033348 0.026045 0.020361 0.015974 0.012413 
1 0.950309 0.840336 0.689721 0.544036 0.424142 0.328671 0.255017 0.197727 0.15323 0.119005 0.092505 0.071738 0.055631 0.043236 0.033376 0.025831 0.020155 0.015718 0.012273 
1 0.949374 0.836027 0.682148 0.533969 0.411574 0.3163 0.242539 0.186283 0.142879 0.109262 0.083415 0.063702 0.048628 0.037224 0.028363 0.021807 0.016823 0.013011 0.010113 
1 0.949896 0.83926 0.687851 0.542147 0.422407 0.327593 0.253484 0.196252 0.151728 0.117422 0.091066 0.070863 0.055058 0.042743 0.033252 0.026048 0.020251 0.016043 0.01271 
1 0.949849 0.839152 0.687874 0.541606 0.42095 0.326271 0.252951 0.196139 0.152126 0.118169 0.091383 0.070604 0.054455 0.042362 0.033133 0.025944 0.020301 0.015863 0.012289 
1 0.949766 0.838405 0.687292 0.541643 0.421038 0.327156 0.25389 0.197221 0.153534 0.119833 0.093431 0.073188 0.05724 0.044878 0.035028 0.027264 0.021096 0.016506 0.012868 
1 0.950217 0.840191 0.690678 0.546974 0.426583 0.331454 0.257187 0.199083 0.153971 0.119041 0.092283 0.071487 0.055215 0.04279 0.033392 0.026415 0.021069 0.016719 0.013307 
1 0.950033 0.838172 0.686275 0.540098 0.419776 0.325464 0.251989 0.194982 0.151317 0.117373 0.091613 0.071424 0.055909 0.043591 0.034163 0.026807 0.021045 0.016736 0.013436 
1 0.949433 0.837784 0.686276 0.540775 0.419572 0.324977 0.251443 0.194321 0.149935 0.115755 0.088827 0.067601 0.051336 0.039035 0.029496 0.022281 0.016972 0.012871 0.009742 
1 0.950256 0.840145 0.689635 0.543615 0.422842 0.327162 0.253201 0.195554 0.151423 0.117111 0.090527 0.069809 0.053674 0.041319 0.031721 0.024494 0.018824 0.014453 0.011297 
1 0.949729 0.837779 0.685652 0.53969 0.419508 0.324427 0.251333 0.194465 0.150374 0.11613 0.08952 0.069307 0.053563 0.04107 0.031327 0.023792 0.018291 0.014118 0.01094 
1 0.950866 0.842205 0.693172 0.549482 0.429524 0.333592 0.258653 0.201061 0.155672 0.120229 0.092971 0.071641 0.055282 0.042638 0.033023 0.025349 0.019529 0.014992 0.011558 
1 0.950554 0.841308 0.692607 0.549365 0.430022 0.335829 0.262386 0.204617 0.159575 0.124397 0.097204 0.07611 0.059749 0.047136 0.037358 0.029621 0.023665 0.0189 0.014967 
1 0.949692 0.838128 0.686006 0.540161 0.418998 0.323285 0.248922 0.192176 0.148248 0.114302 0.088027 0.067752 0.052326 0.04051 0.031492 0.024552 0.019104 0.014785 0.011476 
1 0.949953 0.840543 0.689235 0.544171 0.423803 0.329422 0.256423 0.198819 0.154098 0.119195 0.091933 0.071087 0.055129 0.042511 0.032847 0.025443 0.019718 0.015227 0.011897 
1 0.950646 0.84096 0.69117 0.547436 0.428315 0.334331 0.260834 0.203229 0.158168 0.122957 0.095626 0.074067 0.056821 0.043734 0.033649 0.025796 0.019819 0.015206 0.011714 
1 0.950079 0.839088 0.686968 0.540033 0.418524 0.32338 0.248781 0.191271 0.14718 0.113255 0.087258 0.067039 0.051359 0.039443 0.030053 0.022679 0.017156 0.012943 0.009793 
1 0.95068 0.840207 0.688583 0.543399 0.422674 0.32737 0.253255 0.196776 0.152768 0.118059 0.091677 0.071327 0.055261 0.042709 0.032566 0.024929 0.018966 0.014452 0.010845 
1 0.949998 0.839033 0.688071 0.542759 0.422359 0.327284 0.253513 0.196292 0.152238 0.118034 0.091301 0.070573 0.054512 0.042185 0.03276 0.025203 0.019562 0.01523 0.011843 
1 0.950124 0.840199 0.689646 0.545283 0.425004 0.330394 0.256553 0.198558 0.154398 0.120102 0.093198 0.072537 0.056569 0.043838 0.033996 0.026345 0.020316 0.01569 0.011904 
1 0.950242 0.840889 0.690953 0.54628 0.42616 0.33167 0.257453 0.199582 0.155175 0.120702 0.094092 0.073326 0.057279 0.04446 0.034668 0.02686 0.02085 0.016027 0.012434 
1 0.95119 0.842043 0.693371 0.549358 0.429407 0.334235 0.260479 0.203634 0.159167 0.124716 0.098253 0.07718 0.060673 0.047847 0.037981 0.030397 0.024239 0.019464 0.015712 
1 0.949347 0.838711 0.68711 0.540807 0.419791 0.324249 0.249754 0.191843 0.147298 0.112784 0.085871 0.065514 0.049747 0.037558 0.028268 0.021373 0.016256 0.012483 0.009646 
1 0.949805 0.838306 0.686147 0.540715 0.420569 0.325936 0.253284 0.196992 0.15346 0.11938 0.092354 0.071405 0.055102 0.042485 0.032612 0.024946 0.019108 0.01465 0.011129 
1 0.949181 0.83639 0.682646 0.533794 0.4109 0.314665 0.240519 0.18371 0.140037 0.106346 0.080833 0.061662 0.046948 0.035779 0.027366 0.020844 0.015897 0.01198 0.009098 
1 0.949669 0.836806 0.683831 0.53677 0.416436 0.322812 0.249936 0.193257 0.14997 0.116473 0.090304 0.070187 0.054869 0.042925 0.03347 0.026359 0.0209 0.016605 0.013228 
1 0.949768 0.838567 0.687787 0.542816 0.422574 0.327783 0.253699 0.196459 0.152314 0.117831 0.091489 0.070905 0.05538 0.043 0.033352 0.025828 0.020019 0.015482 0.011904 
1 0.950489 0.841057 0.691175 0.547353 0.427413 0.331405 0.25626 0.198388 0.153632 0.118853 0.091646 0.07057 0.054499 0.042398 0.033 0.025744 0.020112 0.015666 0.012126 
1 0.94992 0.83929 0.688542 0.542667 0.421762 0.325936 0.251677 0.194941 0.151085 0.11738 0.090883 0.070223 0.053993 0.041099 0.031458 0.0242 0.018594 0.014325 0.011056 
1 0.950003 0.839108 0.686735 0.538879 0.417035 0.321746 0.247741 0.190507 0.146101 0.112419 0.086619 0.066872 0.051484 0.039525 0.030111 0.02306 0.017677 0.013619 0.010497 
1 0.949585 0.838519 0.688174 0.543082 0.422904 0.328844 0.255167 0.198549 0.154389 0.120404 0.094201 0.073717 0.057842 0.045504 0.035894 0.028235 0.022241 0.017707 0.014139 
1 0.949767 0.838764 0.687544 0.54192 0.421504 0.327911 0.254384 0.198226 0.154326 0.119762 0.092834 0.072532 0.056531 0.044273 0.03467 0.027172 0.021599 0.017304 0.013799 
1 0.950244 0.840397 0.689427 0.544372 0.423243 0.327618 0.253084 0.195652 0.150797 0.11631 0.089789 0.069212 0.053385 0.041336 0.032242 0.025168 0.019471 0.01511 0.0118 
1 0.950791 0.841709 0.693173 0.54939 0.429036 0.334725 0.261458 0.204468 0.159996 0.125072 0.098172 0.077009 0.060568 0.047584 0.037569 0.029641 0.023824 0.018912 0.015124 
1 0.950011 0.839248 0.687655 0.540794 0.419776 0.323631 0.248868 0.190875 0.14641 0.1123 0.086015 0.066248 0.050602 0.03869 0.029268 0.021973 0.016519 0.012498 0.0093 
1 0.949653 0.838352 0.685925 0.539427 0.41856 0.322991 0.248922 0.191798 0.148117 0.114611 0.088809 0.06878 0.053232 0.041061 0.032061 0.02502 0.019591 0.015366 0.01197 
1 0.949992 0.83975 0.689412 0.544105 0.423577 0.328575 0.254953 0.197601 0.153556 0.119844 0.093442 0.073178 0.057108 0.044555 0.034827 0.02722 0.021104 0.016405 0.012602 
1 0.950489 0.840114 0.690075 0.544107 0.423096 0.327987 0.253445 0.195296 0.150722 0.116466 0.089606 0.06846 0.052386 0.040061 0.030791 0.023603 0.018071 0.013939 0.010667 
1 0.949483 0.837754 0.686672 0.540878 0.421556 0.327453 0.254512 0.19775 0.153629 0.119419 0.093134 0.072851 0.056944 0.044386 0.034733 0.027041 0.021045 0.01615 0.012297 
1 0.949734 0.838152 0.686904 0.540831 0.420162 0.325557 0.252036 0.194938 0.150577 0.116215 0.089485 0.068978 0.052926 0.040787 0.031281 0.024261 0.018771 0.01446 0.011162 
1 0.950239 0.839727 0.689399 0.544335 0.424414 0.329866 0.255719 0.198145 0.153642 0.119303 0.092256 0.071131 0.054717 0.042152 0.032316 0.024897 0.019124 0.01481 0.011283 
1 0.949892 0.838481 0.687047 0.540845 0.420244 0.325608 0.251551 0.194105 0.149358 0.114675 0.087895 0.067425 0.051648 0.03944 0.030117 0.023088 0.017599 0.013399 0.010191 
1 0.949843 0.83948 0.688499 0.542185 0.420669 0.324912 0.250501 0.192888 0.148729 0.11505 0.08902 0.068935 0.053461 0.041322 0.032075 0.024941 0.019369 0.014875 0.011518 
1 0.949876 0.839967 0.689734 0.545434 0.425702 0.331734 0.25876 0.202015 0.158148 0.124045 0.097749 0.077312 0.061024 0.048113 0.037991 0.030151 0.023993 0.019323 0.015549 
1 0.949648 0.838159 0.686994 0.541349 0.420978 0.326451 0.252206 0.194603 0.149438 0.114851 0.087823 0.067056 0.051072 0.038891 0.029547 0.022543 0.017228 0.013146 0.009991 
1 0.949857 0.839049 0.68664 0.540758 0.420048 0.324739 0.250885 0.193894 0.150026 0.116025 0.089951 0.06948 0.053742 0.041426 0.031562 0.024101 0.018249 0.014006 0.010629 
1 0.949584 0.837839 0.686697 0.540291 0.419443 0.325041 0.252034 0.195643 0.152603 0.119248 0.093306 0.072711 0.057034 0.044533 0.03474 0.026806 0.02071 0.01588 0.012205 
1 0.950393 0.840037 0.689512 0.545637 0.425863 0.33177 0.257601 0.200158 0.15511 0.120438 0.093649 0.072732 0.05633 0.043779 0.034045 0.026549 0.020691 0.016172 0.012583 
1 0.94988 0.838481 0.686737 0.541877 0.421216 0.326137 0.252372 0.195627 0.151431 0.117132 0.090199 0.069177 0.053118 0.040539 0.031296 0.023923 0.018132 0.013727 0.010408 
1 0.950976 0.84303 0.695537 0.551888 0.431342 0.335393 0.260969 0.202825 0.157554 0.12234 0.094805 0.073538 0.057079 0.044151 0.03411 0.026425 0.020584 0.016016 0.012341 
1 0.950052 0.838986 0.686497 0.539896 0.418792 0.323268 0.248656 0.190757 0.146085 0.111587 0.085239 0.064887 0.04936 0.037643 0.028766 0.022319 0.017367 0.013623 0.010458 
1 0.949788 0.838609 0.686131 0.539205 0.418085 0.322058 0.248099 0.191607 0.148528 0.114233 0.088028 0.067745 0.052185 0.040188 0.031055 0.024133 0.018911 0.01477 0.011625 
1 0.950864 0.84232 0.693856 0.550165 0.429934 0.334753 0.259194 0.200688 0.154885 0.119126 0.091606 0.070508 0.054253 0.04165 0.03213 0.025225 0.019649 0.015273 0.011852 
1 0.949999 0.839042 0.687242 0.541246 0.420572 0.325164 0.250953 0.193575 0.148791 0.11367 0.087127 0.067164 0.051685 0.040031 0.031174 0.024054 0.018501 0.014315 0.011083 
1 0.950076 0.840321 0.689413 0.54448 0.424471 0.329206 0.255713 0.198386 0.15407 0.119781 0.093248 0.072006 0.055626 0.043024 0.033395 0.025822 0.019788 0.014949 0.011301 
1 0.950946 0.841348 0.692745 0.548576 0.429471 0.335438 0.261562 0.203841 0.158252 0.122691 0.095595 0.074689 0.058323 0.045898 0.036169 0.028529 0.022371 0.017579 0.013755 
1 0.949347 0.836882 0.684186 0.537272 0.41563 0.320408 0.247085 0.190492 0.146636 0.112207 0.085483 0.065245 0.049992 0.038312 0.029435 0.022635 0.017433 0.013341 0.010249 
1 0.950476 0.842 0.693003 0.549167 0.429679 0.334844 0.260201 0.202232 0.157644 0.123046 0.096238 0.075131 0.058714 0.045709 0.035653 0.027905 0.021772 0.016894 0.013187 
1 0.950204 0.839 0.686832 0.540443 0.41984 0.324554 0.250249 0.19265 0.147216 0.112411 0.085907 0.065602 0.049978 0.038429 0.02948 0.022415 0.016845 0.012701 0.009478 
1 0.949203 0.837153 0.684311 0.537838 0.417495 0.322924 0.249469 0.193301 0.149525 0.115723 0.089944 0.069771 0.054501 0.042408 0.033051 0.02578 0.020251 0.015861 0.012367 
1 0.949622 0.838155 0.685217 0.538672 0.417258 0.322025 0.247591 0.191114 0.147461 0.113624 0.087273 0.067132 0.051746 0.039662 0.030689 0.02388 0.018682 0.014539 0.011209 
1 0.949852 0.839282 0.687712 0.542713 0.422489 0.327929 0.255125 0.198047 0.153502 0.119012 0.092524 0.072129 0.056348 0.044025 0.034431 0.026915 0.02114 0.01649 0.012877 
1 0.950347 0.840082 0.689408 0.544079 0.42352 0.328743 0.254618 0.197833 0.153742 0.119406 0.092556 0.071665 0.055783 0.043452 0.033881 0.026415 0.020417 0.015711 0.011991 
1 0.949299 0.836994 0.683205 0.535405 0.41449 0.319365 0.245892 0.189193 0.145603 0.112077 0.085712 0.065347 0.049606 0.037696 0.028633 0.021829 0.016661 0.012691 0.009802 
1 0.949744 0.838904 0.686918 0.540451 0.419521 0.324284 0.250055 0.192972 0.148163 0.113732 0.087493 0.067379 0.051854 0.04003 0.030828 0.023819 0.018469 0.014355 0.011007 
1 0.949991 0.839128 0.68856 0.543078 0.422397 0.327851 0.254983 0.197974 0.153863 0.120331 0.094053 0.073397 0.05702 0.044314 0.034478 0.026738 0.020737 0.016058 0.012587 
1 0.949963 0.839129 0.686657 0.53941 0.418075 0.322902 0.248856 0.192042 0.14832 0.114639 0.088664 0.068533 0.05287 0.040687 0.031427 0.024459 0.01904 0.014894 0.011361 
1 0.949535 0.838432 0.686219 0.53926 0.417944 0.322235 0.248078 0.190562 0.146715 0.112902 0.087008 0.067399 0.052216 0.040413 0.031357 0.024353 0.018866 0.01481 0.011668 
1 0.950068 0.838993 0.686746 0.539056 0.418279 0.323906 0.250514 0.194526 0.15065 0.116962 0.090995 0.071172 0.05587 0.043911 0.034424 0.026914 0.021005 0.016555 0.013085 
1 0.950352 0.839694 0.68911 0.543654 0.422818 0.328151 0.253988 0.196474 0.152138 0.118195 0.091286 0.070229 0.054249 0.041712 0.03193 0.024374 0.018514 0.01392 0.010427 
1 0.950241 0.840009 0.688575 0.542769 0.422271 0.327191 0.25344 0.195735 0.151137 0.116353 0.089633 0.069091 0.053498 0.041534 0.032677 0.025696 0.020243 0.015921 0.012462 
1 0.949983 0.839003 0.688089 0.541543 0.421145 0.326079 0.252896 0.196553 0.153581 0.120175 0.094099 0.073742 0.057935 0.045584 0.035831 0.027827 0.02187 0.017129 0.013468 
1 0.948905 0.835865 0.682299 0.535241 0.41382 0.31915 0.246075 0.189465 0.145845 0.111955 0.085965 0.066111 0.050967 0.039176 0.030165 0.023292 0.017973 0.013938 0.01076 
1 0.950212 0.838896 0.687651 0.54067 0.419455 0.323895 0.250615 0.193136 0.149413 0.115313 0.088969 0.068309 0.052225 0.039904 0.030771 0.023734 0.018238 0.014073 0.010732 
1 0.95036 0.840569 0.689982 0.543751 0.422427 0.327411 0.253154 0.195309 0.151037 0.116564 0.090285 0.070219 0.054483 0.04254 0.03297 0.025592 0.019962 0.015612 0.012257 
1 0.949652 0.838334 0.687568 0.541739 0.422266 0.328114 0.255123 0.197961 0.153406 0.119727 0.093184 0.072686 0.05685 0.044553 0.034834 0.027197 0.021407 0.016755 0.01317 
1 0.950954 0.840982 0.691363 0.546189 0.425027 0.330259 0.256489 0.19931 0.155381 0.121002 0.094335 0.073325 0.05698 0.044487 0.034582 0.026926 0.020842 0.016034 0.012388 
1 0.949871 0.839345 0.688374 0.542528 0.422479 0.327398 0.253991 0.197055 0.152967 0.118477 0.091604 0.070794 0.05461 0.042046 0.03237 0.024824 0.01907 0.014524 0.011011 
1 0.949646 0.839252 0.688483 0.543678 0.423023 0.328358 0.254468 0.197587 0.15324 0.119123 0.092722 0.07186 0.055836 0.043571 0.033853 0.02645 0.020505 0.015985 0.012473 
1 0.949583 0.839201 0.687138 0.541343 0.421117 0.326876 0.252954 0.196394 0.152463 0.11807 0.091391 0.070536 0.054664 0.042271 0.03277 0.025171 0.019393 0.014918 0.011517 
1 0.950498 0.840329 0.690134 0.546322 0.426984 0.332752 0.259339 0.201847 0.156726 0.122157 0.095338 0.074498 0.058503 0.046208 0.036696 0.029077 0.023213 0.018508 0.014788 
1 0.949882 0.839791 0.688481 0.542649 0.421679 0.326268 0.252243 0.194925 0.150487 0.116155 0.089845 0.069348 0.053605 0.041291 0.031689 0.024477 0.018951 0.014657 0.011335 
1 0.950074 0.838458 0.686974 0.542148 0.422889 0.328652 0.254878 0.197817 0.153763 0.119149 0.092099 0.070977 0.054327 0.041421 0.031576 0.024031 0.018142 0.013662 0.010189 
1 0.950277 0.839301 0.688284 0.542288 0.422653 0.327557 0.253283 0.195454 0.151699 0.117717 0.091092 0.070445 0.054329 0.042099 0.032476 0.024844 0.018836 0.014219 0.01062 
1 0.950456 0.841572 0.691813 0.548035 0.428537 0.334252 0.259729 0.201994 0.157659 0.123464 0.096734 0.075441 0.058913 0.045868 0.035736 0.027581 0.021208 0.016192 0.012349 
1 0.950265 0.840446 0.688913 0.543384 0.422896 0.327718 0.254174 0.197236 0.153492 0.119999 0.093901 0.073548 0.057943 0.045627 0.03622 0.028887 0.02337 0.018788 0.015038 
1 0.949979 0.83986 0.68965 0.545127 0.425144 0.330327 0.255932 0.198002 0.153197 0.118544 0.091563 0.070731 0.054372 0.041726 0.03184 0.024405 0.018726 0.014187 0.010627 
1 0.949251 0.837614 0.685808 0.540193 0.419659 0.325143 0.250382 0.192745 0.148469 0.114642 0.088891 0.068922 0.053579 0.041618 0.032492 0.024977 0.01903 0.014411 0.010749 
1 0.950034 0.839538 0.689408 0.544048 0.42445 0.330409 0.256895 0.199946 0.155554 0.12146 0.095042 0.074128 0.057504 0.044573 0.034673 0.026981 0.021003 0.016534 0.01301 
1 0.949688 0.839082 0.689256 0.544726 0.424483 0.330524 0.257038 0.199795 0.155355 0.120792 0.094559 0.073678 0.057597 0.044974 0.034924 0.027053 0.020963 0.016304 0.012745 
1 0.949582 0.837329 0.685783 0.539819 0.41847 0.323333 0.249042 0.19064 0.146216 0.111561 0.085087 0.06478 0.049146 0.037073 0.027932 0.020882 0.015633 0.01168 0.00861 
1 0.949891 0.838854 0.687964 0.541179 0.419376 0.322545 0.24804 0.190398 0.145327 0.111078 0.084757 0.064811 0.049617 0.03801 0.029184 0.022362 0.017026 0.012887 0.009816 
1 0.949849 0.838917 0.687236 0.541869 0.422004 0.327175 0.253876 0.196967 0.153172 0.119759 0.093895 0.073705 0.057862 0.045617 0.035774 0.027871 0.021867 0.017024 0.013298 
1 0.94907 0.836545 0.683462 0.538103 0.417542 0.32194 0.247704 0.190969 0.147328 0.113585 0.087861 0.067679 0.052202 0.040239 0.031044 0.024072 0.018694 0.014546 0.011282 
1 0.950318 0.839146 0.68743 0.540699 0.419961 0.324999 0.250827 0.193327 0.148806 0.11434 0.08788 0.067717 0.052241 0.040123 0.030599 0.023318 0.017848 0.01354 0.010244 
1 0.949055 0.83653 0.683344 0.535553 0.413467 0.318215 0.24467 0.187875 0.144703 0.111529 0.086328 0.066607 0.051592 0.039817 0.030861 0.02382 0.018221 0.014061 0.010877 
1 0.949651 0.837568 0.684974 0.538641 0.41762 0.321986 0.247382 0.189443 0.144276 0.109954 0.083776 0.063882 0.048027 0.036188 0.027131 0.020482 0.015504 0.011682 0.008921 
1 0.949769 0.83844 0.686368 0.539312 0.41722 0.320588 0.246431 0.188991 0.144785 0.110653 0.084739 0.064834 0.049635 0.038264 0.029419 0.022833 0.01773 0.013885 0.010909 
1 0.94963 0.839009 0.687151 0.54164 0.421067 0.326046 0.251789 0.194706 0.150689 0.117305 0.091477 0.071323 0.055637 0.043338 0.033736 0.02608 0.020218 0.015634 0.012062 
1 0.949965 0.839909 0.688998 0.544145 0.423473 0.329388 0.255924 0.198576 0.154448 0.119833 0.092511 0.070962 0.053983 0.040973 0.031101 0.023566 0.017797 0.013219 0.009909 
1 0.950537 0.841287 0.690866 0.545501 0.424552 0.329546 0.255269 0.197818 0.153442 0.118844 0.092244 0.071434 0.055181 0.042505 0.032753 0.025137 0.019199 0.014572 0.011161 
1 0.949549 0.838704 0.68705 0.541035 0.420624 0.325701 0.252212 0.195196 0.151463 0.117651 0.091571 0.071574 0.056056 0.043632 0.033979 0.026302 0.020306 0.015606 0.012051 
1 0.949957 0.839746 0.687797 0.542074 0.421534 0.326875 0.252978 0.19569 0.151076 0.116408 0.08967 0.06879 0.052595 0.039845 0.030038 0.022581 0.01699 0.012895 0.009682 
1 0.949845 0.838821 0.687762 0.542294 0.421158 0.325398 0.252324 0.196061 0.152475 0.118375 0.09172 0.071144 0.055613 0.043675 0.034331 0.026923 0.021135 0.016465 0.012728 
1 0.949203 0.836636 0.684046 0.53763 0.41642 0.321357 0.248481 0.191882 0.148783 0.114856 0.088851 0.068807 0.053266 0.041369 0.032463 0.025489 0.02005 0.015519 0.012069 
1 0.949885 0.839422 0.688984 0.543745 0.424214 0.330397 0.25714 0.199916 0.155663 0.120885 0.093703 0.07265 0.056217 0.043428 0.033491 0.025566 0.019455 0.014845 0.011236 
1 0.949972 0.839824 0.689042 0.541989 0.42094 0.325589 0.250993 0.19325 0.149106 0.114809 0.088551 0.068408 0.052797 0.040766 0.031504 0.024089 0.018402 0.014333 0.011258 
1 0.950229 0.839569 0.688167 0.54339 0.424143 0.330049 0.256144 0.199005 0.154311 0.119706 0.093084 0.072017 0.05589 0.043275 0.033629 0.026037 0.020184 0.015672 0.012275 
1 0.950247 0.839657 0.687637 0.542948 0.42275 0.328112 0.254564 0.197749 0.153997 0.119899 0.093362 0.072785 0.056681 0.044128 0.034571 0.027164 0.021462 0.016947 0.013457 
1 0.949929 0.839103 0.688451 0.542829 0.422304 0.327888 0.254483 0.197002 0.152576 0.118335 0.092093 0.07182 0.056006 0.043714 0.033983 0.0262 0.020262 0.01574 0.012147 
1 0.949565 0.838367 0.686927 0.54175 0.422071 0.32796 0.254351 0.197767 0.153761 0.119298 0.092399 0.071603 0.055418 0.042769 0.032936 0.025423 0.019798 0.015329 0.011762 
1 0.949169 0.837531 0.685404 0.539592 0.418906 0.323885 0.25019 0.192604 0.148167 0.114036 0.08825 0.068087 0.052423 0.040343 0.031247 0.024099 0.018651 0.014324 0.011103 
1 0.949958 0.839691 0.688509 0.542634 0.421377 0.325961 0.252176 0.195211 0.151364 0.117288 0.090891 0.070372 0.054066 0.041785 0.032212 0.02505 0.019402 0.014702 0.011038 
1 0.95085 0.841454 0.690551 0.54416 0.422925 0.32772 0.25371 0.196343 0.15202 0.117377 0.090696 0.070155 0.054098 0.041957 0.032628 0.02543 0.020118 0.016061 0.013018 
1 0.950583 0.841268 0.691188 0.545841 0.425304 0.329309 0.254678 0.196561 0.151521 0.116971 0.090837 0.069991 0.054214 0.042151 0.032695 0.025552 0.019879 0.015623 0.01224 
1 0.94966 0.83851 0.686912 0.540873 0.420737 0.32698 0.25382 0.196802 0.152843 0.118633 0.092005 0.071105 0.054943 0.04243 0.032425 0.02488 0.019079 0.014517 0.010982 
1 0.949824 0.838338 0.686916 0.539973 0.418762 0.322732 0.24941 0.192925 0.148889 0.114873 0.088735 0.06839 0.052627 0.040476 0.030906 0.023655 0.018271 0.014107 0.01097 
1 0.94929 0.836126 0.683456 0.53672 0.415791 0.320872 0.246744 0.189875 0.145753 0.11128 0.085185 0.065135 0.050123 0.038587 0.029866 0.023208 0.018067 0.013996 0.010912 
1 0.949947 0.839176 0.687441 0.542378 0.421337 0.326036 0.252205 0.195736 0.151961 0.118183 0.091981 0.071661 0.056042 0.043904 0.034115 0.02665 0.02096 0.016581 0.013142 
1 0.949915 0.838718 0.6877 0.542368 0.423571 0.330013 0.256512 0.199423 0.155119 0.120864 0.095029 0.074537 0.058436 0.045614 0.035306 0.027494 0.021388 0.016516 0.012719 
1 0.950279 0.840711 0.691071 0.545232 0.425119 0.329759 0.255383 0.197956 0.152881 0.11784 0.09066 0.070063 0.054467 0.042253 0.032711 0.025509 0.019991 0.015658 0.01218 
1 0.949455 0.837904 0.685833 0.539927 0.419867 0.325442 0.251885 0.194703 0.150741 0.116584 0.090706 0.070835 0.055178 0.042935 0.033358 0.025918 0.020029 0.015501 0.011987 
1 0.949058 0.836709 0.683315 0.536847 0.416458 0.321925 0.248919 0.192397 0.148901 0.114919 0.08816 0.067926 0.052365 0.040401 0.031463 0.024473 0.018895 0.014697 0.011404 
1 0.949636 0.838842 0.688267 0.543076 0.422624 0.327904 0.254738 0.198161 0.153704 0.118768 0.091386 0.070308 0.054297 0.041584 0.031835 0.024479 0.018813 0.014424 0.011303 
1 0.950241 0.839868 0.688549 0.541531 0.419563 0.324606 0.250762 0.193711 0.149807 0.116135 0.089985 0.069797 0.054008 0.041639 0.032021 0.024383 0.018416 0.013795 0.010394 
1 0.949213 0.83796 0.686426 0.541662 0.421908 0.32715 0.253496 0.196188 0.152229 0.118234 0.091958 0.071348 0.055192 0.042589 0.032833 0.025377 0.019632 0.015097 0.011733 
1 0.949872 0.838305 0.686501 0.539244 0.418117 0.323348 0.250505 0.194458 0.151342 0.117208 0.090534 0.070118 0.05419 0.042146 0.032587 0.025132 0.019385 0.014961 0.011494 
1 0.949933 0.839434 0.687487 0.542304 0.422851 0.328243 0.254402 0.197621 0.153524 0.119297 0.092903 0.071987 0.055506 0.042954 0.033111 0.025456 0.019628 0.015156 0.011643 
1 0.950519 0.840961 0.690745 0.545343 0.423457 0.327236 0.253231 0.196149 0.151382 0.117026 0.090885 0.070539 0.05492 0.043058 0.033887 0.026616 0.020851 0.016538 0.013159 
1 0.950938 0.842119 0.692597 0.547997 0.427148 0.330675 0.25521 0.196362 0.150473 0.115299 0.088597 0.067987 0.052 0.039738 0.030832 0.023868 0.01838 0.014174 0.010808 
1 0.94973 0.839256 0.687803 0.541655 0.420866 0.325644 0.251481 0.194247 0.149974 0.116113 0.08997 0.069452 0.053393 0.04114 0.031754 0.024538 0.018716 0.014287 0.010745 
1 0.950333 0.839926 0.688043 0.541699 0.422052 0.328033 0.254811 0.19794 0.153617 0.118762 0.092014 0.071371 0.055341 0.043016 0.033416 0.026322 0.020608 0.01598 0.012371 
1 0.949454 0.838108 0.685303 0.537878 0.416171 0.32004 0.245532 0.188216 0.143767 0.109654 0.084116 0.064726 0.050049 0.03878 0.030277 0.023602 0.018353 0.014284 0.011181 
1 0.950203 0.839807 0.688226 0.543033 0.421762 0.327589 0.253728 0.196284 0.151499 0.116193 0.089072 0.068011 0.05188 0.03934 0.030028 0.022941 0.01744 0.013282 0.010052 
1 0.949645 0.837801 0.685883 0.539716 0.418186 0.323102 0.248873 0.191434 0.147103 0.113254 0.087247 0.0673 0.051831 0.039965 0.030675 0.023407 0.017809 0.013551 0.010431 
1 0.950038 0.839139 0.687083 0.541946 0.422766 0.328127 0.255231 0.198954 0.15481 0.120779 0.09434 0.073481 0.057237 0.044732 0.034692 0.026939 0.020724 0.015821 0.01199 
1 0.949666 0.838599 0.688099 0.542056 0.421123 0.325724 0.251536 0.194496 0.150209 0.116081 0.089408 0.068835 0.052724 0.040478 0.031042 0.02393 0.018443 0.014346 0.011075 
1 0.950076 0.840129 0.688892 0.544128 0.42429 0.329728 0.25581 0.198406 0.153433 0.118904 0.092212 0.071415 0.055542 0.042901 0.033396 0.02586 0.020111 0.015492 0.011978 
1 0.949722 0.838423 0.686832 0.541666 0.421346 0.327093 0.253761 0.196462 0.152104 0.118291 0.092126 0.071388 0.055527 0.042801 0.033055 0.025567 0.020093 0.015785 0.012299 
1 0.95001 0.839682 0.6899 0.54558 0.425634 0.331054 0.257635 0.200721 0.156471 0.121902 0.094896 0.073901 0.057978 0.045588 0.036059 0.028453 0.022339 0.017444 0.013659 
1 0.950472 0.839806 0.688303 0.543252 0.422993 0.328584 0.25497 0.197923 0.15298 0.118108 0.091344 0.070398 0.053997 0.041563 0.032089 0.024623 0.018853 0.014317 0.010941 
1 0.94984 0.837485 0.684558 0.538161 0.417734 0.32348 0.249556 0.192307 0.148081 0.113925 0.087586 0.067279 0.05152 0.039422 0.030332 0.023418 0.018159 0.014106 0.010977 
1 0.949948 0.839407 0.689363 0.544067 0.423161 0.327527 0.252796 0.194594 0.149968 0.115501 0.08933 0.06888 0.053143 0.041004 0.031664 0.024442 0.018948 0.014735 0.011559 
1 0.949748 0.837594 0.685045 0.538033 0.417848 0.323001 0.249463 0.192849 0.149049 0.114911 0.088756 0.06846 0.052809 0.040624 0.03107 0.023688 0.018079 0.013856 0.010672 
1 0.94952 0.837845 0.684924 0.538561 0.417471 0.322898 0.249463 0.192911 0.149168 0.114457 0.087819 0.067035 0.050997 0.038909 0.029905 0.023223 0.017982 0.013937 0.010826 
1 0.950347 0.840693 0.690842 0.54666 0.42673 0.331776 0.257202 0.19949 0.154787 0.119639 0.092416 0.071221 0.054721 0.041961 0.031865 0.024161 0.018354 0.013995 0.010706 
1 0.950149 0.838897 0.687698 0.541617 0.421444 0.327427 0.253753 0.195561 0.151109 0.116551 0.089855 0.069556 0.053906 0.041548 0.032162 0.024843 0.019227 0.014761 0.011418 
1 0.949536 0.83739 0.684879 0.539022 0.416996 0.322022 0.249074 0.192753 0.149738 0.116472 0.090932 0.071206 0.055602 0.043644 0.034227 0.026988 0.021168 0.016613 0.013014 
1 0.950314 0.841017 0.690885 0.545794 0.425382 0.330503 0.257147 0.199895 0.155135 0.12018 0.093077 0.071609 0.054702 0.04159 0.031491 0.02354 0.017693 0.013238 0.009969 
1 0.95073 0.841663 0.692032 0.546428 0.425865 0.33123 0.257593 0.200766 0.156375 0.121382 0.093832 0.072092 0.055664 0.042874 0.03298 0.025282 0.019323 0.014516 0.01088 
1 0.948702 0.836274 0.682977 0.535618 0.414621 0.318818 0.245036 0.188455 0.144804 0.111315 0.086023 0.066433 0.051237 0.039477 0.030612 0.023739 0.01841 0.014263 0.011129 
1 0.949989 0.840084 0.689819 0.545205 0.425479 0.329655 0.255275 0.197833 0.153305 0.118725 0.091733 0.070849 0.054668 0.042158 0.032553 0.02524 0.019666 0.015272 0.011922 
1 0.950005 0.839242 0.687844 0.542401 0.421756 0.326562 0.252751 0.195872 0.151834 0.118176 0.091935 0.071226 0.054921 0.04232 0.032611 0.025104 0.019238 0.014726 0.011296 
1 0.950851 0.841574 0.692606 0.54757 0.426076 0.330823 0.256654 0.198607 0.153051 0.118106 0.090767 0.069886 0.053574 0.040998 0.031275 0.023808 0.018257 0.014019 0.010747 
1 0.95056 0.840913 0.691121 0.546359 0.426718 0.331785 0.257512 0.200019 0.155684 0.121097 0.094017 0.073141 0.056602 0.043928 0.03397 0.026377 0.020365 0.015707 0.012187 
1 0.950021 0.839696 0.688547 0.543004 0.423042 0.327762 0.254134 0.197288 0.153398 0.119092 0.092417 0.07167 0.055568 0.042951 0.033052 0.025312 0.019304 0.014617 0.01117 
1 0.949588 0.838189 0.684546 0.537464 0.415285 0.320293 0.247076 0.190279 0.146043 0.112006 0.085624 0.065134 0.049429 0.0374 0.028388 0.021603 0.016228 0.012217 0.009215 
1 0.950013 0.839437 0.687469 0.541349 0.421261 0.326547 0.253176 0.196486 0.151917 0.117254 0.090469 0.069982 0.054143 0.042033 0.032681 0.025444 0.019688 0.015162 0.011615 
1 0.949691 0.838922 0.687664 0.541551 0.420796 0.326166 0.252454 0.194938 0.150657 0.116128 0.089722 0.069201 0.053318 0.041422 0.032254 0.025052 0.019521 0.015102 0.011693 
