1 0.949713 0.796535 0.505936 0.233456 0.0901915 0.0325583 0.0114923 0.00394325 0.0012735 0.000351 6.875e-05 1.675e-05 5e-06 2.5e-07 0 0 0 0 0 
1 0.950253 0.798737 0.509187 0.235815 0.0913295 0.0331068 0.0117063 0.00422925 0.00133475 0.0003345 4.525e-05 1.25e-06 0 0 0 0 0 0 0 
1 0.949729 0.796818 0.507083 0.235555 0.0937387 0.036146 0.0135678 0.00525325 0.00212175 0.00084725 0.000273 7.975e-05 2e-05 2.25e-06 0 0 0 0 0 
1 0.949793 0.796732 0.506565 0.234017 0.0899412 0.0321065 0.0109153 0.00355425 0.00108325 0.0002255 2.8e-05 2.5e-06 2.5e-07 0 0 0 0 0 0 
1 0.949695 0.795924 0.505284 0.231858 0.0870592 0.0301115 0.010465 0.00375075 0.001306 0.00032175 5.075e-05 3.5e-06 0 0 0 0 0 0 0 
1 0.950199 0.798067 0.510399 0.239629 0.0952077 0.0350033 0.012149 0.00439375 0.00174025 0.00078975 0.000375 0.00016575 5.9e-05 7.25e-06 0 0 0 0 0 
1 0.950012 0.797917 0.508293 0.235563 0.0918352 0.0337635 0.0122613 0.00446975 0.00168625 0.0006705 0.00022675 5.75e-05 1.15e-05 2.5e-07 0 0 0 0 0 
1 0.949574 0.79539 0.504984 0.232237 0.0886987 0.0313088 0.0108933 0.00369225 0.00115925 0.0003145 8.425e-05 1e-05 2.5e-07 0 0 0 0 0 0 
1 0.94933 0.795193 0.50449 0.233606 0.0918477 0.0346098 0.0131903 0.005117 0.00222225 0.00118075 0.0007635 0.00049025 0.0003085 0.0001575 5.975e-05 1.1e-05 0 0 0 
1 0.950001 0.797796 0.508962 0.236917 0.0926882 0.03422 0.0126403 0.004852 0.001914 0.00076025 0.00032225 0.000146 6.675e-05 1.475e-05 1.25e-06 0 0 0 0 
1 0.949892 0.797176 0.507907 0.236313 0.0921835 0.0342098 0.0125553 0.00454675 0.00174775 0.00067125 0.00022825 6.8e-05 8.25e-06 0 0 0 0 0 0 
1 0.950148 0.797821 0.508636 0.236909 0.093011 0.0348085 0.012477 0.004249 0.00144775 0.00040175 6.85e-05 6.75e-06 0 0 0 0 0 0 0 
1 0.950189 0.798179 0.509665 0.238431 0.0945262 0.0357875 0.0135728 0.00521625 0.0020735 0.00087625 0.0003865 0.00014575 3.6e-05 6.5e-06 0 0 0 0 0 
1 0.949375 0.79641 0.506603 0.234559 0.0904697 0.032636 0.0116205 0.004294 0.00167375 0.00073025 0.0003075 0.0001085 1.75e-05 0 0 0 0 0 0 
1 0.949632 0.796101 0.505196 0.231556 0.0872882 0.0307395 0.0105913 0.0033785 0.00106525 0.0003765 0.000115 1.9e-05 1e-06 0 0 0 0 0 0 
1 0.949544 0.796168 0.506301 0.234703 0.0915182 0.0339765 0.0122115 0.00409875 0.00117825 0.0002855 4.95e-05 3.75e-06 0 0 0 0 0 0 0 
1 0.949639 0.796587 0.507986 0.237005 0.0923872 0.0339675 0.012179 0.0043355 0.00154025 0.0005555 0.000193 6.2e-05 2.075e-05 6.25e-06 2.5e-07 0 0 0 0 
1 0.949528 0.795364 0.504143 0.231615 0.089707 0.0331978 0.0118648 0.00402775 0.001222 0.00028425 4.625e-05 2.75e-06 0 0 0 0 0 0 0 
1 0.950046 0.797631 0.510212 0.239535 0.094537 0.034949 0.012734 0.0045505 0.00165725 0.00057525 0.00015675 3.1e-05 2.75e-06 0 0 0 0 0 0 
1 0.950231 0.798203 0.509814 0.236857 0.0915895 0.032979 0.0115263 0.003939 0.001457 0.00060875 0.0002545 0.000114 2.75e-05 7.5e-07 0 0 0 0 0 
1 0.950861 0.800092 0.511511 0.237581 0.0928115 0.0351235 0.0134485 0.00497275 0.001805 0.0006215 0.00017975 3.625e-05 7.5e-07 0 0 0 0 0 0 
1 0.950401 0.79892 0.510505 0.236595 0.091062 0.032537 0.010887 0.0033975 0.001002 0.000305 8.625e-05 1.825e-05 1e-06 0 0 0 0 0 0 
1 0.949697 0.796856 0.508421 0.237544 0.0936752 0.035507 0.0135833 0.0055585 0.002315 0.00094675 0.00036575 8.975e-05 1.075e-05 7.5e-07 0 0 0 0 0 
1 0.950361 0.798839 0.510185 0.236554 0.0905747 0.0322498 0.011323 0.0039185 0.001401 0.000544 0.00020825 8.375e-05 3.525e-05 1.425e-05 3e-06 2.5e-07 0 0 0 
1 0.949894 0.7976 0.509782 0.23928 0.0946415 0.0358435 0.0134885 0.0050345 0.001775 0.00051175 9.3e-05 2.5e-06 0 0 0 0 0 0 0 
1 0.949659 0.796316 0.508378 0.23854 0.0952185 0.0357935 0.0129495 0.00444725 0.001592 0.00067725 0.0002485 5.75e-05 9.5e-06 0 0 0 0 0 0 
1 0.950255 0.798504 0.509739 0.235955 0.090726 0.0326643 0.011497 0.0041265 0.001519 0.00046175 8.325e-05 2.25e-06 0 0 0 0 0 0 0 
1 0.949903 0.796971 0.507533 0.234449 0.0894867 0.031373 0.0106475 0.00365625 0.00144475 0.000618 0.0002505 9.125e-05 2.1e-05 7.18675e-18 0 0 0 0 0 
1 0.950032 0.798098 0.510167 0.238826 0.093759 0.035322 0.01311 0.00458175 0.00137625 0.00034575 7.8e-05 1.4e-05 5e-07 0 0 0 0 0 0 
1 0.950128 0.798611 0.509816 0.236884 0.0915657 0.0324955 0.0108838 0.00354075 0.00123875 0.00048225 0.00020025 7.95e-05 1.85e-05 1.5e-06 0 0 0 0 0 
1 0.950392 0.798844 0.51244 0.241614 0.09601 0.0364185 0.013929 0.0053435 0.0020825 0.0008225 0.00025425 5.525e-05 6.75e-06 5e-07 0 0 0 0 0 
1 0.949584 0.795806 0.504649 0.231778 0.087378 0.0301573 0.0101835 0.00348475 0.00132875 0.00053175 0.00015875 3.7e-05 8.25e-06 1.25e-06 0 0 0 0 0 
1 0.949979 0.797651 0.508476 0.236182 0.091895 0.0331948 0.0115803 0.00415525 0.00147575 0.00054025 0.00021425 5.95e-05 3.25e-06 0 0 0 0 0 0 
1 0.950603 0.799609 0.512461 0.238842 0.091307 0.0313913 0.0103813 0.003444 0.00122875 0.00053425 0.000273 0.0001525 6.65e-05 1.475e-05 5e-07 0 0 0 0 
1 0.949584 0.796075 0.505437 0.233374 0.0896267 0.0317895 0.010757 0.003539 0.00111025 0.0002955 6.775e-05 7.25e-06 0 0 0 0 0 0 0 
1 0.950126 0.797602 0.507591 0.234747 0.0909207 0.0330038 0.01191 0.0043705 0.001648 0.00069475 0.00035575 0.0002035 0.00011075 3.8e-05 3.25e-06 0 0 0 0 
1 0.949973 0.796675 0.506308 0.234184 0.0900432 0.0318645 0.0106248 0.003244 0.0008815 0.00016425 8.25e-06 2.5e-07 0 0 0 0 0 0 0 
1 0.949941 0.797306 0.507243 0.233582 0.089124 0.0311798 0.0103513 0.00340225 0.0011065 0.0003245 7.05e-05 4.5e-06 2.5e-07 0 0 0 0 0 0 
1 0.950669 0.800457 0.515373 0.245974 0.10029 0.0388623 0.0149603 0.00590425 0.002244 0.00085175 0.000412 0.00021125 9.225e-05 4.05e-05 9.5e-06 5e-07 0 0 0 
1 0.94999 0.797475 0.509059 0.236527 0.0913895 0.032481 0.011114 0.00359525 0.00097875 0.00021525 5.5e-05 2.15e-05 6e-06 5e-07 0 0 0 0 0 
1 0.949591 0.795937 0.507294 0.236068 0.0922735 0.034167 0.0123483 0.00435 0.00150425 0.000497 0.00016075 2.9e-05 7.5e-07 1.38778e-17 0 0 0 0 0 
1 0.950128 0.798072 0.509625 0.237812 0.0931837 0.034302 0.0122398 0.00448775 0.00162525 0.000567 0.000167 3.325e-05 5.25e-06 0 0 0 0 0 0 
1 0.950031 0.797912 0.509856 0.239415 0.0949392 0.0354675 0.0126888 0.004207 0.00126775 0.0003215 4.75e-05 6.75e-06 2.5e-07 1.38778e-17 0 0 0 0 0 
1 0.94957 0.796021 0.506416 0.23437 0.091101 0.0336793 0.012468 0.004757 0.00194375 0.00077175 0.00026375 5.5e-05 9.75e-06 0 0 0 0 0 0 
1 0.950314 0.799121 0.51248 0.241573 0.0955227 0.0349423 0.0119465 0.0036335 0.00097925 0.00028175 0.0001005 2.2e-05 1.75e-06 0 0 0 0 0 0 
1 0.950774 0.800064 0.513296 0.241324 0.0959162 0.0365318 0.0140408 0.005435 0.00206025 0.00084975 0.00041275 0.000246 0.0001405 5.825e-05 8e-06 0 0 0 0 
1 0.949463 0.795887 0.506525 0.236187 0.0939842 0.0367843 0.0143378 0.0054965 0.00207675 0.00081325 0.00031225 0.0001175 5.825e-05 3.775e-05 1.15e-05 2.5e-07 0 0 0 
1 0.950417 0.798376 0.509589 0.237792 0.092771 0.0330808 0.011316 0.0036895 0.0012555 0.00048175 0.00022 0.00010425 3.375e-05 4.5e-06 0 0 0 0 0 
1 0.949637 0.796198 0.506383 0.23455 0.091649 0.0336145 0.0120565 0.00421725 0.00149 0.0004695 0.0001085 2.95e-05 4.75e-06 2.5e-07 0 0 0 0 0 
1 0.950165 0.797843 0.508502 0.236195 0.0914965 0.033096 0.011723 0.004003 0.00116325 0.00037525 0.00015025 5.925e-05 2e-05 1.75e-06 0 0 0 0 0 
1 0.949695 0.795946 0.506006 0.234188 0.0908457 0.033332 0.0119158 0.004297 0.00162575 0.00071575 0.0003035 7.85e-05 6.5e-06 0 0 0 0 0 0 
1 0.949962 0.797636 0.507871 0.234428 0.0895412 0.031559 0.0105543 0.0034045 0.00106425 0.00030525 6.4e-05 4.75e-06 1.38778e-17 1.38778e-17 0 0 0 0 0 
1 0.94969 0.796606 0.507299 0.236325 0.093177 0.034723 0.0125555 0.0046385 0.001854 0.00082775 0.000382 0.0001515 4.925e-05 8.25e-06 2.5e-07 0 0 0 0 
1 0.950777 0.800854 0.514334 0.240784 0.0929732 0.0333038 0.0116233 0.0037265 0.001087 0.00023425 1.55e-05 1.38778e-17 0 0 0 0 0 0 0 
1 0.951388 0.803045 0.518778 0.248013 0.100616 0.03803 0.014196 0.00523725 0.00201275 0.000722 0.00022125 4.85e-05 6.75e-06 0 0 0 0 0 0 
1 0.950621 0.800427 0.514835 0.245656 0.099799 0.0381753 0.014197 0.005083 0.00160825 0.00037525 5.05e-05 3.75e-06 2.5e-07 0 0 0 0 0 0 
1 0.950183 0.798182 0.510178 0.238553 0.0941742 0.0352078 0.0124788 0.0042105 0.001321 0.0004785 0.00023075 9.85e-05 1.875e-05 2.75e-06 0 0 0 0 0 
1 0.949133 0.794988 0.505609 0.235165 0.0921297 0.0344265 0.0129295 0.00462875 0.00155275 0.0005155 0.00017075 6.35e-05 2.2e-05 2e-06 0 0 0 0 0 
1 0.949019 0.794023 0.501792 0.230736 0.088845 0.0322775 0.0114363 0.003992 0.00126775 0.00030475 6.475e-05 1.275e-05 2.5e-07 0 0 0 0 0 0 
1 0.95061 0.800009 0.513587 0.24234 0.0964052 0.0357638 0.0124915 0.004125 0.00141275 0.000522 0.00019375 6.85e-05 1.875e-05 1.5e-06 0 0 0 0 0 
1 0.94969 0.796973 0.508819 0.237582 0.0918547 0.032528 0.010795 0.003427 0.000915 0.00016525 1.425e-05 7.5e-07 0 0 0 0 0 0 0 
1 0.950172 0.798073 0.50857 0.234875 0.0911345 0.0339395 0.0129195 0.00502425 0.00200075 0.000899 0.00048075 0.000277 0.00016325 9.45e-05 3.175e-05 4e-06 0 0 0 
1 0.950097 0.797679 0.508012 0.234707 0.090243 0.0326265 0.0114798 0.0037025 0.00102575 0.00024425 4.4e-05 3.75e-06 0 0 0 0 0 0 0 
1 0.949921 0.797058 0.508636 0.237618 0.093226 0.0346425 0.0132158 0.005074 0.00186475 0.000634 0.0001975 4.8e-05 7.75e-06 0 0 0 0 0 0 
1 0.950052 0.797658 0.509251 0.238974 0.0950535 0.0357055 0.0126563 0.00422325 0.00147375 0.0005105 0.000169 3.325e-05 3e-06 0 0 0 0 0 0 
1 0.949292 0.795282 0.504435 0.232661 0.089899 0.03188 0.0104055 0.00304425 0.00077725 0.00016075 1.575e-05 0 0 0 0 0 0 0 0 
1 0.949516 0.795109 0.503599 0.230086 0.086584 0.0298303 0.00970325 0.003126 0.0010085 0.000318 9.525e-05 3.525e-05 7.75e-06 2.5e-07 0 0 0 0 0 
1 0.950186 0.798397 0.508932 0.235239 0.0895957 0.0317355 0.011634 0.00440625 0.00175725 0.00071325 0.000206 3.05e-05 1.5e-06 0 0 0 0 0 0 
1 0.949424 0.795362 0.505773 0.235441 0.0920582 0.0334635 0.0117193 0.00414675 0.00141525 0.0004695 0.0001675 9.8e-05 6.3e-05 2e-05 1.75e-06 0 0 0 0 
1 0.949481 0.79574 0.505522 0.233271 0.090583 0.0332318 0.0113023 0.00345525 0.00089025 0.00020575 2.9e-05 2.5e-07 0 0 0 0 0 0 0 
1 0.949189 0.794587 0.50357 0.232437 0.0899255 0.0328258 0.0117413 0.00399075 0.0012145 0.000282 3.575e-05 1.5e-06 0 0 0 0 0 0 0 
1 0.950199 0.797864 0.508785 0.236217 0.092507 0.0345293 0.0127655 0.0045765 0.001615 0.000542 0.0001405 1.325e-05 0 0 0 0 0 0 0 
1 0.950052 0.797328 0.50914 0.237165 0.0923035 0.033549 0.0120113 0.00411825 0.00118075 0.00024375 3.1e-05 1.25e-06 0 0 0 0 0 0 0 
1 0.950541 0.800263 0.514605 0.242736 0.0959722 0.0362075 0.013956 0.00547525 0.002111 0.00078725 0.0002385 4.05e-05 3.75e-06 0 0 0 0 0 0 
1 0.950217 0.798315 0.510042 0.237075 0.0912872 0.0323713 0.0108555 0.003604 0.001236 0.00035075 0.00010125 2.375e-05 2e-06 0 0 0 0 0 0 
1 0.950844 0.801046 0.51578 0.244922 0.0993275 0.0384425 0.0149458 0.00592875 0.0024295 0.0010565 0.0006015 0.000408 0.000292 0.0001825 9.7e-05 2.25e-05 2.25e-06 0 0 
1 0.949602 0.795604 0.504944 0.2329 0.0902335 0.0332093 0.011693 0.00400775 0.00133625 0.000391 7.075e-05 6.75e-06 0 0 0 0 0 0 0 
1 0.9506 0.800578 0.514618 0.241875 0.0949172 0.0349098 0.012406 0.0045605 0.00179025 0.000638 0.0002085 6.45e-05 1e-05 2.5e-07 0 0 0 0 0 
1 0.950624 0.800143 0.512419 0.239916 0.095152 0.0356658 0.0136475 0.00572525 0.002625 0.001294 0.00070225 0.0004105 0.0002785 0.000189 0.00010725 3.775e-05 3e-06 0 0 
1 0.950015 0.797292 0.507392 0.234976 0.0927222 0.0360803 0.0141835 0.0054315 0.00184975 0.00057325 0.0001845 6.175e-05 1.6e-05 1e-06 0 0 0 0 0 
1 0.949688 0.796746 0.507551 0.235035 0.090386 0.0321793 0.0109355 0.0035675 0.00107575 0.00031375 6.275e-05 4.5e-06 0 0 0 0 0 0 0 
1 0.949872 0.79725 0.506248 0.232818 0.0897242 0.0328863 0.011616 0.003826 0.0010205 0.000268 0.00015275 0.000108 5.725e-05 1.4e-05 2.5e-07 0 0 0 0 
1 0.950568 0.800199 0.513935 0.242647 0.0970502 0.037113 0.0139568 0.005306 0.00184725 0.00055275 0.00013025 2.325e-05 2.5e-07 0 0 0 0 0 0 
1 0.949641 0.795876 0.506209 0.234745 0.091392 0.0332015 0.011544 0.004006 0.0014185 0.000385 6.475e-05 8.75e-06 2.5e-07 0 0 0 0 0 0 
1 0.949864 0.79722 0.508272 0.236345 0.0913682 0.0327908 0.0114423 0.003841 0.00104475 0.00024275 3.725e-05 1.25e-06 0 0 0 0 0 0 0 
1 0.950581 0.80026 0.512925 0.239391 0.09316 0.0343908 0.0128743 0.00487125 0.00174375 0.000581 0.0001645 4.15e-05 6.5e-06 0 0 0 0 0 0 
1 0.949693 0.796046 0.505438 0.232764 0.0901315 0.0336245 0.01254 0.004617 0.001815 0.000775 0.00033175 0.00011975 2.45e-05 1.5e-06 0 0 0 0 0 
1 0.950294 0.798317 0.509597 0.236832 0.0917735 0.0334335 0.0120038 0.004129 0.00128775 0.00035775 7.6e-05 2.5e-06 0 0 0 0 0 0 0 
1 0.949656 0.796496 0.50686 0.234122 0.0897805 0.033145 0.0122648 0.004364 0.00166275 0.00087 0.0004985 0.0002175 5.525e-05 4.25e-06 0 0 0 0 0 
1 0.949597 0.795863 0.504554 0.232117 0.0877812 0.0297845 0.00937975 0.0028885 0.00080475 0.00015675 1.175e-05 0 0 0 0 0 0 0 0 
1 0.949734 0.796612 0.506519 0.234525 0.0901852 0.0322833 0.0113065 0.0039905 0.00149975 0.00057975 0.00015175 1.975e-05 1e-06 0 0 0 0 0 0 
1 0.95031 0.798994 0.512153 0.240656 0.094485 0.0349093 0.0129963 0.00477975 0.00153375 0.00042025 9.6e-05 2e-05 2e-06 0 0 0 0 0 0 
1 0.950024 0.797711 0.508858 0.236456 0.0912312 0.033014 0.0115988 0.00386225 0.001217 0.00032375 5.5e-05 4.75e-06 0 0 0 0 0 0 0 
1 0.949796 0.797077 0.50823 0.236912 0.0931025 0.035777 0.0141853 0.00576825 0.00236275 0.0010795 0.00052375 0.00021725 7.575e-05 1.875e-05 1e-06 0 0 0 0 
1 0.949864 0.797217 0.508899 0.238193 0.0930975 0.0333448 0.0116503 0.0041045 0.0013445 0.00034875 6.775e-05 1.675e-05 3.25e-06 0 0 0 0 0 0 
1 0.949637 0.796324 0.506944 0.235148 0.0919537 0.034024 0.0122443 0.0043065 0.00137675 0.000447 0.00013575 2.475e-05 2.25e-06 0 0 0 0 0 0 
1 0.949881 0.797196 0.507977 0.236408 0.093061 0.0353078 0.0136195 0.0053365 0.0021605 0.000904 0.00040375 0.00014025 3.075e-05 9.5e-06 2e-06 0 0 0 0 
1 0.949982 0.797544 0.508324 0.233958 0.0893167 0.0319143 0.011215 0.003925 0.001311 0.0003315 4.075e-05 2e-06 0 0 0 0 0 0 0 
1 0.950221 0.798856 0.510472 0.236863 0.0914457 0.0329295 0.0112523 0.00343375 0.00100375 0.0002435 4.925e-05 9.25e-06 0 0 0 0 0 0 0 
1 0.950903 0.800853 0.514729 0.2425 0.0949645 0.0353415 0.0133605 0.00488975 0.001795 0.00076325 0.000333 0.00014325 6.15e-05 2.525e-05 1.15e-05 2e-06 0 0 0 
1 0.950005 0.797882 0.508805 0.235203 0.0903057 0.0334133 0.0125788 0.00467875 0.00173825 0.00059125 0.000157 2.5e-05 3.25e-06 0 0 0 0 0 0 
1 0.950665 0.799403 0.511975 0.237706 0.0913957 0.0325625 0.0108693 0.00332825 0.00104325 0.0003465 7.15e-05 7e-06 2.5e-07 0 0 0 0 0 0 
1 0.950608 0.800378 0.515656 0.245766 0.0979337 0.035899 0.012592 0.0041655 0.00118375 0.00025525 5.275e-05 2.175e-05 6.5e-06 0 0 0 0 0 0 
1 0.951065 0.80165 0.516159 0.243722 0.096828 0.0361008 0.0126685 0.00416075 0.0012845 0.000398 0.00017725 8.775e-05 3.675e-05 1.275e-05 2e-06 0 0 0 0 
1 0.951291 0.802431 0.518164 0.245656 0.0985597 0.0377025 0.0144335 0.0056965 0.00223225 0.00085125 0.00026925 6.3e-05 1.225e-05 2.5e-07 0 0 0 0 0 
1 0.950128 0.798696 0.511024 0.238053 0.0919 0.0338653 0.0127653 0.00488475 0.00184475 0.000739 0.00029125 7.225e-05 1.45e-05 1.5e-06 0 0 0 0 0 
1 0.949946 0.796684 0.506758 0.236032 0.0937135 0.0354563 0.013321 0.0050795 0.0020525 0.00073725 0.0001545 1.2e-05 2.5e-07 0 0 0 0 0 0 
1 0.949903 0.797369 0.50887 0.236216 0.0914407 0.0335695 0.012433 0.00504025 0.002124 0.0008865 0.0003365 0.00011125 3.6e-05 4e-06 0 0 0 0 0 
1 0.950407 0.798605 0.510906 0.239443 0.0945677 0.035299 0.0126258 0.00426125 0.00128525 0.00039275 0.00012925 3.525e-05 3.75e-06 2.5e-07 0 0 0 0 0 
1 0.949755 0.796246 0.505816 0.233923 0.0912202 0.0347418 0.0134773 0.00519625 0.00190475 0.0006815 0.00022425 6.075e-05 9.5e-06 2.5e-07 0 0 0 0 0 
1 0.949498 0.795678 0.505577 0.233851 0.090331 0.0326863 0.0116338 0.003868 0.00117325 0.000347 8.125e-05 9e-06 2.5e-07 0 0 0 0 0 0 
1 0.950195 0.798296 0.509684 0.236817 0.091403 0.0327393 0.011314 0.00382125 0.001279 0.000394 0.00011025 3.075e-05 3.25e-06 2.5e-07 0 0 0 0 0 
1 0.949761 0.796654 0.506035 0.23295 0.0877657 0.029725 0.009389 0.002668 0.0006625 0.0001475 2.2e-05 0 0 0 0 0 0 0 0 
1 0.949367 0.794659 0.502816 0.229859 0.0874522 0.0309053 0.010596 0.00378875 0.00147625 0.00070025 0.000342 0.0001385 2.55e-05 1.25e-06 0 0 0 0 0 
1 0.950328 0.798202 0.508518 0.23481 0.08967 0.0310293 0.0101855 0.0032065 0.0008965 0.00020675 4.325e-05 3.75e-06 0 0 0 0 0 0 0 
1 0.950177 0.797914 0.508463 0.236522 0.091771 0.0331153 0.0122393 0.00484325 0.00168775 0.000461 7.5e-05 8.25e-06 2.5e-07 0 0 0 0 0 0 
1 0.9499 0.796494 0.506634 0.234528 0.090481 0.0323685 0.0114553 0.003961 0.001399 0.00054425 0.00016975 3.35e-05 3.75e-06 0 0 0 0 0 0 
1 0.950117 0.798303 0.510161 0.238527 0.093287 0.0342708 0.012357 0.00447725 0.00163175 0.0005005 0.00013025 3e-05 3.75e-06 0 0 0 0 0 0 
1 0.949993 0.798208 0.509946 0.238508 0.0946372 0.035786 0.013539 0.00507225 0.00192425 0.0007445 0.00035125 0.000193 0.00011875 5.025e-05 5.75e-06 0 0 0 0 
1 0.948974 0.794757 0.503123 0.230263 0.086926 0.0302835 0.0100545 0.00307 0.0008 0.00013675 1.975e-05 3.5e-06 5e-07 0 0 0 0 0 0 
1 0.950008 0.797425 0.508602 0.23747 0.0923085 0.0333658 0.011767 0.0041165 0.00149375 0.00053775 0.000204 9e-05 2.125e-05 2.5e-07 0 0 0 0 0 
1 0.949829 0.797196 0.508174 0.235636 0.0919037 0.034492 0.0131863 0.0049615 0.00189675 0.0007395 0.0002605 0.000103 4.05e-05 1.4e-05 3.75e-06 0 0 0 0 
1 0.949094 0.793891 0.501143 0.226889 0.0845772 0.0293545 0.0101533 0.00344775 0.001028 0.0002495 4.025e-05 5e-07 0 0 0 0 0 0 0 
1 0.950182 0.798334 0.509929 0.238046 0.093259 0.0342945 0.0125295 0.004779 0.002062 0.0009865 0.00046 0.00017725 4.325e-05 2.25e-06 0 0 0 0 0 
1 0.950593 0.799991 0.512917 0.240955 0.0951562 0.0355593 0.0129558 0.00467775 0.00166025 0.00057775 0.00018625 4.7e-05 7.25e-06 0 0 0 0 0 0 
1 0.950807 0.800455 0.51388 0.241055 0.095114 0.035873 0.014163 0.005872 0.00239125 0.00101525 0.00040675 0.00015325 5.5e-05 1.375e-05 1e-06 0 0 0 0 
1 0.950069 0.797539 0.508108 0.236459 0.093642 0.03482 0.0124685 0.004187 0.00120375 0.000323 8e-05 1.1e-05 2.25e-06 0 0 0 0 0 0 
1 0.949581 0.795789 0.50522 0.231663 0.0881175 0.031382 0.010966 0.00396125 0.00148575 0.00048575 9.6e-05 1.2e-05 2.5e-07 0 0 0 0 0 0 
1 0.950163 0.798465 0.510145 0.237338 0.0928085 0.0349963 0.0137825 0.00544375 0.0019335 0.00053875 0.0001705 5.95e-05 1.05e-05 1.25e-06 0 0 0 0 0 
1 0.949834 0.797338 0.508864 0.236647 0.0919537 0.033775 0.0123088 0.004649 0.001811 0.0007405 0.00029 8.15e-05 1.175e-05 7.5e-07 0 0 0 0 0 
1 0.949288 0.794862 0.503047 0.230697 0.0892935 0.0324268 0.0111338 0.0036385 0.001077 0.00023975 2.225e-05 1.38778e-17 0 0 0 0 0 0 0 
1 0.949793 0.796922 0.507715 0.235866 0.091886 0.034129 0.0126228 0.00477425 0.00178675 0.00065425 0.000256 6.675e-05 6e-06 0 0 0 0 0 0 
1 0.949975 0.797685 0.509156 0.23855 0.0947702 0.0356208 0.0130508 0.0052845 0.0025085 0.00133725 0.000685 0.000288 8.825e-05 1.675e-05 1.5e-06 0 0 0 0 
1 0.95049 0.798871 0.511108 0.237947 0.0929237 0.0346528 0.013128 0.00500175 0.00189125 0.0007725 0.00030175 0.00010225 3.55e-05 8.5e-06 0 0 0 0 0 
1 0.950153 0.798721 0.509913 0.236552 0.0899482 0.031542 0.011123 0.004014 0.00130975 0.00044 0.00015675 4.525e-05 6.5e-06 2.5e-07 0 0 0 0 0 
1 0.950341 0.798791 0.510948 0.238708 0.0937647 0.0350745 0.013267 0.00499275 0.00182375 0.00059225 0.00013025 1.225e-05 1.38778e-17 0 0 0 0 0 0 
1 0.949941 0.797305 0.508393 0.237251 0.0922412 0.0331188 0.0117998 0.00466125 0.00202425 0.000966 0.0004705 0.00018925 4.875e-05 4.75e-06 2.5e-07 0 0 0 0 
1 0.950349 0.799188 0.513321 0.244046 0.100338 0.0394583 0.0153053 0.006135 0.00265825 0.00119075 0.00058075 0.00030425 0.00015325 5.625e-05 9e-06 7.5e-07 0 0 0 
1 0.950302 0.798519 0.510277 0.237683 0.0930557 0.0351868 0.0134815 0.00546125 0.0024385 0.001172 0.000559 0.00022825 4.75e-05 2.5e-06 0 0 0 0 0 
1 0.949925 0.796881 0.506925 0.234992 0.091021 0.0325148 0.0107843 0.003103 0.0006735 0.0001265 1.725e-05 7.5e-07 0 0 0 0 0 0 0 
1 0.950317 0.798847 0.510113 0.236614 0.0913512 0.0332108 0.0119405 0.00450325 0.001857 0.00075025 0.00030275 0.0001015 3e-05 7e-06 1.25e-06 0 0 0 0 
1 0.950506 0.799731 0.512904 0.241043 0.094375 0.0339698 0.011702 0.003959 0.0012815 0.00029825 6.375e-05 1.35e-05 1.25e-06 1.38778e-17 0 0 0 0 0 
1 0.949198 0.79449 0.500802 0.22635 0.0848232 0.0302015 0.0106038 0.00369025 0.001231 0.0003905 0.000143 4.775e-05 6.25e-06 0 0 0 0 0 0 
1 0.95016 0.798121 0.508618 0.234296 0.0892547 0.0321575 0.011494 0.00409625 0.00143575 0.00053025 0.00017625 3.6e-05 4.5e-06 0 0 0 0 0 0 
1 0.950513 0.799609 0.512898 0.241518 0.0949875 0.0348038 0.0123593 0.00444975 0.001559 0.0003985 7.3e-05 8.75e-06 0 0 0 0 0 0 0 
1 0.949766 0.796925 0.507081 0.235136 0.0902535 0.032176 0.011178 0.0036575 0.000972 0.00021125 3.175e-05 5.25e-06 2.5e-07 0 0 0 0 0 0 
1 0.948935 0.793642 0.500873 0.229378 0.0884802 0.032347 0.0115945 0.00432975 0.00193825 0.000933 0.00043475 0.000167 3e-05 1e-06 0 0 0 0 0 
1 0.949146 0.793975 0.501931 0.230198 0.088581 0.0321393 0.0112395 0.003877 0.001285 0.00046125 0.0001185 1.9e-05 5e-07 0 0 0 0 0 0 
1 0.950044 0.798096 0.509381 0.237094 0.0939997 0.0355268 0.0130198 0.0047015 0.0017405 0.00065875 0.00031025 0.00017425 7.625e-05 1.575e-05 1.75e-06 0 0 0 0 
1 0.949911 0.797245 0.507708 0.235344 0.0912325 0.0327675 0.0112035 0.00357375 0.000998 0.000248 3.75e-05 2.5e-06 2.5e-07 0 0 0 0 0 0 
1 0.950024 0.79745 0.508354 0.235997 0.0912867 0.0328845 0.0112955 0.003628 0.00113525 0.00032775 7.675e-05 1.6e-05 7.5e-07 0 0 0 0 0 0 
1 0.949546 0.796137 0.506179 0.234183 0.0913295 0.0338803 0.0124545 0.00461825 0.00170025 0.00062325 0.00026575 0.0001195 5.95e-05 2.225e-05 1.75e-06 0 0 0 0 
1 0.949179 0.794452 0.501326 0.228776 0.087145 0.0306903 0.0104795 0.00331475 0.00092475 0.0002715 0.00011725 4.625e-05 1.125e-05 1e-06 0 0 0 0 0 
1 0.950081 0.797547 0.508284 0.235283 0.0905682 0.0325743 0.0113653 0.00381175 0.0012075 0.00034325 0.00010475 4.15e-05 3.25e-06 0 0 0 0 0 0 
1 0.950011 0.797916 0.509583 0.239235 0.0946897 0.0354248 0.0128918 0.004809 0.0020365 0.000946 0.000513 0.00027775 0.000113 3.325e-05 3.25e-06 0 0 0 0 
1 0.950239 0.79757 0.507538 0.233222 0.0891452 0.0318715 0.0110235 0.00374325 0.00132375 0.000498 0.00016075 2.825e-05 7.5e-07 0 0 0 0 0 0 
1 0.949848 0.796945 0.506875 0.234374 0.090396 0.0330715 0.0121585 0.00445725 0.0015095 0.00040975 6.05e-05 3.5e-06 0 0 0 0 0 0 0 
1 0.949529 0.795835 0.506745 0.23658 0.0928342 0.0347803 0.0130985 0.005027 0.0021385 0.00100725 0.00058025 0.000422 0.0003025 0.00016575 7.675e-05 3.3e-05 5.25e-06 7.5e-07 0 
1 0.950311 0.797981 0.509123 0.236077 0.090577 0.0325213 0.0115855 0.0039835 0.00137375 0.00045775 0.0001515 6.7e-05 1.725e-05 1.25e-06 0 0 0 0 0 
1 0.949909 0.797107 0.507547 0.234993 0.0909427 0.0333593 0.011786 0.00388625 0.0011365 0.0002955 6.775e-05 1.275e-05 1e-06 0 0 0 0 0 0 
1 0.949379 0.795625 0.505293 0.232628 0.0893857 0.0326488 0.0120653 0.0044155 0.00160375 0.00069625 0.00039925 0.00024275 9.725e-05 1.225e-05 2.5e-07 0 0 0 0 
1 0.949326 0.794892 0.502235 0.229356 0.0867005 0.0300555 0.0100183 0.0032465 0.0010305 0.000376 0.00013075 3.325e-05 3.5e-06 0 0 0 0 0 0 
1 0.950685 0.799553 0.511106 0.238255 0.0929235 0.0340208 0.0122365 0.004308 0.0014755 0.0004645 9.575e-05 1.025e-05 7.5e-07 2.5e-07 0 0 0 0 0 
1 0.949876 0.797087 0.508879 0.237156 0.092008 0.0332573 0.011511 0.0040095 0.0013985 0.00047475 0.0001415 4.6e-05 7.75e-06 0 0 0 0 0 0 
1 0.950005 0.798262 0.510638 0.239925 0.0960715 0.0369995 0.014121 0.0050035 0.00152725 0.0004285 9.55e-05 9.75e-06 0 0 0 0 0 0 0 
1 0.949498 0.795843 0.505201 0.232137 0.0894495 0.0330215 0.012213 0.00431925 0.00136575 0.00043425 0.00016425 5.2e-05 4.5e-06 0 0 0 0 0 0 
1 0.950323 0.798349 0.509036 0.235687 0.0920137 0.0345768 0.0129193 0.004671 0.001711 0.0006255 0.000235 8.75e-05 1.85e-05 7.5e-07 0 0 0 0 0 
1 0.950392 0.799162 0.512319 0.240304 0.0950372 0.0356555 0.0129725 0.00472775 0.0017985 0.0006775 0.00023825 7.225e-05 1.05e-05 0 0 0 0 0 0 
1 0.949757 0.796319 0.506149 0.233626 0.0902117 0.0324005 0.011223 0.00371375 0.00119375 0.00038425 0.0001245 5.175e-05 9.25e-06 0 0 0 0 0 0 
1 0.950708 0.799785 0.511222 0.237623 0.0920865 0.0333848 0.011351 0.00346325 0.00093325 0.00024775 0.00010125 3.675e-05 2.5e-06 0 0 0 0 0 0 
1 0.949286 0.795195 0.504247 0.232643 0.0895562 0.0324123 0.0110735 0.00336675 0.0008275 0.00019 2.925e-05 1.25e-06 1.38778e-17 1.38778e-17 0 0 0 0 0 
1 0.950494 0.800135 0.513278 0.238899 0.091545 0.0326888 0.0113935 0.00387275 0.0012655 0.0003945 0.00012575 6.6e-05 2.85e-05 6.5e-06 2.5e-07 0 0 0 0 
1 0.951463 0.802773 0.518922 0.246807 0.0989357 0.0375713 0.0144568 0.005908 0.00261375 0.0011015 0.000405 0.000116 2.7e-05 1.5e-06 1.38778e-17 0 0 0 0 
1 0.950293 0.798665 0.511892 0.241055 0.0953825 0.0355663 0.0129163 0.00454 0.00166975 0.000627 0.00019175 2.9e-05 1.25e-06 0 0 0 0 0 0 
1 0.950036 0.798082 0.508721 0.236919 0.093106 0.035626 0.0136775 0.00509575 0.00176025 0.00054125 9.075e-05 8.5e-06 1e-06 0 0 0 0 0 0 
1 0.950107 0.798011 0.508736 0.236777 0.093198 0.0351425 0.013548 0.00556325 0.00248775 0.00115 0.000523 0.00023625 0.0001085 3.225e-05 4.25e-06 0 0 0 0 
1 0.950636 0.799652 0.51268 0.24006 0.0937007 0.0346798 0.012616 0.00452475 0.0016405 0.00063125 0.000228 6.775e-05 9.5e-06 1.25e-06 0 0 0 0 0 
1 0.949916 0.797318 0.508002 0.236371 0.0930617 0.0343853 0.0122863 0.00429025 0.0013195 0.00027625 2.4e-05 7.5e-07 0 0 0 0 0 0 0 
1 0.949321 0.795846 0.505269 0.232151 0.088721 0.0319068 0.0113938 0.00401925 0.001599 0.00071425 0.000311 0.0001255 5.35e-05 1.025e-05 2.5e-07 0 0 0 0 
1 0.950384 0.799042 0.511988 0.24019 0.0941672 0.0345718 0.0122528 0.004055 0.0013985 0.0005885 0.00025725 8.3e-05 1.8e-05 1e-06 0 0 0 0 0 
1 0.949963 0.797541 0.508837 0.237656 0.0941617 0.0359023 0.013828 0.00517625 0.00181775 0.00062375 0.0001675 2.575e-05 4.5e-06 2.5e-07 0 0 0 0 0 
1 0.949638 0.796905 0.508213 0.236467 0.0933117 0.034657 0.0122645 0.0040185 0.00129225 0.00049 0.000198 6.15e-05 1.125e-05 1e-06 0 0 0 0 0 
1 0.950633 0.79986 0.513569 0.241786 0.0966117 0.0373738 0.0144393 0.0055795 0.00218225 0.000743 0.00017875 2.575e-05 1e-06 0 0 0 0 0 0 
1 0.949745 0.796682 0.507891 0.236232 0.0919377 0.033055 0.0112848 0.00363075 0.0010855 0.000381 0.0001365 3.075e-05 5e-07 0 0 0 0 0 0 
1 0.949954 0.797475 0.507312 0.234567 0.0902422 0.032414 0.0114913 0.00425325 0.0016075 0.000481 8.925e-05 6.25e-06 0 0 0 0 0 0 0 
1 0.949058 0.794068 0.502807 0.231806 0.0893505 0.032331 0.0118035 0.00432825 0.00159475 0.0005795 0.00018225 3.2e-05 1.5e-06 0 0 0 0 0 0 
1 0.949519 0.795363 0.50509 0.235084 0.0927487 0.03444 0.0121953 0.00428225 0.00156625 0.00074375 0.0004335 0.0002605 0.0001525 7.55e-05 1.95e-05 2.5e-07 0 0 0 
1 0.9504 0.799173 0.512194 0.240609 0.0956667 0.0362845 0.0134408 0.00510425 0.00205725 0.0008315 0.00028225 5.7e-05 8.25e-06 5e-07 0 0 0 0 0 
1 0.950835 0.800675 0.51334 0.240282 0.0942802 0.0350585 0.0126838 0.00444325 0.00155725 0.0005135 0.0001445 3.1e-05 2e-06 0 0 0 0 0 0 
1 0.950327 0.798475 0.510043 0.236711 0.091177 0.0316123 0.0103643 0.00324725 0.00088825 0.0001985 6.2e-05 1.725e-05 2.5e-07 0 0 0 0 0 0 
1 0.950627 0.800537 0.51515 0.244806 0.0988625 0.0374983 0.0135143 0.004724 0.001696 0.0006675 0.000262 7.875e-05 8.25e-06 0 0 0 0 0 0 
1 0.950199 0.798575 0.512129 0.242272 0.0976472 0.037438 0.0139413 0.00509675 0.0018905 0.0007985 0.00032975 9.1e-05 1.975e-05 2.25e-06 1.38778e-17 0 0 0 0 
1 0.950029 0.79824 0.510244 0.238074 0.0937162 0.0345285 0.0125413 0.004502 0.00164125 0.0005855 0.00024575 8.6e-05 2e-05 1.5e-06 0 0 0 0 0 
1 0.950224 0.798686 0.510162 0.235695 0.089756 0.0317653 0.0108135 0.00352775 0.00108875 0.00031 9.175e-05 2.525e-05 4.75e-06 0 0 0 0 0 0 
1 0.950107 0.797505 0.506988 0.23402 0.089895 0.032083 0.0113915 0.0042205 0.00143325 0.0004805 0.00013775 2.875e-05 1.75e-06 0 0 0 0 0 0 
1 0.949872 0.797676 0.509078 0.236637 0.0926837 0.0338108 0.011818 0.00390525 0.00118875 0.00038475 0.00014175 4.025e-05 3.5e-06 0 0 0 0 0 0 
1 0.949945 0.797561 0.509632 0.238852 0.0944582 0.0359328 0.0140845 0.005628 0.002152 0.00080925 0.00027475 6.225e-05 4.25e-06 0 0 0 0 0 0 
1 0.949767 0.796634 0.507725 0.236923 0.0933195 0.0347033 0.0129153 0.0049245 0.0020155 0.000921 0.00045225 0.00024875 0.0001745 0.00011925 4.1e-05 4.25e-06 0 0 0 
1 0.950021 0.796778 0.50727 0.235697 0.0925005 0.0348878 0.0135553 0.00547675 0.00237825 0.0011025 0.000583 0.0002715 9.025e-05 1.45e-05 1e-06 0 0 0 0 
1 0.949432 0.795537 0.503543 0.228909 0.0853275 0.029653 0.0101455 0.00367225 0.00149375 0.00072725 0.00034875 0.00014625 5.975e-05 2.575e-05 5.25e-06 5e-07 0 0 0 
1 0.950234 0.798004 0.509203 0.235805 0.090794 0.032501 0.0114373 0.00425425 0.001681 0.0007125 0.00036625 0.00022975 0.0001695 0.00011875 6.425e-05 2.625e-05 4.75e-06 0 0 
1 0.949291 0.794449 0.501779 0.228748 0.0865047 0.031559 0.0114863 0.00399725 0.00125325 0.000383 0.0001225 3.4e-05 6.25e-06 0 0 0 0 0 0 
1 0.949902 0.797179 0.507339 0.235089 0.090911 0.0329878 0.0118203 0.00454375 0.0021525 0.00126325 0.0008815 0.00072675 0.0006305 0.0005205 0.0003945 0.00027325 0.00017525 9.95e-05 3.2e-05 
1 0.950057 0.797879 0.510274 0.239736 0.0946482 0.0354218 0.0130225 0.00465825 0.001727 0.00067475 0.0002405 7.575e-05 9e-06 1.38778e-17 1.38778e-17 0 0 0 0 
1 0.950512 0.799793 0.511985 0.238957 0.092993 0.0337368 0.0119015 0.004045 0.001279 0.00040425 0.0001085 1.075e-05 0 0 0 0 0 0 0 
1 0.950171 0.797898 0.509531 0.237242 0.0926935 0.0340755 0.0123825 0.0044585 0.0016795 0.00074275 0.00032675 0.0001485 7.7e-05 3.45e-05 4.75e-06 0 0 0 0 
1 0.950772 0.800644 0.514458 0.241086 0.094523 0.0351138 0.013491 0.00561925 0.00245275 0.00100375 0.0003635 0.00012525 2.425e-05 5e-07 0 0 0 0 0 
1 0.948895 0.792929 0.499097 0.226668 0.0852817 0.0301508 0.0101833 0.00320975 0.00099 0.00039075 0.0001655 5.375e-05 8.5e-06 0 0 0 0 0 0 
1 0.95021 0.79809 0.509932 0.237104 0.0922195 0.0341568 0.0127023 0.00484475 0.00190625 0.0008255 0.00036825 0.000143 2.725e-05 2.5e-07 0 0 0 0 0 
1 0.95 0.797579 0.507189 0.233923 0.0890425 0.0322345 0.0118853 0.0043235 0.00152625 0.0004765 0.00011025 1.25e-05 7.5e-07 0 0 0 0 0 0 
1 0.949479 0.796291 0.505568 0.231777 0.0880125 0.031498 0.0107545 0.0034245 0.0009455 0.00026275 7.05e-05 9e-06 5e-07 0 0 0 0 0 0 
1 0.949301 0.794717 0.503143 0.231284 0.0890632 0.0325855 0.0118165 0.0044055 0.00181625 0.00097525 0.000567 0.00032425 0.00016425 5.175e-05 7.75e-06 0 0 0 0 
1 0.950329 0.799128 0.511631 0.240026 0.094985 0.0360348 0.013882 0.0055695 0.00245525 0.00126825 0.00070275 0.00038875 0.00016925 4.75e-05 5.75e-06 0 0 0 0 
1 0.949772 0.796381 0.506081 0.232257 0.0877172 0.0305665 0.0105108 0.00348525 0.001126 0.00040525 0.0001715 8.625e-05 3.725e-05 4.75e-06 0 0 0 0 0 
1 0.949859 0.796539 0.506466 0.233015 0.0889202 0.0315403 0.0108103 0.003787 0.001322 0.000487 0.00017275 6.175e-05 9.25e-06 5e-07 0 0 0 0 0 
1 0.950775 0.800293 0.513763 0.241658 0.0959 0.0360585 0.0136018 0.0055 0.0024435 0.00111575 0.00047025 0.00018275 5.25e-05 4.5e-06 0 0 0 0 0 
1 0.949664 0.796585 0.50667 0.234222 0.0897505 0.0320223 0.011209 0.0040155 0.001499 0.0006135 0.00027075 0.000129 4.2e-05 2.75e-06 0 0 0 0 0 
1 0.950144 0.79738 0.508078 0.234759 0.090744 0.0336005 0.0123988 0.0043925 0.00137625 0.0003 5.025e-05 6e-06 0 0 0 0 0 0 0 
1 0.949492 0.795852 0.50543 0.233398 0.089893 0.0323513 0.011448 0.00403775 0.00143925 0.0004885 0.0001075 1.825e-05 1.5e-06 0 0 0 0 0 0 
1 0.949961 0.797392 0.506443 0.23202 0.0878865 0.031615 0.0115373 0.0041585 0.00144525 0.00050575 0.000135 1.975e-05 7.5e-07 0 0 0 0 0 0 
1 0.950132 0.797309 0.508356 0.236632 0.0935195 0.0363033 0.0145068 0.00585175 0.002373 0.000947 0.000308 5.4e-05 3.5e-06 0 0 0 0 0 0 
1 0.949527 0.796018 0.505987 0.236068 0.0929285 0.0349045 0.0128178 0.00438 0.00145225 0.000498 0.00014625 2.4e-05 1.5e-06 0 0 0 0 0 0 
1 0.948942 0.793902 0.500831 0.227308 0.0857112 0.030211 0.0102678 0.0034625 0.00113725 0.000335 7.775e-05 9.25e-06 2.5e-07 0 0 0 0 0 0 
1 0.950414 0.799032 0.510685 0.236201 0.0915027 0.033833 0.0122813 0.004167 0.001266 0.000343 8.25e-05 1.775e-05 1.25e-06 0 0 0 0 0 0 
1 0.950004 0.797769 0.508305 0.234515 0.091003 0.0335628 0.0125528 0.00502175 0.00229 0.00122475 0.00072325 0.00039525 0.0001765 6.475e-05 1.425e-05 1e-06 0 0 0 
1 0.949271 0.79468 0.505053 0.23528 0.0928987 0.0345733 0.0126548 0.004592 0.00172475 0.0005535 0.00011175 7.25e-06 2.5e-07 0 0 0 0 0 0 
1 0.949905 0.797692 0.510542 0.240741 0.0973857 0.0384533 0.0156373 0.00642025 0.00279025 0.00120275 0.0004985 0.00017975 5.625e-05 1.6e-05 1.5e-06 0 0 0 0 
1 0.950903 0.800691 0.514149 0.242975 0.0981577 0.0381663 0.0144645 0.005362 0.0020385 0.00069725 0.000179 3.1e-05 1.5e-06 0 0 0 0 0 0 
1 0.949231 0.795322 0.504791 0.234509 0.091571 0.033473 0.0117783 0.0039285 0.00121275 0.00036325 8.15e-05 1.125e-05 2.5e-07 0 0 0 0 0 0 
1 0.950002 0.79686 0.507794 0.235925 0.091998 0.0339835 0.012721 0.004837 0.00184 0.000709 0.00022725 4.3e-05 4.75e-06 0 0 0 0 0 0 
1 0.950262 0.798762 0.511833 0.240978 0.0954437 0.034796 0.012054 0.00401875 0.00126175 0.00039375 0.00010525 2.225e-05 2e-06 0 0 0 0 0 0 
1 0.949715 0.796711 0.506536 0.234153 0.090447 0.032626 0.0115118 0.00404325 0.0014705 0.000614 0.000303 0.000178 8.45e-05 1.65e-05 5e-07 0 0 0 0 
1 0.95005 0.797795 0.509589 0.239087 0.0941515 0.034694 0.0123715 0.0041365 0.0013675 0.000408 7.6e-05 1.025e-05 0 0 0 0 0 0 0 
1 0.949518 0.795429 0.503941 0.231114 0.087548 0.031074 0.0108028 0.0034445 0.000865 0.000152 1.95e-05 2.5e-07 0 0 0 0 0 0 0 
1 0.950225 0.798376 0.51093 0.239463 0.093414 0.0336463 0.011615 0.0038315 0.001164 0.00034275 0.00010675 2.9e-05 2.75e-06 0 0 0 0 0 0 
1 0.94982 0.797191 0.509081 0.237883 0.094615 0.0360225 0.0135773 0.0052275 0.0021975 0.00096825 0.00049275 0.000269 0.00010775 2.775e-05 3e-06 0 0 0 0 
1 0.949627 0.796569 0.506609 0.234522 0.0908582 0.0332155 0.0121515 0.004568 0.00172125 0.000596 0.000169 2.025e-05 5e-07 0 0 0 0 0 0 
1 0.95016 0.79766 0.509942 0.237139 0.0909062 0.0314415 0.0102063 0.0031085 0.00087525 0.0002195 3.55e-05 7.5e-07 0 0 0 0 0 0 0 
1 0.950254 0.798403 0.509955 0.236681 0.091389 0.0325255 0.0111955 0.003893 0.001428 0.000519 0.0001795 3.575e-05 2.75e-06 0 0 0 0 0 0 
1 0.950571 0.799334 0.511916 0.240033 0.0941915 0.034392 0.0118958 0.003704 0.0009875 0.0002635 0.00010225 3.15e-05 3.5e-06 0 0 0 0 0 0 
1 0.950835 0.800142 0.513727 0.24072 0.0940235 0.0340328 0.012074 0.004145 0.00121775 0.000268 3.6e-05 4.75e-06 0 0 0 0 0 0 0 
1 0.949822 0.797181 0.508512 0.237821 0.0942195 0.0358888 0.0140175 0.00585625 0.002736 0.0014695 0.0009075 0.00066875 0.00053275 0.0004005 0.00025525 0.00011325 2.55e-05 1.5e-06 0 
1 0.950103 0.79807 0.510589 0.239726 0.0947447 0.034367 0.0115538 0.00373575 0.001135 0.00033525 7.95e-05 6.75e-06 0 0 0 0 0 0 0 
1 0.950687 0.800136 0.51442 0.242084 0.0952437 0.0347868 0.0125228 0.00468125 0.00194375 0.00100725 0.00066725 0.00052325 0.00037375 0.0002 5.95e-05 2.75e-06 0 0 0 
1 0.949728 0.796118 0.504938 0.231067 0.0886675 0.0324603 0.0119445 0.00455325 0.00203975 0.00111125 0.0007335 0.000454 0.00026275 0.00015425 6.55e-05 1.175e-05 7.5e-07 0 0 
