1 0.899781 0.675473 0.347392 0.104991 0.0198005 0.002766 0.00028475 2.05e-05 1e-06 0 0 0 0 0 0 0 0 0 0 
1 0.900193 0.675744 0.347319 0.104957 0.0200975 0.00303875 0.000432 6.35e-05 3.5e-06 0 0 0 0 0 0 0 0 0 0 
1 0.899602 0.6748 0.346101 0.104186 0.0199183 0.002958 0.0003405 2.95e-05 1.5e-06 0 0 0 0 0 0 0 0 0 0 
1 0.900015 0.675766 0.347842 0.105346 0.020091 0.002842 0.00029625 1.3e-05 2.5e-07 0 0 0 0 0 0 0 0 0 0 
1 0.899701 0.675143 0.345511 0.103129 0.0195183 0.00284325 0.00035825 5.8e-05 8e-06 0 0 0 0 0 0 0 0 0 0 
1 0.901034 0.678942 0.351745 0.107537 0.020951 0.00319575 0.00049375 0.0001295 4.2e-05 9.5e-06 0 0 0 0 0 0 0 0 0 
1 0.899607 0.674739 0.345664 0.103864 0.0196125 0.00289925 0.00036775 3.95e-05 5e-07 0 0 0 0 0 0 0 0 0 0 
1 0.900048 0.675485 0.346868 0.104782 0.020133 0.0028955 0.0003595 3.3e-05 1e-06 0 0 0 0 0 0 0 0 0 0 
1 0.900567 0.677425 0.350068 0.106676 0.020617 0.0032305 0.0005795 0.00020475 0.00011875 8.3e-05 5.35e-05 2e-05 1.5e-06 0 0 0 0 0 0 
1 0.898826 0.673038 0.344251 0.102895 0.0190763 0.0027135 0.00034075 2.9e-05 5e-07 0 0 0 0 0 0 0 0 0 0 
1 0.899975 0.675798 0.347494 0.104567 0.0197515 0.00278625 0.000333 4.25e-05 6.5e-06 5e-07 0 0 0 0 0 0 0 0 0 
1 0.899588 0.674702 0.34619 0.103711 0.019417 0.0028185 0.00036875 2.975e-05 7.5e-07 0 0 0 0 0 0 0 0 0 0 
1 0.900929 0.677913 0.349786 0.106171 0.0203155 0.00300175 0.000434 6.625e-05 1.725e-05 1e-06 0 0 0 0 0 0 0 0 0 
1 0.90065 0.677735 0.350726 0.107599 0.0213375 0.003477 0.00059075 0.0001195 1.85e-05 7.5e-07 0 0 0 0 0 0 0 0 0 
1 0.900019 0.675909 0.347254 0.104933 0.0200205 0.0029635 0.00041825 5.925e-05 5.75e-06 0 0 0 0 0 0 0 0 0 0 
1 0.900221 0.676005 0.348101 0.106153 0.0205118 0.00298775 0.00038175 3.275e-05 1e-06 0 0 0 0 0 0 0 0 0 0 
1 0.900194 0.677009 0.349721 0.106315 0.0201983 0.0028635 0.00035 3.8e-05 3e-06 0 0 0 0 0 0 0 0 0 0 
1 0.900824 0.678072 0.350219 0.106249 0.0201533 0.00289125 0.000371 3.5e-05 3e-06 2.5e-07 0 0 0 0 0 0 0 0 0 
1 0.901207 0.679047 0.352317 0.109109 0.02206 0.003608 0.00053175 7.8e-05 1.1e-05 5e-07 0 0 0 0 0 0 0 0 0 
1 0.900145 0.676464 0.348604 0.105689 0.0200035 0.00276025 0.00035375 5.5e-05 9.25e-06 7.5e-07 0 0 0 0 0 0 0 0 0 
1 0.899559 0.67545 0.347021 0.10442 0.0198063 0.0028085 0.000352 5.65e-05 1.125e-05 7.5e-07 0 0 0 0 0 0 0 0 0 
1 0.900317 0.676293 0.34811 0.104867 0.0195893 0.0027035 0.000311 3.525e-05 3e-06 0 0 0 0 0 0 0 0 0 0 
1 0.899838 0.675457 0.346929 0.104762 0.019902 0.00276525 0.0002655 1.6e-05 0 0 0 0 0 0 0 0 0 0 0 
1 0.900101 0.676075 0.347294 0.104195 0.0193383 0.00263175 0.0003285 3.975e-05 1.75e-06 0 0 0 0 0 0 0 0 0 0 
1 0.900117 0.676595 0.348614 0.105517 0.01971 0.00280875 0.00043575 8.775e-05 1.2e-05 7.5e-07 0 0 0 0 0 0 0 0 0 
1 0.900354 0.676917 0.349239 0.106074 0.0201888 0.0030245 0.0004355 5.5e-05 5.75e-06 0 0 0 0 0 0 0 0 0 0 
1 0.90021 0.676567 0.348222 0.10509 0.0197518 0.00274125 0.00030525 3.15e-05 3.5e-06 2.5e-07 0 0 0 0 0 0 0 0 0 
1 0.899283 0.673478 0.343744 0.102797 0.0194748 0.00294775 0.00043275 7.525e-05 1.6e-05 2.25e-06 0 0 0 0 0 0 0 0 0 
1 0.899909 0.675462 0.346815 0.104028 0.0194923 0.00270875 0.0003325 3.375e-05 5e-07 0 0 0 0 0 0 0 0 0 0 
1 0.899978 0.675582 0.347018 0.104539 0.0196563 0.00270925 0.00029875 2.425e-05 1e-06 0 0 0 0 0 0 0 0 0 0 
1 0.899743 0.674988 0.346191 0.103795 0.0194728 0.00280975 0.00036725 5.55e-05 6e-06 0 0 0 0 0 0 0 0 0 0 
1 0.8997 0.674761 0.34629 0.104339 0.0198223 0.00289175 0.000383 4.225e-05 6e-06 5e-07 0 0 0 0 0 0 0 0 0 
1 0.899624 0.674706 0.345531 0.103851 0.01954 0.0027285 0.000321 2.675e-05 7.5e-07 0 0 0 0 0 0 0 0 0 0 
1 0.899707 0.674555 0.345356 0.10319 0.0194488 0.0027765 0.00033325 3.85e-05 3.5e-06 0 0 0 0 0 0 0 0 0 0 
1 0.899442 0.674565 0.345939 0.104031 0.0198133 0.002965 0.000452 7.65e-05 9.25e-06 0 0 0 0 0 0 0 0 0 0 
1 0.899136 0.673732 0.344306 0.102094 0.0187245 0.00254775 0.00028975 3.3e-05 2e-06 2.5e-07 0 0 0 0 0 0 0 0 0 
1 0.899312 0.673865 0.345003 0.103001 0.0193488 0.00284075 0.000365 3.625e-05 3.25e-06 0 0 0 0 0 0 0 0 0 0 
1 0.900225 0.676793 0.349978 0.106876 0.0206498 0.003024 0.0004045 5.075e-05 2e-06 0 0 0 0 0 0 0 0 0 0 
1 0.900494 0.67714 0.348622 0.105704 0.02027 0.0028665 0.00030025 3.65e-05 4.5e-06 0 0 0 0 0 0 0 0 0 0 
1 0.899458 0.673673 0.344247 0.10266 0.0190485 0.00260025 0.00028375 1.975e-05 1.25e-06 0 0 0 0 0 0 0 0 0 0 
1 0.899743 0.675107 0.346044 0.103606 0.0192535 0.0026665 0.000264 1.4e-05 2.5e-07 0 0 0 0 0 0 0 0 0 0 
1 0.900074 0.676172 0.347049 0.104309 0.0196395 0.00276125 0.00036725 5.75e-05 5.5e-06 2.5e-07 0 0 0 0 0 0 0 0 0 
1 0.900241 0.675927 0.346848 0.104506 0.0201515 0.00309875 0.000437 4.2e-05 1e-06 0 0 0 0 0 0 0 0 0 0 
1 0.900266 0.676738 0.349397 0.107135 0.0208615 0.0029745 0.00033875 4.05e-05 3.5e-06 0 0 0 0 0 0 0 0 0 0 
1 0.899423 0.674165 0.344684 0.102964 0.0189908 0.002603 0.00028275 1.475e-05 0 0 0 0 0 0 0 0 0 0 0 
1 0.899931 0.675487 0.347134 0.104443 0.019697 0.00273725 0.00031175 3.325e-05 2e-06 0 0 0 0 0 0 0 0 0 0 
1 0.899651 0.674699 0.345016 0.102521 0.0188808 0.0025045 0.000247 1.4e-05 5e-07 0 0 0 0 0 0 0 0 0 0 
1 0.900334 0.676705 0.348001 0.104823 0.0196015 0.00267825 0.0002855 1.725e-05 0 0 0 0 0 0 0 0 0 0 0 
1 0.900018 0.67643 0.348212 0.105504 0.0200905 0.00292025 0.00040625 4.475e-05 2.25e-06 0 0 0 0 0 0 0 0 0 0 
1 0.90012 0.67581 0.347241 0.105154 0.020271 0.00296075 0.00035975 4.125e-05 2e-06 0 0 0 0 0 0 0 0 0 0 
1 0.899938 0.675637 0.347475 0.104781 0.0197565 0.002959 0.00040525 4.075e-05 3.25e-06 0 0 0 0 0 0 0 0 0 0 
1 0.900126 0.676336 0.347582 0.104665 0.0196808 0.002841 0.00039125 4.9e-05 4e-06 0 0 0 0 0 0 0 0 0 0 
1 0.900119 0.675581 0.346629 0.104346 0.019896 0.0030045 0.00044625 4.85e-05 2e-06 0 0 0 0 0 0 0 0 0 0 
1 0.899975 0.675902 0.347494 0.104273 0.0193555 0.00276225 0.0003435 3.6e-05 2.25e-06 0 0 0 0 0 0 0 0 0 0 
1 0.900297 0.676731 0.34802 0.104899 0.0197888 0.00296675 0.00042675 6.325e-05 2e-06 0 0 0 0 0 0 0 0 0 0 
1 0.900366 0.677311 0.348943 0.10549 0.019729 0.00264625 0.000252 1.175e-05 0 0 0 0 0 0 0 0 0 0 0 
1 0.899927 0.675625 0.34649 0.103061 0.0190318 0.0027395 0.0003925 6.05e-05 9.25e-06 7.5e-07 0 0 0 0 0 0 0 0 0 
1 0.899887 0.675463 0.346729 0.104747 0.0200353 0.00300625 0.000449 6.85e-05 6.25e-06 5e-07 0 0 0 0 0 0 0 0 0 
1 0.89979 0.674857 0.346162 0.104219 0.0197318 0.00282725 0.00035375 2.375e-05 1e-06 0 0 0 0 0 0 0 0 0 0 
1 0.89939 0.673814 0.344598 0.103365 0.0197133 0.003183 0.00051375 9.6e-05 2.4e-05 4e-06 0 0 0 0 0 0 0 0 0 
1 0.899807 0.675513 0.347249 0.104943 0.01996 0.00293275 0.00038175 3.6e-05 1.75e-06 0 0 0 0 0 0 0 0 0 0 
1 0.899879 0.675807 0.347752 0.105261 0.019914 0.0027455 0.00033525 3.325e-05 1.75e-06 0 0 0 0 0 0 0 0 0 0 
1 0.900041 0.675983 0.347381 0.104426 0.0194985 0.002753 0.00040725 7.425e-05 1.425e-05 2.5e-06 0 0 0 0 0 0 0 0 0 
1 0.900218 0.6762 0.348323 0.106576 0.0208275 0.0029415 0.00029725 1.875e-05 7.5e-07 0 0 0 0 0 0 0 0 0 0 
1 0.900467 0.677157 0.3491 0.106303 0.0206888 0.0032615 0.00043925 3.425e-05 1e-06 0 0 0 0 0 0 0 0 0 0 
1 0.900102 0.676362 0.347538 0.104917 0.019873 0.00281125 0.000329 3.625e-05 1.75e-06 0 0 0 0 0 0 0 0 0 0 
1 0.899446 0.674096 0.344471 0.102917 0.019457 0.002958 0.000412 5.75e-05 6.25e-06 0 0 0 0 0 0 0 0 0 0 
1 0.900353 0.67721 0.349558 0.106468 0.0210078 0.003298 0.000459 5.875e-05 6.75e-06 0 0 0 0 0 0 0 0 0 0 
1 0.900518 0.677529 0.349339 0.106121 0.0204138 0.00313325 0.0005145 0.000144 7.85e-05 4.675e-05 2.175e-05 7e-06 5e-07 0 0 0 0 0 0 
1 0.900236 0.677172 0.349095 0.10573 0.0202023 0.002928 0.0004625 9.975e-05 1.3e-05 2.5e-07 0 0 0 0 0 0 0 0 0 
1 0.900145 0.676462 0.34803 0.105716 0.0205068 0.0031475 0.0004165 6.4e-05 9.75e-06 0 0 0 0 0 0 0 0 0 0 
1 0.899985 0.67579 0.347115 0.105162 0.020354 0.0031715 0.00045125 5.675e-05 4e-06 0 0 0 0 0 0 0 0 0 0 
1 0.900471 0.67656 0.34869 0.105682 0.0202883 0.0028745 0.000316 2.65e-05 1.25e-06 0 0 0 0 0 0 0 0 0 0 
1 0.900298 0.676422 0.347799 0.104542 0.0194323 0.0028135 0.00037275 3.35e-05 5e-07 0 0 0 0 0 0 0 0 0 0 
1 0.90037 0.677398 0.349905 0.105782 0.0200325 0.00298525 0.0004095 3.6e-05 1.25e-06 0 0 0 0 0 0 0 0 0 0 
1 0.900063 0.676032 0.346991 0.104415 0.019614 0.002829 0.00036625 4.075e-05 1.5e-06 0 0 0 0 0 0 0 0 0 0 
1 0.900011 0.675465 0.346862 0.104492 0.0195808 0.0028685 0.0004095 5.35e-05 4.75e-06 0 0 0 0 0 0 0 0 0 0 
1 0.899966 0.67559 0.347002 0.105016 0.020168 0.002977 0.00037475 4.225e-05 1e-06 0 0 0 0 0 0 0 0 0 0 
1 0.899835 0.675561 0.34791 0.105017 0.0200945 0.0030605 0.0004645 9e-05 1.8e-05 3e-06 2.5e-07 0 0 0 0 0 0 0 0 
1 0.900948 0.678202 0.349913 0.10648 0.0201568 0.002808 0.00035025 3.875e-05 2.75e-06 0 0 0 0 0 0 0 0 0 0 
1 0.90003 0.676036 0.347344 0.104838 0.0204505 0.00304675 0.000397 4.675e-05 3.25e-06 0 0 0 0 0 0 0 0 0 0 
1 0.900242 0.675947 0.34747 0.10442 0.0195198 0.0028395 0.00039925 4.375e-05 3.5e-06 0 0 0 0 0 0 0 0 0 0 
1 0.900154 0.675424 0.346895 0.104562 0.019918 0.0030365 0.0003985 4.075e-05 2.25e-06 0 0 0 0 0 0 0 0 0 0 
1 0.899265 0.673991 0.344364 0.102887 0.0188915 0.00252475 0.0002305 1.475e-05 2.5e-07 0 0 0 0 0 0 0 0 0 0 
1 0.899515 0.675208 0.346268 0.104475 0.020103 0.00312975 0.00043325 5.125e-05 3.25e-06 0 0 0 0 0 0 0 0 0 0 
1 0.899918 0.675665 0.347804 0.105607 0.0201013 0.00295425 0.0003705 3.25e-05 1.75e-06 0 0 0 0 0 0 0 0 0 0 
1 0.900312 0.677291 0.349289 0.106109 0.0202223 0.002981 0.00038625 4.1e-05 2.75e-06 0 0 0 0 0 0 0 0 0 0 
1 0.900454 0.676865 0.348318 0.10512 0.0200535 0.00286875 0.00032175 1.575e-05 2.5e-07 0 0 0 0 0 0 0 0 0 0 
1 0.899598 0.674943 0.346332 0.103831 0.0192983 0.00271075 0.00032575 2.9e-05 1.5e-06 0 0 0 0 0 0 0 0 0 0 
1 0.8999 0.675164 0.346772 0.104414 0.0199538 0.002823 0.00035525 4.275e-05 1.25e-06 0 0 0 0 0 0 0 0 0 0 
1 0.899788 0.674737 0.346161 0.104511 0.0197708 0.0028065 0.000336 2.975e-05 5e-07 0 0 0 0 0 0 0 0 0 0 
1 0.89985 0.674551 0.344794 0.102472 0.0188598 0.00260325 0.00032675 5.15e-05 6.5e-06 5e-07 0 0 0 0 0 0 0 0 0 
1 0.900867 0.67833 0.351136 0.106669 0.0197978 0.00258125 0.00029675 2.45e-05 2e-06 0 0 0 0 0 0 0 0 0 0 
1 0.89973 0.674611 0.345661 0.103387 0.0192018 0.00260625 0.00030975 2.45e-05 7.5e-07 0 0 0 0 0 0 0 0 0 0 
1 0.899744 0.67603 0.346989 0.103924 0.0191953 0.00259675 0.00026875 1.95e-05 1e-06 0 0 0 0 0 0 0 0 0 0 
1 0.900624 0.677161 0.349424 0.106474 0.020763 0.0030305 0.000366 4.125e-05 3.75e-06 2.5e-07 0 0 0 0 0 0 0 0 0 
1 0.900188 0.676968 0.348677 0.105532 0.0200458 0.0030365 0.0004655 8.075e-05 1.3e-05 2.5e-07 0 0 0 0 0 0 0 0 0 
1 0.899953 0.676532 0.348242 0.105481 0.0196458 0.0026335 0.000249 2.35e-05 2.5e-06 0 0 0 0 0 0 0 0 0 0 
1 0.899652 0.675105 0.347347 0.105027 0.0198625 0.002907 0.00037725 3.15e-05 1e-06 0 0 0 0 0 0 0 0 0 0 
1 0.900105 0.676467 0.348287 0.105465 0.0199508 0.00283425 0.00036025 3.8e-05 1e-06 0 0 0 0 0 0 0 0 0 0 
1 0.900795 0.677838 0.350613 0.107674 0.0212538 0.00317575 0.0004765 9.55e-05 1.925e-05 5.5e-06 5e-07 0 0 0 0 0 0 0 0 
1 0.899626 0.675427 0.346939 0.104937 0.0199708 0.00281 0.000305 3.25e-05 3e-06 0 0 0 0 0 0 0 0 0 0 
1 0.900022 0.676395 0.34966 0.107142 0.0212478 0.00329875 0.00041225 2.95e-05 1.75e-06 2.5e-07 0 0 0 0 0 0 0 0 0 
1 0.899682 0.674494 0.34601 0.103978 0.0197973 0.00282625 0.000344 2.275e-05 0 0 0 0 0 0 0 0 0 0 0 
1 0.900296 0.676353 0.347976 0.104796 0.0198018 0.0028805 0.00034175 4.025e-05 2.25e-06 0 0 0 0 0 0 0 0 0 0 
1 0.899261 0.674082 0.344692 0.103248 0.019479 0.00278275 0.000318 1.825e-05 2.5e-07 0 0 0 0 0 0 0 0 0 0 
1 0.90005 0.676768 0.348869 0.10618 0.0204628 0.002993 0.00036375 3.7e-05 7.5e-07 0 0 0 0 0 0 0 0 0 0 
1 0.899648 0.675095 0.346253 0.104321 0.0199088 0.00290125 0.00038075 4.625e-05 4.5e-06 0 0 0 0 0 0 0 0 0 0 
1 0.900428 0.677175 0.348804 0.104707 0.0190625 0.002548 0.0002545 1.8e-05 1e-06 0 0 0 0 0 0 0 0 0 0 
1 0.898804 0.672721 0.342384 0.100875 0.0187398 0.00274875 0.00036775 3.725e-05 1.75e-06 0 0 0 0 0 0 0 0 0 0 
1 0.900035 0.67618 0.347972 0.106267 0.0212293 0.00339675 0.00054675 0.00013725 3.25e-05 3e-06 0 0 0 0 0 0 0 0 0 
1 0.900106 0.676063 0.346919 0.104654 0.019965 0.00300175 0.00042575 4.575e-05 2e-06 0 0 0 0 0 0 0 0 0 0 
1 0.900025 0.67663 0.348615 0.105535 0.0203148 0.00323025 0.0006335 0.0001745 5.325e-05 1.1e-05 2.5e-07 0 0 0 0 0 0 0 0 
1 0.900157 0.675969 0.348494 0.105805 0.0204453 0.00308225 0.00041175 5.275e-05 2.25e-06 0 0 0 0 0 0 0 0 0 0 
1 0.899928 0.67535 0.346915 0.104698 0.0197708 0.002908 0.00043975 7.125e-05 7.75e-06 1.25e-06 0 0 0 0 0 0 0 0 0 
1 0.899801 0.675224 0.346827 0.104873 0.0200563 0.002875 0.0003255 1.9e-05 1e-06 0 0 0 0 0 0 0 0 0 0 
1 0.900074 0.675812 0.347155 0.10523 0.0204983 0.00306525 0.00045175 8.1e-05 1.525e-05 1e-06 0 0 0 0 0 0 0 0 0 
1 0.899544 0.674681 0.345792 0.104341 0.0198585 0.00292925 0.00035675 4e-05 5.5e-06 0 0 0 0 0 0 0 0 0 0 
1 0.900172 0.676288 0.347077 0.104079 0.0194315 0.0026465 0.000275 1.675e-05 7.5e-07 0 0 0 0 0 0 0 0 0 0 
1 0.899908 0.67607 0.348355 0.10586 0.020484 0.00326175 0.000545 9.575e-05 1.6e-05 1.5e-06 0 0 0 0 0 0 0 0 0 
1 0.900276 0.676168 0.347402 0.104812 0.0197758 0.0028205 0.00038075 7e-05 1.1e-05 2.5e-07 0 0 0 0 0 0 0 0 0 
1 0.900702 0.677289 0.349342 0.105747 0.019976 0.00296875 0.000415 4.9e-05 6e-06 2.5e-07 0 0 0 0 0 0 0 0 0 
1 0.900103 0.676033 0.347762 0.104411 0.019273 0.00253475 0.000275 1.625e-05 5e-07 0 0 0 0 0 0 0 0 0 0 
1 0.900531 0.67724 0.349911 0.106926 0.020818 0.00318625 0.00046825 6.5e-05 7e-06 0 0 0 0 0 0 0 0 0 0 
1 0.899292 0.674692 0.345767 0.103112 0.0187883 0.0025255 0.00028175 2.325e-05 5e-07 0 0 0 0 0 0 0 0 0 0 
1 0.900144 0.675586 0.346922 0.104373 0.0198783 0.002792 0.000333 2.45e-05 1e-06 0 0 0 0 0 0 0 0 0 0 
1 0.899843 0.675252 0.346824 0.105131 0.0202948 0.003203 0.00049925 5.025e-05 1.5e-06 0 0 0 0 0 0 0 0 0 0 
1 0.900631 0.677193 0.349684 0.106665 0.0204483 0.00291225 0.0003715 3.65e-05 5e-07 0 0 0 0 0 0 0 0 0 0 
1 0.899673 0.674619 0.346087 0.103829 0.019737 0.0031015 0.00042925 3.675e-05 1e-06 0 0 0 0 0 0 0 0 0 0 
1 0.899818 0.675066 0.345425 0.102885 0.0187935 0.0025005 0.000285 3e-05 4.5e-06 0 0 0 0 0 0 0 0 0 0 
1 0.899964 0.675454 0.346173 0.1036 0.0194283 0.00290025 0.00041875 6.175e-05 5.25e-06 0 0 0 0 0 0 0 0 0 0 
1 0.899923 0.675331 0.346245 0.103175 0.0187585 0.00249 0.0002645 2.25e-05 5e-07 0 0 0 0 0 0 0 0 0 0 
1 0.900181 0.676499 0.348481 0.105607 0.0200418 0.00288925 0.00039025 4.1e-05 4e-06 0 0 0 0 0 0 0 0 0 0 
1 0.89987 0.675157 0.346717 0.104637 0.0202308 0.003127 0.000448 7.025e-05 1.5e-05 2.75e-06 2.5e-07 0 0 0 0 0 0 0 0 
1 0.899611 0.674664 0.345789 0.104499 0.019947 0.00265375 0.00025675 1.425e-05 5e-07 0 0 0 0 0 0 0 0 0 0 
1 0.900226 0.676532 0.34895 0.106262 0.0206173 0.0030265 0.000372 3.525e-05 2.5e-07 0 0 0 0 0 0 0 0 0 0 
1 0.899731 0.675448 0.347119 0.104534 0.0200648 0.0030545 0.000436 7.35e-05 1.7e-05 3e-06 0 0 0 0 0 0 0 0 0 
1 0.899229 0.673433 0.343395 0.101514 0.018585 0.002657 0.00039175 5.6e-05 3.5e-06 0 0 0 0 0 0 0 0 0 0 
1 0.900048 0.675395 0.346194 0.103402 0.0192385 0.002711 0.00032775 2.875e-05 1.25e-06 0 0 0 0 0 0 0 0 0 0 
1 0.900079 0.676153 0.34872 0.105418 0.0198583 0.00287725 0.000432 0.000104 2.05e-05 1e-06 0 0 0 0 0 0 0 0 0 
1 0.900329 0.676741 0.3489 0.105641 0.020037 0.00293925 0.000361 2.875e-05 2.5e-07 0 0 0 0 0 0 0 0 0 0 
1 0.900068 0.676279 0.347194 0.105057 0.020247 0.00301975 0.00037475 4.125e-05 3.75e-06 0 0 0 0 0 0 0 0 0 0 
1 0.900214 0.675981 0.347616 0.104313 0.0194613 0.0026665 0.00031125 4.4e-05 2e-06 0 0 0 0 0 0 0 0 0 0 
1 0.900421 0.676453 0.348824 0.106476 0.020822 0.0033365 0.00060975 0.00013825 2.225e-05 1.25e-06 0 0 0 0 0 0 0 0 0 
1 0.900251 0.676286 0.347481 0.10449 0.0195713 0.00283375 0.0003515 3.2e-05 1.25e-06 0 0 0 0 0 0 0 0 0 0 
1 0.899915 0.675573 0.347242 0.105104 0.0202388 0.003125 0.00047175 6.05e-05 4.75e-06 0 0 0 0 0 0 0 0 0 0 
1 0.89997 0.675915 0.347691 0.105415 0.020564 0.00309225 0.0004165 3.775e-05 1.25e-06 0 0 0 0 0 0 0 0 0 0 
1 0.900183 0.675343 0.346017 0.104189 0.0200375 0.00306525 0.000466 7.85e-05 9.25e-06 0 0 0 0 0 0 0 0 0 0 
1 0.899854 0.675322 0.347177 0.104724 0.019935 0.002947 0.0004155 6.15e-05 8.25e-06 2.5e-07 0 0 0 0 0 0 0 0 0 
1 0.899854 0.675501 0.347546 0.106056 0.0209855 0.00327375 0.00046825 4.2e-05 2.5e-07 0 0 0 0 0 0 0 0 0 0 
1 0.899584 0.674703 0.34552 0.1037 0.019976 0.00293475 0.00036475 4.2e-05 1.25e-06 0 0 0 0 0 0 0 0 0 0 
1 0.899748 0.675381 0.346536 0.104163 0.0194198 0.0026895 0.0002965 2.175e-05 2.5e-07 0 0 0 0 0 0 0 0 0 0 
1 0.900178 0.676128 0.347122 0.103973 0.0192548 0.0025005 0.0002295 1.575e-05 3e-06 0 0 0 0 0 0 0 0 0 0 
1 0.89992 0.675006 0.345925 0.10372 0.0198313 0.003162 0.00047575 5.45e-05 3.25e-06 0 0 0 0 0 0 0 0 0 0 
1 0.899443 0.675151 0.346898 0.104715 0.0197555 0.00277825 0.000311 3.525e-05 1.25e-06 0 0 0 0 0 0 0 0 0 0 
1 0.900032 0.67664 0.349656 0.107266 0.021103 0.0032655 0.000437 4.475e-05 3.5e-06 2.5e-07 0 0 0 0 0 0 0 0 0 
1 0.900877 0.679283 0.352289 0.108231 0.0210638 0.0029245 0.000291 1.2e-05 1.38778e-17 0 0 0 0 0 0 0 0 0 0 
1 0.899685 0.675151 0.345956 0.103788 0.0195993 0.00288225 0.00045175 7.875e-05 1.3e-05 1e-06 0 0 0 0 0 0 0 0 0 
1 0.899988 0.676304 0.348005 0.105569 0.020256 0.00301625 0.00042125 4.15e-05 0 0 0 0 0 0 0 0 0 0 0 
1 0.900482 0.676925 0.348601 0.105883 0.020817 0.0033785 0.00051775 7.875e-05 1.225e-05 2.5e-07 0 0 0 0 0 0 0 0 0 
1 0.898936 0.672998 0.3435 0.102653 0.019201 0.0026535 0.0003185 2.25e-05 5e-07 0 0 0 0 0 0 0 0 0 0 
1 0.900971 0.677854 0.349691 0.105906 0.0196855 0.0026835 0.00033825 4.1e-05 1.75e-06 0 0 0 0 0 0 0 0 0 0 
1 0.90063 0.67787 0.350686 0.107175 0.0212413 0.00343375 0.0005785 0.0001195 2.45e-05 2.25e-06 0 0 0 0 0 0 0 0 0 
1 0.899549 0.675229 0.347179 0.104724 0.019983 0.003032 0.00047 6.825e-05 5.5e-06 7.5e-07 0 0 0 0 0 0 0 0 0 
1 0.899987 0.676126 0.34793 0.104839 0.0198468 0.00286075 0.000342 3e-05 1.25e-06 0 0 0 0 0 0 0 0 0 0 
1 0.899792 0.675058 0.346499 0.104039 0.0193115 0.00269425 0.000353 6.4e-05 8.25e-06 2.5e-07 0 0 0 0 0 0 0 0 0 
1 0.900311 0.676768 0.348487 0.105112 0.01997 0.00276175 0.0003185 2.3e-05 2.5e-07 0 0 0 0 0 0 0 0 0 0 
1 0.900312 0.677008 0.349355 0.106129 0.020463 0.0031525 0.00048375 4.725e-05 2.5e-06 0 0 0 0 0 0 0 0 0 0 
1 0.899433 0.674051 0.344398 0.102323 0.0188443 0.00265625 0.000369 5.225e-05 3e-06 0 0 0 0 0 0 0 0 0 0 
1 0.899491 0.674586 0.346246 0.10418 0.019618 0.0027965 0.00037975 4.85e-05 2.5e-06 0 0 0 0 0 0 0 0 0 0 
1 0.899732 0.675672 0.347578 0.105607 0.020214 0.00291925 0.00032325 3.8e-05 6.5e-06 2.5e-07 0 0 0 0 0 0 0 0 0 
1 0.900003 0.675626 0.347899 0.105381 0.0202335 0.00303675 0.00037375 3.625e-05 2e-06 0 0 0 0 0 0 0 0 0 0 
1 0.90107 0.679516 0.35252 0.107964 0.0207793 0.00292575 0.000304 1.95e-05 7.5e-07 0 0 0 0 0 0 0 0 0 0 
1 0.90066 0.677959 0.350381 0.107041 0.02099 0.00339275 0.00051 6.675e-05 5.75e-06 2.5e-07 0 0 0 0 0 0 0 0 0 
1 0.900098 0.676525 0.34823 0.10559 0.020458 0.003189 0.0004665 5.875e-05 8.25e-06 2.5e-07 0 0 0 0 0 0 0 0 0 
1 0.900003 0.675819 0.346586 0.103414 0.019135 0.002584 0.000297 2.475e-05 2.25e-06 0 0 0 0 0 0 0 0 0 0 
1 0.899341 0.674048 0.34527 0.103875 0.0196613 0.002839 0.00039325 5.775e-05 5e-06 0 0 0 0 0 0 0 0 0 0 
1 0.900055 0.676408 0.347925 0.105593 0.0204693 0.002934 0.00030975 2.175e-05 7.5e-07 0 0 0 0 0 0 0 0 0 0 
1 0.899732 0.675383 0.347074 0.105141 0.0205723 0.003237 0.0004685 5.325e-05 1.75e-06 0 0 0 0 0 0 0 0 0 0 
1 0.900353 0.676599 0.348174 0.10541 0.0199505 0.002781 0.00032425 2.025e-05 5e-07 0 0 0 0 0 0 0 0 0 0 
1 0.900032 0.675452 0.347157 0.105174 0.0197518 0.00271875 0.0003345 6.95e-05 1.275e-05 1.25e-06 0 0 0 0 0 0 0 0 0 
1 0.89965 0.67527 0.347188 0.105306 0.0206373 0.00334975 0.00048275 4.95e-05 1.5e-06 0 0 0 0 0 0 0 0 0 0 
1 0.899609 0.674671 0.345913 0.104318 0.0200118 0.002955 0.00034025 3.525e-05 1.5e-06 0 0 0 0 0 0 0 0 0 0 
1 0.900255 0.676271 0.348307 0.105854 0.0203015 0.00299775 0.0003705 2.65e-05 5e-07 0 0 0 0 0 0 0 0 0 0 
1 0.899517 0.674494 0.345356 0.103338 0.0190875 0.0027215 0.00034525 3.325e-05 1.5e-06 0 0 0 0 0 0 0 0 0 0 
1 0.900464 0.676973 0.348973 0.105778 0.0201878 0.00296 0.0004485 6.2e-05 8.75e-06 7.5e-07 0 0 0 0 0 0 0 0 0 
1 0.899667 0.675499 0.347635 0.105705 0.0203553 0.002927 0.00033625 3.25e-05 1.75e-06 0 0 0 0 0 0 0 0 0 0 
1 0.899968 0.676661 0.34915 0.106417 0.0209908 0.00330625 0.000493 8.025e-05 8.5e-06 2.5e-07 0 0 0 0 0 0 0 0 0 
1 0.899921 0.675615 0.347344 0.10525 0.0202903 0.00296 0.0003855 4.725e-05 1.75e-06 0 0 0 0 0 0 0 0 0 0 
1 0.899926 0.675881 0.347366 0.104716 0.019719 0.0028915 0.00045625 9.375e-05 1.475e-05 2.5e-07 0 0 0 0 0 0 0 0 0 
1 0.899679 0.675264 0.34683 0.104615 0.0202705 0.00325925 0.0005205 0.000102 1.975e-05 2.25e-06 2.5e-07 0 0 0 0 0 0 0 0 
1 0.899315 0.674107 0.345101 0.103318 0.0191383 0.00258025 0.00026975 1.525e-05 2.5e-07 0 0 0 0 0 0 0 0 0 0 
1 0.90018 0.675673 0.347599 0.104492 0.019646 0.00275925 0.00033625 4.125e-05 2e-06 0 0 0 0 0 0 0 0 0 0 
1 0.89891 0.672999 0.343264 0.102549 0.0190253 0.00263075 0.00030325 3.925e-05 4e-06 0 0 0 0 0 0 0 0 0 0 
1 0.899956 0.675558 0.347528 0.105069 0.01997 0.00290075 0.0003955 5.575e-05 4e-06 0 0 0 0 0 0 0 0 0 0 
1 0.898999 0.672917 0.342695 0.101925 0.0187488 0.0024505 0.000215 6.75e-06 2.5e-07 0 0 0 0 0 0 0 0 0 0 
1 0.899825 0.675003 0.34576 0.103611 0.019751 0.00287475 0.0003015 2.1e-05 2.5e-07 0 0 0 0 0 0 0 0 0 0 
1 0.900364 0.67621 0.348245 0.105489 0.0201495 0.00290525 0.00049725 0.00011325 2.85e-05 6.75e-06 1e-06 0 0 0 0 0 0 0 0 
1 0.899724 0.674423 0.346218 0.104478 0.0201338 0.00289475 0.0003225 2.625e-05 7.5e-07 0 0 0 0 0 0 0 0 0 0 
1 0.900036 0.676397 0.347962 0.105364 0.02019 0.0029755 0.000374 3.9e-05 1.5e-06 0 0 0 0 0 0 0 0 0 0 
1 0.900787 0.677808 0.350758 0.107194 0.0207348 0.00313225 0.00044275 7e-05 6.5e-06 0 0 0 0 0 0 0 0 0 0 
1 0.900446 0.676663 0.348625 0.105418 0.0196483 0.0027665 0.00038475 5.675e-05 7e-06 0 0 0 0 0 0 0 0 0 0 
1 0.900076 0.675683 0.345868 0.103654 0.0192413 0.00268825 0.0003305 3.2e-05 1.25e-06 0 0 0 0 0 0 0 0 0 0 
1 0.900149 0.67591 0.347603 0.104392 0.0192323 0.00262525 0.000337 5.575e-05 8e-06 0 0 0 0 0 0 0 0 0 0 
1 0.899987 0.675913 0.34809 0.105231 0.0201948 0.00305225 0.00045525 6e-05 6e-06 0 0 0 0 0 0 0 0 0 0 
1 0.899406 0.674273 0.345219 0.10276 0.0189013 0.00269975 0.000343 5.475e-05 1.175e-05 3.5e-06 0 0 0 0 0 0 0 0 0 
1 0.900026 0.67628 0.347943 0.105173 0.0200623 0.00290375 0.00033 2.25e-05 2.5e-07 0 0 0 0 0 0 0 0 0 0 
1 0.900646 0.677588 0.350798 0.108169 0.0214058 0.003291 0.00048725 8.1e-05 1.25e-05 2.75e-06 0 0 0 0 0 0 0 0 0 
1 0.900117 0.67643 0.348258 0.105972 0.0205028 0.003021 0.00036625 3.625e-05 3e-06 0 0 0 0 0 0 0 0 0 0 
1 0.900672 0.677207 0.350343 0.107118 0.0207985 0.00289925 0.00031725 2.85e-05 7.5e-07 0 0 0 0 0 0 0 0 0 0 
1 0.900393 0.676605 0.348955 0.105837 0.0200793 0.00293375 0.0003745 3.85e-05 7.5e-07 0 0 0 0 0 0 0 0 0 0 
1 0.899759 0.675352 0.347073 0.104836 0.0197868 0.002809 0.0003635 5.35e-05 3.25e-06 0 0 0 0 0 0 0 0 0 0 
1 0.899857 0.675538 0.347308 0.105513 0.020361 0.00303225 0.00034925 2.475e-05 0 0 0 0 0 0 0 0 0 0 0 
1 0.900556 0.67714 0.349353 0.106027 0.0199015 0.00278775 0.0003775 6.325e-05 1.175e-05 1.38778e-17 0 0 0 0 0 0 0 0 0 
1 0.899984 0.675731 0.346929 0.104501 0.0199158 0.00289225 0.00040875 5.95e-05 6.5e-06 0 0 0 0 0 0 0 0 0 0 
1 0.899795 0.675437 0.347234 0.105259 0.0204215 0.00320725 0.00043775 5.375e-05 3.75e-06 0 0 0 0 0 0 0 0 0 0 
1 0.900317 0.67626 0.34766 0.104509 0.0194865 0.00268225 0.000296 2.275e-05 1e-06 0 0 0 0 0 0 0 0 0 0 
1 0.900576 0.67784 0.350252 0.107017 0.0208153 0.003231 0.00048975 5.825e-05 2.75e-06 0 0 0 0 0 0 0 0 0 0 
1 0.900031 0.676671 0.349303 0.106104 0.020679 0.003056 0.00034575 1.675e-05 5e-07 0 0 0 0 0 0 0 0 0 0 
1 0.900142 0.675969 0.34788 0.105064 0.0197755 0.002826 0.00033775 2.475e-05 7.5e-07 0 0 0 0 0 0 0 0 0 0 
1 0.900676 0.677527 0.349247 0.105468 0.0200478 0.002996 0.0004045 3.575e-05 1.75e-06 0 0 0 0 0 0 0 0 0 0 
1 0.899659 0.675361 0.347651 0.105577 0.0203808 0.0030415 0.000393 5.125e-05 3e-06 0 0 0 0 0 0 0 0 0 0 
1 0.900277 0.676368 0.348245 0.105603 0.020606 0.00304425 0.0003285 2.05e-05 0 0 0 0 0 0 0 0 0 0 0 
1 0.899801 0.675564 0.346386 0.103461 0.019125 0.00274675 0.00037125 5.2e-05 5.5e-06 0 0 0 0 0 0 0 0 0 0 
1 0.900066 0.676336 0.348571 0.105967 0.020682 0.00327725 0.000481 6.725e-05 8.75e-06 0 0 0 0 0 0 0 0 0 0 
1 0.900497 0.677144 0.34929 0.106278 0.0208263 0.003315 0.000493 6.5e-05 6e-06 2.5e-07 0 0 0 0 0 0 0 0 0 
1 0.900283 0.676967 0.348744 0.105483 0.0198618 0.002736 0.0003355 4e-05 3e-06 0 0 0 0 0 0 0 0 0 0 
1 0.900448 0.676251 0.347912 0.105756 0.0204555 0.003148 0.0004875 7.975e-05 5.75e-06 2.5e-07 0 0 0 0 0 0 0 0 0 
1 0.899866 0.675835 0.347558 0.105086 0.0200233 0.0029795 0.00037125 3.625e-05 1.75e-06 0 0 0 0 0 0 0 0 0 0 
1 0.9006 0.677923 0.351331 0.107495 0.0208948 0.0030945 0.000439 8.075e-05 1.075e-05 1e-06 0 0 0 0 0 0 0 0 0 
