1 0.700147 0.265704 0.0293173 0.00062475 5e-06 0 0 0 0 0 0 0 0 0 0 0 0 0 0 
1 0.699868 0.265824 0.0291865 0.00061325 5e-06 0 0 0 0 0 0 0 0 0 0 0 0 0 0 
1 0.699806 0.265441 0.029095 0.00063675 5e-06 0 0 0 0 0 0 0 0 0 0 0 0 0 0 
1 0.698679 0.264296 0.028865 0.000624 3.5e-06 0 0 0 0 0 0 0 0 0 0 0 0 0 0 
1 0.700458 0.26628 0.0295395 0.0006365 2.75e-06 0 0 0 0 0 0 0 0 0 0 0 0 0 0 
1 0.699574 0.265874 0.0294063 0.00064975 4.5e-06 0 0 0 0 0 0 0 0 0 0 0 0 0 0 
1 0.700401 0.266841 0.0294725 0.000653 3.75e-06 0 0 0 0 0 0 0 0 0 0 0 0 0 0 
1 0.699794 0.265886 0.0293055 0.0006195 3.5e-06 0 0 0 0 0 0 0 0 0 0 0 0 0 0 
1 0.699769 0.265164 0.028944 0.00063675 3.5e-06 0 0 0 0 0 0 0 0 0 0 0 0 0 0 
1 0.700366 0.266551 0.0294908 0.00061475 3.75e-06 2.5e-07 0 0 0 0 0 0 0 0 0 0 0 0 0 
1 0.700046 0.266009 0.029112 0.00062475 3.25e-06 0 0 0 0 0 0 0 0 0 0 0 0 0 0 
1 0.699506 0.265654 0.0292985 0.0006335 3.25e-06 0 0 0 0 0 0 0 0 0 0 0 0 0 0 
1 0.70007 0.265943 0.0291765 0.00064275 3.5e-06 0 0 0 0 0 0 0 0 0 0 0 0 0 0 
1 0.699838 0.266111 0.0293073 0.000648 4e-06 0 0 0 0 0 0 0 0 0 0 0 0 0 0 
1 0.700207 0.266013 0.0291138 0.00061225 5.75e-06 0 0 0 0 0 0 0 0 0 0 0 0 0 0 
1 0.700346 0.265759 0.0291795 0.00063275 2e-06 0 0 0 0 0 0 0 0 0 0 0 0 0 0 
1 0.700061 0.266404 0.0294183 0.00063225 5.5e-06 0 0 0 0 0 0 0 0 0 0 0 0 0 0 
1 0.699792 0.265259 0.0288965 0.000618 4.75e-06 0 0 0 0 0 0 0 0 0 0 0 0 0 0 
1 0.69951 0.26593 0.0292983 0.0006365 5e-06 0 0 0 0 0 0 0 0 0 0 0 0 0 0 
1 0.699755 0.265524 0.0291518 0.000606 2.5e-06 0 0 0 0 0 0 0 0 0 0 0 0 0 0 
1 0.700385 0.266074 0.0292898 0.00061725 4.75e-06 0 0 0 0 0 0 0 0 0 0 0 0 0 0 
1 0.700281 0.266213 0.0291508 0.000613 3.5e-06 0 0 0 0 0 0 0 0 0 0 0 0 0 0 
1 0.699737 0.265825 0.0291215 0.0006435 4.25e-06 0 0 0 0 0 0 0 0 0 0 0 0 0 0 
1 0.700554 0.265822 0.0292503 0.00064725 6e-06 0 0 0 0 0 0 0 0 0 0 0 0 0 0 
1 0.6991 0.264688 0.0289673 0.00062225 4.75e-06 0 0 0 0 0 0 0 0 0 0 0 0 0 0 
1 0.700041 0.266194 0.0294173 0.000661 6.5e-06 0 0 0 0 0 0 0 0 0 0 0 0 0 0 
1 0.700492 0.266173 0.0295615 0.00066525 5e-06 0 0 0 0 0 0 0 0 0 0 0 0 0 0 
1 0.700006 0.265979 0.0292963 0.00065225 2.25e-06 0 0 0 0 0 0 0 0 0 0 0 0 0 0 
1 0.699902 0.26574 0.0291525 0.0006225 4.25e-06 0 0 0 0 0 0 0 0 0 0 0 0 0 0 
1 0.70042 0.266451 0.0294008 0.00062775 5.75e-06 0 0 0 0 0 0 0 0 0 0 0 0 0 0 
1 0.699303 0.265604 0.0292208 0.00065375 5.5e-06 0 0 0 0 0 0 0 0 0 0 0 0 0 0 
1 0.699381 0.265327 0.0290628 0.00065125 4.5e-06 0 0 0 0 0 0 0 0 0 0 0 0 0 0 
1 0.700558 0.266426 0.0294513 0.00064975 3.75e-06 0 0 0 0 0 0 0 0 0 0 0 0 0 0 
1 0.700552 0.266589 0.0294998 0.0006465 4.75e-06 0 0 0 0 0 0 0 0 0 0 0 0 0 0 
1 0.700152 0.265724 0.0293055 0.00065775 4.25e-06 0 0 0 0 0 0 0 0 0 0 0 0 0 0 
1 0.699436 0.265464 0.0293175 0.000641 6.75e-06 0 0 0 0 0 0 0 0 0 0 0 0 0 0 
1 0.699909 0.266286 0.029191 0.00066625 5.25e-06 0 0 0 0 0 0 0 0 0 0 0 0 0 0 
1 0.700485 0.266618 0.029536 0.00065775 3.25e-06 0 0 0 0 0 0 0 0 0 0 0 0 0 0 
1 0.700657 0.266797 0.0294468 0.0006335 3e-06 0 0 0 0 0 0 0 0 0 0 0 0 0 0 
1 0.700321 0.266535 0.0296855 0.00064875 2.75e-06 0 0 0 0 0 0 0 0 0 0 0 0 0 0 
1 0.699251 0.264958 0.028981 0.0006305 3e-06 0 0 0 0 0 0 0 0 0 0 0 0 0 0 
1 0.699613 0.265529 0.0293183 0.00065575 3.5e-06 0 0 0 0 0 0 0 0 0 0 0 0 0 0 
1 0.699996 0.266312 0.0295253 0.00065825 1.75e-06 0 0 0 0 0 0 0 0 0 0 0 0 0 0 
1 0.69985 0.265729 0.0291115 0.00064275 4e-06 0 0 0 0 0 0 0 0 0 0 0 0 0 0 
1 0.700092 0.265959 0.0291458 0.0006415 2e-06 0 0 0 0 0 0 0 0 0 0 0 0 0 0 
1 0.700765 0.266465 0.0291595 0.00062025 2.5e-06 0 0 0 0 0 0 0 0 0 0 0 0 0 0 
1 0.699887 0.266017 0.0293378 0.0006225 2.25e-06 0 0 0 0 0 0 0 0 0 0 0 0 0 0 
1 0.700257 0.2661 0.029018 0.00064425 7.25e-06 0 0 0 0 0 0 0 0 0 0 0 0 0 0 
1 0.700291 0.265944 0.029009 0.00058825 1e-06 0 0 0 0 0 0 0 0 0 0 0 0 0 0 
1 0.700408 0.266585 0.0291928 0.0006245 3.5e-06 0 0 0 0 0 0 0 0 0 0 0 0 0 0 
1 0.700121 0.266267 0.0295985 0.00066475 5.75e-06 0 0 0 0 0 0 0 0 0 0 0 0 0 0 
1 0.699495 0.26528 0.0291285 0.0006 3.25e-06 0 0 0 0 0 0 0 0 0 0 0 0 0 0 
1 0.700215 0.266347 0.029411 0.000624 2.5e-06 0 0 0 0 0 0 0 0 0 0 0 0 0 0 
1 0.700266 0.265769 0.0292155 0.0006475 3.5e-06 0 0 0 0 0 0 0 0 0 0 0 0 0 0 
1 0.699351 0.26544 0.0292098 0.000623 3.75e-06 0 0 0 0 0 0 0 0 0 0 0 0 0 0 
1 0.700288 0.26626 0.0292425 0.00064325 4.25e-06 0 0 0 0 0 0 0 0 0 0 0 0 0 0 
1 0.699855 0.265836 0.029472 0.00066625 4.75e-06 2.5e-07 0 0 0 0 0 0 0 0 0 0 0 0 0 
1 0.699626 0.265764 0.0291633 0.0006315 3.5e-06 0 0 0 0 0 0 0 0 0 0 0 0 0 0 
1 0.700527 0.266225 0.0293685 0.00065625 2.75e-06 0 0 0 0 0 0 0 0 0 0 0 0 0 0 
1 0.700166 0.266527 0.0293065 0.00066175 6.5e-06 0 0 0 0 0 0 0 0 0 0 0 0 0 0 
1 0.70037 0.266701 0.0294905 0.00067775 5e-06 0 0 0 0 0 0 0 0 0 0 0 0 0 0 
1 0.699739 0.265971 0.0291873 0.0006085 3.25e-06 0 0 0 0 0 0 0 0 0 0 0 0 0 0 
1 0.700393 0.266682 0.029525 0.000621 1.25e-06 0 0 0 0 0 0 0 0 0 0 0 0 0 0 
1 0.700353 0.266704 0.0295775 0.0006715 3.75e-06 0 0 0 0 0 0 0 0 0 0 0 0 0 0 
1 0.699407 0.265481 0.0290543 0.00062075 2.25e-06 0 0 0 0 0 0 0 0 0 0 0 0 0 0 
1 0.70014 0.266101 0.0293033 0.00061 3e-06 0 0 0 0 0 0 0 0 0 0 0 0 0 0 
1 0.700623 0.266351 0.029553 0.000662 5e-06 0 0 0 0 0 0 0 0 0 0 0 0 0 0 
1 0.699997 0.265893 0.0296018 0.00063475 3.5e-06 0 0 0 0 0 0 0 0 0 0 0 0 0 0 
1 0.700235 0.265659 0.029255 0.000632 2.5e-06 0 0 0 0 0 0 0 0 0 0 0 0 0 0 
1 0.699842 0.265738 0.0292905 0.00067425 6.25e-06 0 0 0 0 0 0 0 0 0 0 0 0 0 0 
1 0.698999 0.264818 0.029122 0.00060475 3e-06 0 0 0 0 0 0 0 0 0 0 0 0 0 0 
1 0.699427 0.265693 0.02925 0.0006495 3.25e-06 0 0 0 0 0 0 0 0 0 0 0 0 0 0 
1 0.700384 0.265905 0.0290903 0.0006245 3.75e-06 0 0 0 0 0 0 0 0 0 0 0 0 0 0 
1 0.700057 0.265897 0.0292143 0.00065775 6e-06 0 0 0 0 0 0 0 0 0 0 0 0 0 0 
1 0.699718 0.265707 0.0290643 0.00063625 5e-06 0 0 0 0 0 0 0 0 0 0 0 0 0 0 
1 0.700026 0.265778 0.029229 0.0006355 1.75e-06 0 0 0 0 0 0 0 0 0 0 0 0 0 0 
1 0.700421 0.266231 0.029499 0.00065925 2.75e-06 0 0 0 0 0 0 0 0 0 0 0 0 0 0 
1 0.699952 0.265959 0.029378 0.000683 4.25e-06 0 0 0 0 0 0 0 0 0 0 0 0 0 0 
1 0.700071 0.266372 0.0295893 0.00067175 5e-06 2.5e-07 0 0 0 0 0 0 0 0 0 0 0 0 0 
1 0.700676 0.266514 0.0295118 0.000643 3.5e-06 0 0 0 0 0 0 0 0 0 0 0 0 0 0 
1 0.700077 0.265478 0.0290698 0.000646 3e-06 0 0 0 0 0 0 0 0 0 0 0 0 0 0 
1 0.700717 0.266614 0.0295803 0.0006315 2.75e-06 0 0 0 0 0 0 0 0 0 0 0 0 0 0 
1 0.699958 0.265445 0.0291535 0.00060875 5.5e-06 0 0 0 0 0 0 0 0 0 0 0 0 0 0 
1 0.700184 0.26599 0.0293175 0.000614 3.5e-06 0 0 0 0 0 0 0 0 0 0 0 0 0 0 
1 0.700007 0.265812 0.0293583 0.000622 3e-06 0 0 0 0 0 0 0 0 0 0 0 0 0 0 
1 0.69982 0.26531 0.0290703 0.000642 3.25e-06 0 0 0 0 0 0 0 0 0 0 0 0 0 0 
1 0.699803 0.265858 0.0292993 0.0006375 3.5e-06 0 0 0 0 0 0 0 0 0 0 0 0 0 0 
1 0.700125 0.265251 0.0289983 0.0006115 3e-06 0 0 0 0 0 0 0 0 0 0 0 0 0 0 
1 0.699985 0.265847 0.0291043 0.00060925 3.25e-06 0 0 0 0 0 0 0 0 0 0 0 0 0 0 
1 0.700491 0.26623 0.029205 0.0006235 4.5e-06 0 0 0 0 0 0 0 0 0 0 0 0 0 0 
1 0.700039 0.266464 0.0295325 0.000662 4.5e-06 0 0 0 0 0 0 0 0 0 0 0 0 0 0 
1 0.70011 0.266422 0.0292745 0.0006165 2e-06 0 0 0 0 0 0 0 0 0 0 0 0 0 0 
1 0.699274 0.264476 0.0287595 0.0006225 3.5e-06 0 0 0 0 0 0 0 0 0 0 0 0 0 0 
1 0.70008 0.266536 0.0293648 0.00062725 2.5e-06 0 0 0 0 0 0 0 0 0 0 0 0 0 0 
1 0.699683 0.265542 0.0290448 0.00059075 3.25e-06 0 0 0 0 0 0 0 0 0 0 0 0 0 0 
1 0.700062 0.266447 0.0294593 0.00069425 5.75e-06 0 0 0 0 0 0 0 0 0 0 0 0 0 0 
1 0.700535 0.266734 0.0295253 0.00065725 5.5e-06 0 0 0 0 0 0 0 0 0 0 0 0 0 0 
1 0.699818 0.26616 0.0293765 0.000617 2e-06 0 0 0 0 0 0 0 0 0 0 0 0 0 0 
1 0.699326 0.265019 0.0288613 0.000606 4e-06 0 0 0 0 0 0 0 0 0 0 0 0 0 0 
1 0.699901 0.265749 0.0290705 0.0006225 4e-06 0 0 0 0 0 0 0 0 0 0 0 0 0 0 
1 0.699738 0.265598 0.029192 0.0006535 5e-06 0 0 0 0 0 0 0 0 0 0 0 0 0 0 
1 0.700053 0.266186 0.029521 0.00061625 3.25e-06 0 0 0 0 0 0 0 0 0 0 0 0 0 0 
1 0.700017 0.266007 0.0291803 0.00062875 1e-06 0 0 0 0 0 0 0 0 0 0 0 0 0 0 
1 0.700021 0.266547 0.0293268 0.000655 4.25e-06 0 0 0 0 0 0 0 0 0 0 0 0 0 0 
1 0.70087 0.267116 0.029436 0.000667 4.5e-06 0 0 0 0 0 0 0 0 0 0 0 0 0 0 
1 0.699813 0.265653 0.028993 0.0006405 2.25e-06 0 0 0 0 0 0 0 0 0 0 0 0 0 0 
1 0.69939 0.265133 0.029213 0.000625 4e-06 0 0 0 0 0 0 0 0 0 0 0 0 0 0 
1 0.699912 0.265552 0.0292923 0.0006725 6.75e-06 0 0 0 0 0 0 0 0 0 0 0 0 0 0 
1 0.699981 0.266211 0.0293093 0.00063425 3e-06 0 0 0 0 0 0 0 0 0 0 0 0 0 0 
1 0.700702 0.266521 0.029302 0.00060775 3e-06 0 0 0 0 0 0 0 0 0 0 0 0 0 0 
1 0.700895 0.266591 0.0292083 0.00059625 2.25e-06 0 0 0 0 0 0 0 0 0 0 0 0 0 0 
1 0.699823 0.265593 0.0292115 0.0006255 4.5e-06 0 0 0 0 0 0 0 0 0 0 0 0 0 0 
1 0.70042 0.266491 0.029414 0.0006235 3.5e-06 0 0 0 0 0 0 0 0 0 0 0 0 0 0 
1 0.69917 0.264874 0.0290363 0.0006435 3.5e-06 0 0 0 0 0 0 0 0 0 0 0 0 0 0 
1 0.70006 0.266429 0.0295115 0.000652 3.75e-06 0 0 0 0 0 0 0 0 0 0 0 0 0 0 
1 0.699512 0.265418 0.0291493 0.0006315 2.25e-06 0 0 0 0 0 0 0 0 0 0 0 0 0 0 
1 0.700287 0.265848 0.0291085 0.00064075 5.75e-06 0 0 0 0 0 0 0 0 0 0 0 0 0 0 
1 0.699591 0.264905 0.0290053 0.00058975 3.25e-06 0 0 0 0 0 0 0 0 0 0 0 0 0 0 
1 0.700509 0.265959 0.0292123 0.00066825 3.75e-06 0 0 0 0 0 0 0 0 0 0 0 0 0 0 
1 0.699108 0.26525 0.0291928 0.000634 2.25e-06 0 0 0 0 0 0 0 0 0 0 0 0 0 0 
1 0.700364 0.265877 0.0292888 0.0006235 1.75e-06 0 0 0 0 0 0 0 0 0 0 0 0 0 0 
1 0.700105 0.26602 0.0291513 0.000652 2.25e-06 0 0 0 0 0 0 0 0 0 0 0 0 0 0 
1 0.699881 0.265576 0.0291575 0.0006435 4.25e-06 0 0 0 0 0 0 0 0 0 0 0 0 0 0 
1 0.700475 0.26655 0.0294058 0.000632 3.75e-06 0 0 0 0 0 0 0 0 0 0 0 0 0 0 
1 0.699841 0.265516 0.0291143 0.0006545 3e-06 0 0 0 0 0 0 0 0 0 0 0 0 0 0 
1 0.699607 0.265238 0.0293155 0.0006605 4.25e-06 0 0 0 0 0 0 0 0 0 0 0 0 0 0 
1 0.700215 0.266133 0.0293273 0.000638 3e-06 2.5e-07 0 0 0 0 0 0 0 0 0 0 0 0 0 
1 0.70089 0.267189 0.029651 0.00067125 6.75e-06 0 0 0 0 0 0 0 0 0 0 0 0 0 0 
1 0.699751 0.265812 0.0290915 0.00061625 5e-06 0 0 0 0 0 0 0 0 0 0 0 0 0 0 
1 0.700142 0.265987 0.0292873 0.0006345 5.25e-06 0 0 0 0 0 0 0 0 0 0 0 0 0 0 
1 0.700004 0.265978 0.029264 0.000648 3.25e-06 0 0 0 0 0 0 0 0 0 0 0 0 0 0 
1 0.700249 0.2665 0.0293623 0.000636 4.75e-06 0 0 0 0 0 0 0 0 0 0 0 0 0 0 
1 0.699613 0.265982 0.0293753 0.00066775 7e-06 0 0 0 0 0 0 0 0 0 0 0 0 0 0 
1 0.699779 0.265393 0.029221 0.00068325 4e-06 0 0 0 0 0 0 0 0 0 0 0 0 0 0 
1 0.699945 0.266087 0.0293625 0.000646 3.25e-06 0 0 0 0 0 0 0 0 0 0 0 0 0 0 
1 0.700437 0.266696 0.0297573 0.0006555 3.5e-06 0 0 0 0 0 0 0 0 0 0 0 0 0 0 
1 0.699988 0.265792 0.0293028 0.00061475 4.25e-06 0 0 0 0 0 0 0 0 0 0 0 0 0 0 
1 0.699704 0.264949 0.0289578 0.00063175 3.25e-06 0 0 0 0 0 0 0 0 0 0 0 0 0 0 
1 0.700555 0.266166 0.029353 0.000622 3.75e-06 0 0 0 0 0 0 0 0 0 0 0 0 0 0 
1 0.699853 0.265265 0.0292083 0.0006365 5e-06 0 0 0 0 0 0 0 0 0 0 0 0 0 0 
1 0.70029 0.266312 0.0293948 0.0006485 5e-06 0 0 0 0 0 0 0 0 0 0 0 0 0 0 
1 0.7001 0.265798 0.0290883 0.00063125 5e-06 0 0 0 0 0 0 0 0 0 0 0 0 0 0 
1 0.699703 0.265852 0.029402 0.00064275 5e-06 0 0 0 0 0 0 0 0 0 0 0 0 0 0 
1 0.69981 0.266116 0.0293365 0.0006395 2.75e-06 0 0 0 0 0 0 0 0 0 0 0 0 0 0 
1 0.70015 0.265789 0.0289618 0.0006235 3.5e-06 0 0 0 0 0 0 0 0 0 0 0 0 0 0 
1 0.700271 0.265653 0.02901 0.00062025 2.25e-06 0 0 0 0 0 0 0 0 0 0 0 0 0 0 
1 0.699583 0.265766 0.0291353 0.0006385 3.75e-06 0 0 0 0 0 0 0 0 0 0 0 0 0 0 
1 0.700844 0.266154 0.0291943 0.0006345 3.5e-06 0 0 0 0 0 0 0 0 0 0 0 0 0 0 
1 0.699433 0.264964 0.0289753 0.00061525 4e-06 0 0 0 0 0 0 0 0 0 0 0 0 0 0 
1 0.699857 0.265655 0.0293155 0.00064275 5.75e-06 0 0 0 0 0 0 0 0 0 0 0 0 0 0 
1 0.700097 0.265365 0.0290368 0.00063525 2.25e-06 0 0 0 0 0 0 0 0 0 0 0 0 0 0 
1 0.700543 0.266525 0.0294195 0.00065525 7e-06 2.5e-07 0 0 0 0 0 0 0 0 0 0 0 0 0 
1 0.69988 0.265583 0.0291078 0.00066275 3.5e-06 0 0 0 0 0 0 0 0 0 0 0 0 0 0 
1 0.700088 0.266153 0.029214 0.0006345 2.5e-06 0 0 0 0 0 0 0 0 0 0 0 0 0 0 
1 0.699793 0.265411 0.0291843 0.00063875 2.25e-06 0 0 0 0 0 0 0 0 0 0 0 0 0 0 
1 0.700462 0.266046 0.029351 0.0006175 2.5e-06 0 0 0 0 0 0 0 0 0 0 0 0 0 0 
1 0.700669 0.266462 0.0295628 0.000633 4.25e-06 0 0 0 0 0 0 0 0 0 0 0 0 0 0 
1 0.699516 0.264871 0.0288698 0.00061125 3.25e-06 0 0 0 0 0 0 0 0 0 0 0 0 0 0 
1 0.70021 0.265743 0.0291315 0.0006335 4.75e-06 0 0 0 0 0 0 0 0 0 0 0 0 0 0 
1 0.699411 0.264534 0.0291295 0.000622 3.25e-06 0 0 0 0 0 0 0 0 0 0 0 0 0 0 
1 0.700364 0.266535 0.0294118 0.0006565 2.5e-06 0 0 0 0 0 0 0 0 0 0 0 0 0 0 
1 0.700476 0.266007 0.0292653 0.000636 4e-06 0 0 0 0 0 0 0 0 0 0 0 0 0 0 
1 0.700451 0.266537 0.0297978 0.00069625 6e-06 0 0 0 0 0 0 0 0 0 0 0 0 0 0 
1 0.699755 0.2654 0.0290188 0.0006475 5.5e-06 0 0 0 0 0 0 0 0 0 0 0 0 0 0 
1 0.69985 0.266249 0.0291443 0.00064875 3.75e-06 0 0 0 0 0 0 0 0 0 0 0 0 0 0 
1 0.699846 0.265706 0.0292955 0.000641 4.25e-06 0 0 0 0 0 0 0 0 0 0 0 0 0 0 
1 0.699732 0.265697 0.0294283 0.00067325 2.25e-06 0 0 0 0 0 0 0 0 0 0 0 0 0 0 
1 0.700493 0.266627 0.0295138 0.00065525 4e-06 0 0 0 0 0 0 0 0 0 0 0 0 0 0 
1 0.700771 0.266708 0.0296115 0.00069275 4.25e-06 0 0 0 0 0 0 0 0 0 0 0 0 0 0 
1 0.699949 0.265803 0.0294913 0.00065825 3.5e-06 0 0 0 0 0 0 0 0 0 0 0 0 0 0 
1 0.70004 0.266151 0.0294293 0.0006545 5.25e-06 0 0 0 0 0 0 0 0 0 0 0 0 0 0 
1 0.700189 0.266585 0.029387 0.00063425 3.5e-06 0 0 0 0 0 0 0 0 0 0 0 0 0 0 
1 0.699667 0.265446 0.029188 0.00063075 2.75e-06 0 0 0 0 0 0 0 0 0 0 0 0 0 0 
1 0.699788 0.265756 0.0293948 0.0006565 4.5e-06 0 0 0 0 0 0 0 0 0 0 0 0 0 0 
1 0.700155 0.265998 0.0290563 0.00063525 4e-06 0 0 0 0 0 0 0 0 0 0 0 0 0 0 
1 0.700395 0.266068 0.0292983 0.000648 4.25e-06 0 0 0 0 0 0 0 0 0 0 0 0 0 0 
1 0.699707 0.265066 0.0291168 0.0006315 4.5e-06 0 0 0 0 0 0 0 0 0 0 0 0 0 0 
1 0.699944 0.265768 0.0292683 0.00065325 3.25e-06 0 0 0 0 0 0 0 0 0 0 0 0 0 0 
1 0.70092 0.266899 0.0295093 0.0006565 3.75e-06 0 0 0 0 0 0 0 0 0 0 0 0 0 0 
1 0.700485 0.266837 0.0295148 0.0006245 2.75e-06 0 0 0 0 0 0 0 0 0 0 0 0 0 0 
1 0.699692 0.265839 0.0291185 0.000631 3.5e-06 0 0 0 0 0 0 0 0 0 0 0 0 0 0 
1 0.700234 0.266302 0.029368 0.00065125 3.5e-06 0 0 0 0 0 0 0 0 0 0 0 0 0 0 
1 0.699907 0.265549 0.0289233 0.00062525 5e-06 0 0 0 0 0 0 0 0 0 0 0 0 0 0 
1 0.69988 0.266011 0.0293108 0.00064725 5e-06 0 0 0 0 0 0 0 0 0 0 0 0 0 0 
1 0.699851 0.265694 0.0291508 0.00062225 3.75e-06 0 0 0 0 0 0 0 0 0 0 0 0 0 0 
1 0.700227 0.266526 0.0296355 0.00065775 4.5e-06 0 0 0 0 0 0 0 0 0 0 0 0 0 0 
1 0.700029 0.26581 0.0292638 0.0006275 3.5e-06 0 0 0 0 0 0 0 0 0 0 0 0 0 0 
1 0.701038 0.267314 0.0294363 0.00065 4.5e-06 0 0 0 0 0 0 0 0 0 0 0 0 0 0 
1 0.700155 0.266039 0.0292708 0.00065375 4e-06 0 0 0 0 0 0 0 0 0 0 0 0 0 0 
1 0.699721 0.265491 0.0293988 0.00065975 4e-06 0 0 0 0 0 0 0 0 0 0 0 0 0 0 
1 0.699804 0.265858 0.0293958 0.000644 3.75e-06 0 0 0 0 0 0 0 0 0 0 0 0 0 0 
1 0.699886 0.265449 0.0291148 0.0006385 3.5e-06 0 0 0 0 0 0 0 0 0 0 0 0 0 0 
1 0.699248 0.264598 0.0288733 0.00060325 4.75e-06 0 0 0 0 0 0 0 0 0 0 0 0 0 0 
1 0.70034 0.266254 0.0294375 0.000681 5.75e-06 0 0 0 0 0 0 0 0 0 0 0 0 0 0 
1 0.700385 0.266961 0.0295058 0.00069 5.25e-06 0 0 0 0 0 0 0 0 0 0 0 0 0 0 
1 0.70037 0.266349 0.0293465 0.0006235 5.25e-06 0 0 0 0 0 0 0 0 0 0 0 0 0 0 
1 0.700174 0.266029 0.0291475 0.0006325 5e-06 0 0 0 0 0 0 0 0 0 0 0 0 0 0 
1 0.700486 0.266118 0.0292718 0.00064525 2.75e-06 0 0 0 0 0 0 0 0 0 0 0 0 0 0 
1 0.700459 0.26609 0.029458 0.00065425 5.25e-06 0 0 0 0 0 0 0 0 0 0 0 0 0 0 
1 0.700157 0.266183 0.0291833 0.00065875 5.25e-06 0 0 0 0 0 0 0 0 0 0 0 0 0 0 
1 0.699796 0.265561 0.02926 0.00065575 4.5e-06 0 0 0 0 0 0 0 0 0 0 0 0 0 0 
1 0.699846 0.265388 0.0289873 0.0006365 6.75e-06 0 0 0 0 0 0 0 0 0 0 0 0 0 0 
1 0.699486 0.265607 0.0291408 0.0006245 2.75e-06 0 0 0 0 0 0 0 0 0 0 0 0 0 0 
1 0.700501 0.266361 0.0294325 0.00065075 4e-06 0 0 0 0 0 0 0 0 0 0 0 0 0 0 
1 0.699203 0.265189 0.0290118 0.00064025 4.25e-06 0 0 0 0 0 0 0 0 0 0 0 0 0 0 
1 0.70092 0.267013 0.0296018 0.00067625 4.25e-06 0 0 0 0 0 0 0 0 0 0 0 0 0 0 
1 0.699761 0.266194 0.0296183 0.000687 3.75e-06 0 0 0 0 0 0 0 0 0 0 0 0 0 0 
1 0.699207 0.265135 0.0290668 0.000672 2.75e-06 0 0 0 0 0 0 0 0 0 0 0 0 0 0 
1 0.700146 0.265055 0.0290245 0.00061375 4.5e-06 0 0 0 0 0 0 0 0 0 0 0 0 0 0 
1 0.70049 0.266501 0.0292663 0.0006435 4.25e-06 0 0 0 0 0 0 0 0 0 0 0 0 0 0 
1 0.70041 0.265955 0.0292323 0.000653 3.75e-06 0 0 0 0 0 0 0 0 0 0 0 0 0 0 
1 0.70013 0.266273 0.0294793 0.000631 4.5e-06 0 0 0 0 0 0 0 0 0 0 0 0 0 0 
1 0.700234 0.266315 0.0295628 0.0006415 2.75e-06 0 0 0 0 0 0 0 0 0 0 0 0 0 0 
1 0.700124 0.265791 0.0292458 0.00063275 4.5e-06 0 0 0 0 0 0 0 0 0 0 0 0 0 0 
1 0.699946 0.265745 0.0291723 0.0006485 4e-06 0 0 0 0 0 0 0 0 0 0 0 0 0 0 
1 0.699518 0.265152 0.02894 0.00062225 4e-06 0 0 0 0 0 0 0 0 0 0 0 0 0 0 
1 0.700159 0.266083 0.0293713 0.00065225 6.5e-06 0 0 0 0 0 0 0 0 0 0 0 0 0 0 
1 0.700563 0.266361 0.0293355 0.00065475 3e-06 0 0 0 0 0 0 0 0 0 0 0 0 0 0 
1 0.700332 0.266189 0.0295498 0.00066325 4.5e-06 0 0 0 0 0 0 0 0 0 0 0 0 0 0 
1 0.700325 0.266561 0.029397 0.000636 5.5e-06 0 0 0 0 0 0 0 0 0 0 0 0 0 0 
1 0.700212 0.266403 0.029277 0.0006295 5e-06 0 0 0 0 0 0 0 0 0 0 0 0 0 0 
1 0.699509 0.265139 0.02898 0.00064775 2.25e-06 0 0 0 0 0 0 0 0 0 0 0 0 0 0 
1 0.699802 0.266185 0.029355 0.000636 3e-06 0 0 0 0 0 0 0 0 0 0 0 0 0 0 
1 0.700089 0.265912 0.029401 0.000657 4.75e-06 0 0 0 0 0 0 0 0 0 0 0 0 0 0 
1 0.700368 0.26585 0.0293008 0.00063325 3.75e-06 0 0 0 0 0 0 0 0 0 0 0 0 0 0 
1 0.700628 0.266919 0.029687 0.00067525 4.25e-06 0 0 0 0 0 0 0 0 0 0 0 0 0 0 
1 0.700506 0.26653 0.0295238 0.00066325 3e-06 0 0 0 0 0 0 0 0 0 0 0 0 0 0 
1 0.700011 0.26633 0.0292945 0.00066325 7.25e-06 0 0 0 0 0 0 0 0 0 0 0 0 0 0 
1 0.699745 0.265905 0.029112 0.0006285 3.75e-06 0 0 0 0 0 0 0 0 0 0 0 0 0 0 
1 0.700402 0.266162 0.0292213 0.00064075 2.75e-06 0 0 0 0 0 0 0 0 0 0 0 0 0 0 
