1 0.900307 0.697238 0.464245 0.284793 0.16965 0.10109 0.060046 0.035548 0.02109 0.012547 0.007553 0.004558 0.002746 0.001657 0.001002 0.000615 0.000338 0.000197 0.000102 
1 0.899515 0.696306 0.463119 0.28329 0.169044 0.100385 0.059736 0.035807 0.021371 0.012632 0.007603 0.004557 0.002748 0.001694 0.001032 0.000618 0.000371 0.000189 9.2e-05 
1 0.900196 0.697633 0.46397 0.284858 0.170521 0.10146 0.060334 0.03625 0.021708 0.013034 0.00778 0.004526 0.002552 0.001348 0.000759 0.000414 0.000218 0.000112 6.6e-05 
1 0.900267 0.698042 0.464407 0.284994 0.170878 0.102208 0.060804 0.036384 0.021981 0.013475 0.008436 0.005305 0.003259 0.002045 0.001295 0.000823 0.000504 0.000346 0.000228 
1 0.899732 0.697523 0.464514 0.285144 0.169493 0.1001 0.059077 0.034825 0.020517 0.011936 0.007095 0.004196 0.002441 0.00148 0.000949 0.000561 0.000355 0.000232 0.000161 
1 0.900301 0.698039 0.46391 0.284821 0.170198 0.100868 0.059222 0.034783 0.020477 0.011943 0.006842 0.003906 0.002184 0.001195 0.000686 0.000366 0.000177 0.000108 6.4e-05 
1 0.899822 0.697179 0.463166 0.283154 0.167992 0.098552 0.057709 0.03361 0.019637 0.011203 0.00626 0.003481 0.001899 0.000995 0.000485 0.000236 0.000117 5.5e-05 2.6e-05 
1 0.899098 0.69618 0.462511 0.283619 0.168836 0.099568 0.058847 0.034506 0.020198 0.011784 0.006787 0.003875 0.002174 0.001187 0.000609 0.000271 0.000112 5.1e-05 2.1e-05 
1 0.901088 0.700093 0.465995 0.286453 0.171444 0.101884 0.060451 0.036051 0.021696 0.013159 0.00805 0.004887 0.002891 0.001823 0.001114 0.000679 0.000422 0.000251 0.000154 
1 0.900146 0.698136 0.464158 0.284365 0.169393 0.099985 0.058721 0.034223 0.020057 0.011846 0.007146 0.004347 0.002659 0.001647 0.000983 0.000584 0.000313 0.000183 0.000122 
1 0.899773 0.696958 0.462625 0.28295 0.168619 0.099649 0.059068 0.035073 0.020897 0.012363 0.007375 0.004319 0.002462 0.001418 0.000809 0.000438 0.000182 7.4e-05 3.9e-05 
1 0.900463 0.697668 0.464735 0.285327 0.170745 0.100756 0.05961 0.035155 0.020574 0.01194 0.00686 0.003963 0.002255 0.001273 0.000726 0.000397 0.000195 8.8e-05 4.3e-05 
1 0.899531 0.695762 0.461936 0.282933 0.169132 0.100025 0.0592 0.034988 0.020844 0.012551 0.007575 0.004498 0.002618 0.001486 0.000805 0.000411 0.000202 9.7e-05 4.1e-05 
1 0.901028 0.699777 0.466276 0.284765 0.169654 0.100429 0.059289 0.034941 0.020416 0.012085 0.007246 0.004309 0.002591 0.001577 0.000976 0.000631 0.000389 0.000241 0.000151 
1 0.900117 0.6989 0.465466 0.286518 0.171472 0.101023 0.059693 0.035233 0.02116 0.012597 0.007397 0.004189 0.002362 0.001342 0.000734 0.000405 0.00025 0.000154 7.9e-05 
1 0.899859 0.697777 0.463837 0.284041 0.169776 0.100184 0.058919 0.034559 0.020522 0.012232 0.007336 0.004397 0.002639 0.001571 0.000938 0.000573 0.000384 0.000245 0.000162 
1 0.900495 0.697974 0.46468 0.285604 0.171549 0.102082 0.061011 0.036592 0.021995 0.013323 0.007936 0.004661 0.0028 0.001709 0.001036 0.000617 0.000333 0.000206 0.000115 
1 0.900193 0.697876 0.46503 0.285865 0.170926 0.101215 0.059434 0.03489 0.020318 0.011728 0.006651 0.00373 0.002102 0.001177 0.000641 0.00035 0.000176 8.6e-05 4.4e-05 
1 0.898891 0.695692 0.461781 0.282204 0.167641 0.099098 0.058461 0.034856 0.02062 0.012136 0.007086 0.004117 0.002333 0.001304 0.000733 0.00038 0.000224 0.000135 7.8e-05 
1 0.899956 0.698168 0.463759 0.283988 0.169009 0.099716 0.058621 0.034519 0.020328 0.012017 0.007077 0.004069 0.002362 0.001421 0.000824 0.000449 0.000276 0.000172 0.000108 
1 0.89951 0.697695 0.463171 0.283728 0.16792 0.098615 0.058117 0.03442 0.020112 0.011429 0.006472 0.0036 0.00197 0.001086 0.000556 0.000292 0.000165 9.1e-05 3.8e-05 
1 0.900386 0.69728 0.464242 0.285546 0.171339 0.102102 0.060418 0.035579 0.020936 0.012282 0.007306 0.004435 0.002624 0.001539 0.000956 0.000593 0.000367 0.000209 0.000111 
1 0.899998 0.697593 0.463979 0.28514 0.170576 0.100775 0.059561 0.035491 0.021072 0.01249 0.007276 0.004314 0.002439 0.001357 0.000697 0.000373 0.000192 0.000115 6.5e-05 
1 0.899631 0.697179 0.463505 0.284355 0.169425 0.101065 0.059861 0.035639 0.021534 0.012858 0.007631 0.004474 0.002636 0.001558 0.000841 0.000444 0.000222 0.000103 4.5e-05 
1 0.899966 0.69697 0.462231 0.283106 0.168101 0.098838 0.058359 0.034168 0.019902 0.011582 0.006802 0.00406 0.002334 0.001322 0.000727 0.000378 0.000201 9.1e-05 3.5e-05 
1 0.899777 0.697607 0.464909 0.284658 0.169566 0.099855 0.058099 0.033913 0.02003 0.011747 0.007079 0.004202 0.002448 0.001472 0.000902 0.000591 0.000398 0.00029 0.000212 
1 0.899469 0.696122 0.463005 0.284224 0.169497 0.100409 0.059447 0.035034 0.020955 0.0125 0.007482 0.004496 0.002672 0.001656 0.00109 0.000705 0.000461 0.000313 0.000218 
1 0.900091 0.696743 0.463504 0.284364 0.169126 0.099215 0.058031 0.033966 0.019894 0.011501 0.006633 0.004005 0.002466 0.001521 0.000973 0.000628 0.00042 0.000284 0.000192 
1 0.899552 0.697653 0.463657 0.28429 0.169417 0.099701 0.058661 0.034613 0.020391 0.011928 0.006973 0.004037 0.002409 0.001432 0.000808 0.000493 0.00031 0.00017 9.8e-05 
1 0.89992 0.699144 0.464736 0.284566 0.169048 0.099451 0.058415 0.03401 0.019578 0.010982 0.006089 0.003454 0.001897 0.001036 0.000564 0.000317 0.000149 7.4e-05 2.8e-05 
1 0.899334 0.696076 0.460807 0.281624 0.167295 0.098418 0.057906 0.034057 0.020156 0.011813 0.006917 0.00416 0.002412 0.001331 0.0007 0.000374 0.000219 0.000141 7.9e-05 
1 0.899504 0.695914 0.461245 0.282593 0.167612 0.099029 0.058277 0.033987 0.019786 0.011489 0.006675 0.003937 0.002358 0.001481 0.000924 0.000577 0.000348 0.000218 0.00012 
1 0.900086 0.697372 0.463358 0.284228 0.169727 0.100324 0.059691 0.03542 0.021025 0.012544 0.007411 0.004407 0.002676 0.00171 0.001153 0.000772 0.00053 0.000343 0.000234 
1 0.900036 0.696141 0.461735 0.282714 0.168607 0.099359 0.057878 0.03394 0.020033 0.011676 0.00685 0.004083 0.002387 0.001347 0.00077 0.000431 0.000238 0.000134 8e-05 
1 0.900535 0.699398 0.467303 0.288437 0.172843 0.102689 0.061528 0.036653 0.021748 0.012886 0.00765 0.004682 0.002851 0.00164 0.000976 0.000565 0.000329 0.000207 0.000157 
1 0.900463 0.69899 0.46501 0.286128 0.170939 0.101469 0.059913 0.035124 0.020509 0.012066 0.007151 0.004243 0.002501 0.001449 0.000821 0.000448 0.00024 0.000109 5e-05 
1 0.900531 0.699319 0.466707 0.286745 0.17066 0.100894 0.059314 0.034763 0.020162 0.011583 0.006551 0.003723 0.002092 0.001198 0.00071 0.000397 0.000242 0.000133 8.4e-05 
1 0.900365 0.697543 0.464276 0.28385 0.16834 0.09893 0.05763 0.033424 0.019346 0.011063 0.006283 0.003634 0.001987 0.001064 0.000561 0.000319 0.000153 5.9e-05 2.4e-05 
1 0.900073 0.69764 0.462385 0.281309 0.166458 0.097401 0.057199 0.033585 0.019955 0.011758 0.007109 0.004373 0.002702 0.001672 0.001029 0.000624 0.000399 0.000227 0.000137 
1 0.900229 0.697641 0.463471 0.284138 0.169007 0.099966 0.058935 0.035057 0.02079 0.012359 0.007183 0.004302 0.002599 0.001541 0.000884 0.000504 0.000271 0.000135 6.2e-05 
1 0.90037 0.699161 0.466376 0.287729 0.173278 0.103688 0.062196 0.037361 0.022633 0.013788 0.008402 0.005178 0.00307 0.001866 0.001134 0.00069 0.000447 0.000254 0.000139 
1 0.899631 0.698102 0.465886 0.286733 0.172173 0.102258 0.06039 0.035521 0.020984 0.012201 0.007125 0.004092 0.002308 0.001395 0.000787 0.000389 0.000178 6.4e-05 2.2e-05 
1 0.900077 0.697839 0.464901 0.284927 0.169753 0.100242 0.05932 0.035043 0.020834 0.012368 0.007341 0.004425 0.002749 0.001688 0.001074 0.000678 0.000419 0.000255 0.000168 
1 0.899424 0.696888 0.463481 0.283626 0.169055 0.099732 0.058403 0.034249 0.020181 0.011792 0.006956 0.004128 0.002502 0.001492 0.000878 0.000511 0.000273 0.00014 7.1e-05 
1 0.89973 0.698227 0.465935 0.286368 0.171309 0.102157 0.060655 0.036202 0.021616 0.012684 0.007356 0.004314 0.002521 0.001497 0.000905 0.00054 0.000328 0.000182 9.4e-05 
1 0.899541 0.697837 0.463334 0.284737 0.170406 0.100861 0.059948 0.035798 0.021483 0.012876 0.007812 0.004763 0.002888 0.001812 0.001093 0.000677 0.000376 0.000192 0.000101 
1 0.899403 0.695369 0.46084 0.281776 0.167696 0.098565 0.05835 0.034389 0.020218 0.012049 0.007208 0.004163 0.002455 0.001508 0.000896 0.000498 0.000273 0.000183 0.000128 
1 0.90084 0.700244 0.46693 0.288217 0.172478 0.10211 0.059638 0.035144 0.020569 0.011904 0.006757 0.003845 0.002228 0.00125 0.000658 0.000371 0.000193 0.0001 5.5e-05 
1 0.899621 0.696814 0.462137 0.281948 0.167355 0.098097 0.057528 0.033571 0.019778 0.011789 0.006909 0.003999 0.002321 0.001324 0.000746 0.000398 0.000217 0.000113 5.8e-05 
1 0.899758 0.696852 0.463786 0.284718 0.169436 0.100321 0.059609 0.035336 0.020875 0.012459 0.007429 0.004406 0.002584 0.001514 0.000889 0.000505 0.000268 0.000137 7.1e-05 
1 0.900607 0.699257 0.466979 0.28828 0.172764 0.102977 0.06101 0.036098 0.021254 0.012562 0.007562 0.004604 0.002903 0.00176 0.001039 0.000666 0.000418 0.000278 0.000179 
1 0.899803 0.698482 0.465619 0.286032 0.171443 0.101874 0.060188 0.03566 0.021205 0.012636 0.007535 0.004367 0.002492 0.001367 0.000722 0.000409 0.000225 0.000125 6.6e-05 
1 0.900718 0.698962 0.465847 0.286843 0.171526 0.101224 0.059831 0.035081 0.020478 0.011716 0.006704 0.003711 0.002173 0.001337 0.000865 0.000597 0.000394 0.000272 0.00017 
1 0.901177 0.700147 0.46684 0.286481 0.171161 0.101821 0.060131 0.035371 0.020471 0.011762 0.006801 0.003873 0.00215 0.001207 0.000645 0.000323 0.000159 8.6e-05 3.2e-05 
1 0.899904 0.697712 0.464803 0.285875 0.170651 0.101584 0.060591 0.035813 0.02114 0.012403 0.007244 0.004317 0.002506 0.001446 0.000813 0.000411 0.000214 0.000108 5.4e-05 
1 0.89918 0.695786 0.461881 0.282243 0.167404 0.098152 0.05729 0.033239 0.019147 0.011307 0.006715 0.004023 0.0024 0.001428 0.000837 0.000543 0.00035 0.000237 0.00017 
1 0.900079 0.698599 0.464978 0.285722 0.170672 0.100889 0.059554 0.034953 0.020709 0.01218 0.007092 0.004114 0.002361 0.001364 0.00079 0.000478 0.000258 0.000133 5.2e-05 
1 0.899825 0.697317 0.464022 0.283743 0.168729 0.099916 0.059205 0.034841 0.020419 0.012007 0.007079 0.004175 0.002415 0.001366 0.000761 0.000432 0.000256 0.000163 9.9e-05 
1 0.900364 0.700143 0.46748 0.288303 0.17304 0.102844 0.060706 0.03607 0.021429 0.012506 0.007303 0.004235 0.002419 0.001392 0.000791 0.000433 0.000242 0.000147 8.2e-05 
1 0.90072 0.69936 0.465936 0.28597 0.170723 0.10092 0.059745 0.03533 0.020936 0.012552 0.007529 0.004556 0.002695 0.001545 0.00091 0.000484 0.00027 0.000141 8.6e-05 
1 0.899974 0.69742 0.463316 0.283994 0.168685 0.098651 0.058126 0.03436 0.020179 0.011869 0.007113 0.004388 0.002672 0.001634 0.000988 0.000617 0.000399 0.000251 0.000174 
1 0.899794 0.697304 0.463098 0.283306 0.167874 0.09904 0.057987 0.034133 0.020361 0.012272 0.007359 0.004439 0.002616 0.00152 0.000843 0.000456 0.000246 0.000144 7.7e-05 
1 0.899933 0.698026 0.464274 0.284955 0.169761 0.10077 0.059785 0.03551 0.021202 0.012648 0.007337 0.004142 0.002314 0.001309 0.000748 0.000413 0.000215 0.000106 6.1e-05 
1 0.899897 0.697714 0.463575 0.283218 0.167706 0.098882 0.058041 0.034367 0.020365 0.012079 0.007178 0.004419 0.002681 0.001577 0.000968 0.000579 0.00031 0.00015 7.3e-05 
1 0.898982 0.694829 0.459829 0.280302 0.165825 0.097571 0.057676 0.033799 0.019529 0.011408 0.006521 0.003826 0.002356 0.001506 0.000979 0.00064 0.000414 0.000293 0.000201 
1 0.900142 0.698774 0.464931 0.284873 0.169743 0.100561 0.059248 0.034987 0.020632 0.011852 0.006731 0.003839 0.002116 0.001151 0.000719 0.00044 0.000257 0.000142 7.9e-05 
1 0.899884 0.696722 0.462107 0.283408 0.168632 0.099422 0.0584 0.034674 0.020421 0.012076 0.007155 0.004261 0.002587 0.001615 0.00105 0.000729 0.000506 0.000384 0.000311 
1 0.899652 0.696445 0.46238 0.283456 0.168928 0.100369 0.05935 0.034798 0.020168 0.01164 0.006672 0.003875 0.002267 0.001338 0.000776 0.00048 0.000302 0.000199 0.000135 
1 0.899263 0.696692 0.462892 0.283977 0.16942 0.100533 0.059637 0.035338 0.020522 0.011812 0.006761 0.003853 0.002145 0.001194 0.000688 0.000394 0.0002 0.000124 7.5e-05 
1 0.900383 0.697666 0.463709 0.283668 0.168772 0.100111 0.059593 0.035449 0.020965 0.012193 0.007076 0.004103 0.002354 0.00136 0.000781 0.000428 0.000279 0.000186 0.000104 
1 0.900445 0.698661 0.465328 0.286194 0.170895 0.101306 0.059759 0.035279 0.020942 0.012434 0.007582 0.004491 0.002639 0.001529 0.000882 0.000537 0.000368 0.000257 0.000167 
1 0.898989 0.695347 0.460478 0.280808 0.165688 0.097488 0.05707 0.033552 0.019718 0.011348 0.006369 0.003599 0.002071 0.001166 0.000713 0.000419 0.000207 8.8e-05 4.3e-05 
1 0.901505 0.699403 0.467918 0.288536 0.173554 0.103865 0.062342 0.037417 0.022446 0.013364 0.007986 0.004733 0.002773 0.001625 0.000953 0.000533 0.000272 0.000165 0.000108 
1 0.899319 0.694461 0.459529 0.280326 0.165965 0.097088 0.056625 0.032753 0.018718 0.010739 0.00613 0.00354 0.002025 0.001105 0.000612 0.000309 0.000147 5.4e-05 2.4e-05 
1 0.899356 0.697632 0.463824 0.284657 0.169865 0.10104 0.060222 0.036015 0.021686 0.012983 0.007782 0.004651 0.002738 0.001604 0.00092 0.000549 0.000331 0.000218 0.000141 
1 0.900198 0.698226 0.465809 0.286746 0.172584 0.103017 0.061135 0.036044 0.02124 0.01267 0.007475 0.004335 0.002574 0.001517 0.000879 0.00048 0.000234 0.000113 6.5e-05 
1 0.90074 0.699554 0.465826 0.285575 0.169465 0.099644 0.058514 0.034186 0.019861 0.01163 0.006889 0.004081 0.002475 0.001443 0.000878 0.000539 0.000338 0.000227 0.000138 
1 0.900341 0.69793 0.463638 0.284515 0.169351 0.100261 0.058845 0.034416 0.020077 0.011707 0.006937 0.004093 0.002362 0.001347 0.000829 0.000496 0.00028 0.000143 7.7e-05 
1 0.900751 0.697981 0.463957 0.284687 0.169677 0.100233 0.058486 0.034282 0.020163 0.011572 0.006725 0.00384 0.002151 0.001206 0.000697 0.000391 0.000194 9.7e-05 5.1e-05 
1 0.89914 0.695582 0.461348 0.281665 0.167404 0.098711 0.058567 0.034583 0.020548 0.012309 0.007265 0.004264 0.002519 0.001468 0.000836 0.000465 0.000248 0.000128 6.1e-05 
1 0.899432 0.695427 0.461205 0.281291 0.167351 0.098696 0.058337 0.034604 0.020358 0.011986 0.007132 0.004144 0.002297 0.00127 0.000753 0.000429 0.000255 0.000131 6.5e-05 
1 0.900194 0.697682 0.463941 0.284951 0.170172 0.100654 0.059064 0.034374 0.020067 0.011617 0.006588 0.003634 0.001965 0.00103 0.000566 0.00032 0.000151 7.4e-05 3.3e-05 
1 0.900087 0.696751 0.461 0.280507 0.166136 0.097687 0.057423 0.033873 0.019911 0.011525 0.006909 0.004197 0.002521 0.001496 0.000895 0.000521 0.000306 0.00016 7.1e-05 
1 0.900891 0.699546 0.465976 0.287565 0.172039 0.102113 0.060661 0.036181 0.021567 0.012858 0.007714 0.004704 0.002719 0.001543 0.000886 0.0005 0.000266 0.000145 9.4e-05 
1 0.899714 0.698307 0.465024 0.285585 0.17067 0.101274 0.059929 0.035331 0.020773 0.012414 0.007341 0.004475 0.002651 0.001538 0.000886 0.000482 0.000243 0.00012 4.6e-05 
1 0.90005 0.698103 0.463741 0.28464 0.169854 0.100225 0.059481 0.035566 0.021454 0.013049 0.007723 0.004509 0.002667 0.001602 0.000912 0.000525 0.00035 0.000203 0.000115 
1 0.90004 0.697466 0.463081 0.283031 0.168319 0.099438 0.058523 0.034468 0.019995 0.01152 0.006609 0.003598 0.001919 0.000998 0.000542 0.000269 0.000122 3.2e-05 1.3e-05 
1 0.899965 0.697279 0.463615 0.285415 0.170987 0.101894 0.06122 0.036776 0.021817 0.012796 0.00752 0.004297 0.002466 0.001339 0.000713 0.00041 0.000205 0.000121 7e-05 
1 0.900636 0.699144 0.466436 0.286195 0.170281 0.100222 0.058553 0.034186 0.019801 0.011541 0.006702 0.003906 0.002278 0.001321 0.000788 0.000463 0.000271 0.000174 0.000129 
1 0.900141 0.698886 0.465368 0.286739 0.171828 0.101971 0.060262 0.035339 0.020794 0.011976 0.006944 0.004021 0.002323 0.001294 0.000705 0.000362 0.000193 9.6e-05 4.4e-05 
1 0.900282 0.697511 0.463985 0.284356 0.16989 0.099989 0.058788 0.034328 0.019935 0.011782 0.007077 0.004258 0.002629 0.001648 0.001056 0.000685 0.000429 0.00025 0.000135 
1 0.900714 0.698382 0.465247 0.28557 0.170872 0.102074 0.060731 0.036025 0.021475 0.012763 0.00756 0.004431 0.002612 0.001522 0.000867 0.000475 0.000267 0.000131 5.9e-05 
1 0.900572 0.697822 0.464244 0.284418 0.169467 0.100677 0.059734 0.035417 0.020982 0.012227 0.007291 0.004388 0.002647 0.001602 0.00098 0.000604 0.000398 0.000238 0.000134 
1 0.899334 0.695654 0.462785 0.283887 0.16984 0.100589 0.059632 0.035239 0.020817 0.012399 0.007239 0.00406 0.002211 0.001208 0.000637 0.00036 0.000203 9.3e-05 3.2e-05 
1 0.900544 0.699313 0.46606 0.286885 0.171705 0.101847 0.060158 0.035256 0.020438 0.011864 0.00679 0.003909 0.002305 0.001333 0.000744 0.000411 0.000241 0.000147 0.000106 
1 0.900194 0.697811 0.464534 0.28538 0.170328 0.100967 0.059744 0.034911 0.020279 0.011836 0.006673 0.0037 0.002084 0.001169 0.000624 0.000362 0.000203 8.7e-05 3.5e-05 
1 0.899855 0.696778 0.462542 0.283505 0.168878 0.100256 0.059391 0.035189 0.020722 0.012554 0.007538 0.004489 0.002725 0.001717 0.001045 0.000625 0.000384 0.000221 0.000141 
1 0.900144 0.697827 0.463642 0.284591 0.169235 0.099796 0.05884 0.034878 0.02076 0.012304 0.007128 0.004066 0.002314 0.001279 0.00077 0.000411 0.000223 0.000114 5.3e-05 
1 0.900229 0.698663 0.466128 0.288128 0.173026 0.103598 0.061359 0.036544 0.021718 0.012866 0.007516 0.004386 0.002512 0.001525 0.000922 0.000591 0.000389 0.000234 0.000139 
1 0.899526 0.697336 0.463397 0.283362 0.168411 0.099652 0.058713 0.034373 0.020513 0.012313 0.007481 0.004625 0.002843 0.001708 0.000995 0.000576 0.000325 0.00017 8.7e-05 
1 0.89957 0.696579 0.461687 0.282228 0.16657 0.097178 0.056272 0.032756 0.019025 0.011277 0.006625 0.004013 0.002381 0.001412 0.000876 0.00054 0.000324 0.000182 0.000115 
1 0.90086 0.701074 0.468842 0.289641 0.173989 0.104417 0.062523 0.037598 0.022848 0.013719 0.008391 0.005079 0.003035 0.001837 0.001151 0.000687 0.000412 0.000236 0.000118 
1 0.900101 0.697646 0.464224 0.284971 0.170733 0.10106 0.059703 0.035387 0.020998 0.012427 0.007268 0.004261 0.002513 0.001512 0.000911 0.000536 0.000332 0.000193 0.000125 
1 0.899416 0.696233 0.461548 0.282326 0.167219 0.098441 0.058113 0.034139 0.020149 0.012023 0.007072 0.004226 0.002539 0.001494 0.000901 0.000546 0.000311 0.000185 0.000118 
1 0.900263 0.696739 0.463081 0.284353 0.169805 0.100066 0.058697 0.034243 0.019946 0.011756 0.006992 0.004255 0.002568 0.001565 0.000986 0.000653 0.00044 0.000254 0.000182 
1 0.900283 0.698099 0.465973 0.287278 0.172092 0.102205 0.06095 0.036216 0.021556 0.012998 0.007683 0.004506 0.002649 0.00159 0.000872 0.000447 0.000213 0.000108 3.9e-05 
1 0.900147 0.696755 0.463425 0.283926 0.169199 0.100131 0.059075 0.034765 0.020385 0.0118 0.006879 0.004051 0.002394 0.001339 0.000777 0.000457 0.000262 0.000167 0.000131 
1 0.900321 0.697873 0.463721 0.284807 0.170196 0.100707 0.059584 0.035054 0.020518 0.012159 0.007279 0.004348 0.002644 0.001704 0.001074 0.000688 0.000418 0.000274 0.000174 
1 0.899146 0.695361 0.461446 0.282817 0.168129 0.09908 0.058289 0.034478 0.020337 0.011952 0.00697 0.004096 0.002329 0.001302 0.000692 0.00035 0.000203 9.3e-05 3.1e-05 
1 0.900084 0.699422 0.466463 0.287789 0.173222 0.103661 0.061879 0.036793 0.022008 0.013218 0.008002 0.004872 0.002911 0.001758 0.001076 0.000663 0.000374 0.000201 0.000106 
1 0.899887 0.698114 0.464063 0.284888 0.169773 0.10019 0.058792 0.03404 0.019668 0.011442 0.006636 0.00379 0.002185 0.001347 0.00082 0.000501 0.000307 0.000174 9.3e-05 
1 0.899168 0.695423 0.462111 0.28339 0.168329 0.100125 0.059633 0.035268 0.020941 0.012363 0.007154 0.004178 0.002458 0.001438 0.000851 0.000529 0.000357 0.000243 0.00019 
1 0.898829 0.69531 0.460961 0.282593 0.168523 0.099495 0.059147 0.03503 0.020665 0.012288 0.007092 0.00401 0.002312 0.00132 0.00075 0.000428 0.000239 0.000137 7.3e-05 
1 0.900486 0.698198 0.464512 0.284949 0.169175 0.099745 0.058735 0.034847 0.020629 0.011985 0.006922 0.004032 0.002342 0.00137 0.000851 0.00055 0.000361 0.000255 0.000191 
1 0.900815 0.699451 0.467609 0.288801 0.173255 0.103191 0.060885 0.03571 0.020777 0.012042 0.006995 0.004029 0.002208 0.001237 0.000724 0.000415 0.000238 0.000122 5.7e-05 
1 0.899336 0.696111 0.461592 0.282422 0.16781 0.099107 0.058513 0.0343 0.020019 0.01191 0.007102 0.004271 0.00255 0.001511 0.000906 0.000527 0.000301 0.000161 9.6e-05 
1 0.900276 0.699107 0.466339 0.287683 0.17239 0.102391 0.061306 0.036527 0.021567 0.012532 0.007256 0.00424 0.002507 0.00152 0.000859 0.000486 0.000267 0.00016 7.1e-05 
1 0.899425 0.696359 0.46363 0.2851 0.170495 0.101424 0.060734 0.035717 0.02092 0.012265 0.007251 0.004285 0.002611 0.001662 0.001022 0.000635 0.000382 0.000203 0.000106 
1 0.900933 0.699788 0.466586 0.286776 0.171816 0.103061 0.061618 0.037132 0.022367 0.013456 0.008255 0.005036 0.003001 0.001908 0.0012 0.000733 0.000453 0.000273 0.000161 
1 0.899468 0.695112 0.46012 0.280403 0.165482 0.096292 0.055947 0.032764 0.018947 0.010986 0.006277 0.003594 0.0021 0.001315 0.000816 0.000525 0.000366 0.000283 0.000222 
1 0.900242 0.698599 0.465125 0.285901 0.171871 0.102415 0.061251 0.036618 0.022021 0.013253 0.008105 0.00489 0.002943 0.001785 0.001122 0.000683 0.000434 0.000306 0.000208 
1 0.90044 0.697762 0.463591 0.284808 0.169897 0.100574 0.059001 0.034642 0.020158 0.011761 0.006914 0.004154 0.002561 0.00158 0.00098 0.000634 0.000454 0.000348 0.000281 
1 0.900803 0.699569 0.46574 0.285745 0.171027 0.101526 0.059703 0.035062 0.02094 0.012463 0.007331 0.004229 0.002529 0.001461 0.000843 0.000491 0.000271 0.000143 7.4e-05 
1 0.900339 0.698243 0.465265 0.284453 0.168815 0.099737 0.05882 0.03429 0.020003 0.011618 0.006792 0.004024 0.002335 0.001355 0.000758 0.000404 0.000215 0.000113 5.7e-05 
1 0.901017 0.698626 0.465955 0.285671 0.170922 0.100559 0.058877 0.034049 0.019739 0.011517 0.006745 0.004039 0.002426 0.001488 0.000946 0.000572 0.000331 0.000176 9.6e-05 
1 0.900085 0.698151 0.464047 0.284956 0.170246 0.100933 0.060206 0.036217 0.021858 0.013398 0.008234 0.005191 0.003278 0.001984 0.001213 0.000691 0.000404 0.000221 0.00012 
1 0.899587 0.69696 0.463514 0.284056 0.169413 0.100015 0.058806 0.034578 0.0206 0.012072 0.007154 0.004223 0.00259 0.001619 0.001021 0.00064 0.000408 0.000283 0.000221 
1 0.900184 0.69955 0.467348 0.287901 0.172514 0.102495 0.060719 0.036361 0.02168 0.013019 0.007843 0.004649 0.00274 0.001624 0.000977 0.000583 0.000359 0.000206 0.000127 
1 0.900217 0.697466 0.463013 0.282248 0.166868 0.098479 0.058215 0.034588 0.020469 0.012235 0.007225 0.004301 0.002582 0.001508 0.000927 0.000563 0.000364 0.000223 0.000139 
1 0.900664 0.698596 0.464671 0.285921 0.170514 0.100884 0.059821 0.03572 0.021508 0.012988 0.007835 0.004648 0.002781 0.001683 0.001014 0.000657 0.000437 0.000306 0.000206 
1 0.900668 0.698683 0.464985 0.285503 0.170816 0.101247 0.060146 0.036064 0.021425 0.012833 0.007713 0.004777 0.002942 0.0018 0.001108 0.00065 0.000324 0.000171 7.1e-05 
1 0.899467 0.696993 0.463395 0.284024 0.169448 0.100152 0.059327 0.035363 0.02121 0.012638 0.007647 0.004515 0.002704 0.001629 0.000932 0.000555 0.000339 0.000195 0.000121 
1 0.900197 0.696903 0.463433 0.284007 0.169709 0.100471 0.059591 0.03543 0.021259 0.012835 0.007782 0.004725 0.00278 0.001674 0.000977 0.000575 0.000342 0.000208 0.000139 
1 0.900349 0.698388 0.464852 0.28569 0.170978 0.101188 0.060139 0.035319 0.020696 0.012171 0.007151 0.004183 0.002383 0.001365 0.000744 0.000363 0.000189 9.1e-05 3.4e-05 
1 0.900333 0.697391 0.462701 0.28352 0.16903 0.099955 0.059595 0.035641 0.021444 0.013 0.00793 0.004792 0.002831 0.001739 0.001076 0.000666 0.000396 0.000207 0.000115 
1 0.899393 0.695919 0.462381 0.28285 0.169062 0.10016 0.059134 0.034912 0.021032 0.012753 0.00771 0.004715 0.002952 0.001736 0.001006 0.00061 0.000379 0.000239 0.000174 
1 0.899882 0.697727 0.464514 0.286239 0.172051 0.10274 0.06136 0.03681 0.022345 0.013519 0.008138 0.004968 0.00302 0.001765 0.000997 0.000563 0.00031 0.000182 9.1e-05 
1 0.899829 0.697037 0.464377 0.285019 0.170533 0.100943 0.059758 0.035269 0.020712 0.01197 0.007002 0.004079 0.002286 0.001317 0.000739 0.000407 0.000228 0.000123 6.9e-05 
1 0.899492 0.696327 0.46209 0.282024 0.168762 0.099749 0.058746 0.034495 0.02009 0.011825 0.006974 0.004287 0.002669 0.001611 0.00095 0.000551 0.000305 0.000183 0.000113 
1 0.899985 0.697234 0.463727 0.284946 0.169828 0.100104 0.059158 0.035075 0.020493 0.011795 0.006744 0.003928 0.002375 0.001342 0.000815 0.000532 0.000342 0.000227 0.000152 
1 0.900129 0.697299 0.462736 0.283356 0.168016 0.099084 0.05822 0.034634 0.020473 0.012144 0.007211 0.004179 0.0025 0.001471 0.000856 0.000459 0.000262 0.000145 5.8e-05 
1 0.901108 0.701213 0.468858 0.289137 0.172408 0.101512 0.059978 0.035494 0.021107 0.012482 0.00734 0.004454 0.002726 0.001674 0.000986 0.000604 0.000344 0.000183 0.000106 
1 0.90156 0.701057 0.468878 0.289197 0.173071 0.103266 0.062043 0.037415 0.022673 0.01362 0.008165 0.004981 0.002953 0.001689 0.000982 0.000539 0.000273 0.000167 9.9e-05 
1 0.899023 0.695773 0.461122 0.281588 0.166826 0.09792 0.057108 0.033091 0.018984 0.010739 0.006226 0.003633 0.002151 0.001349 0.000795 0.00047 0.000274 0.000163 9.3e-05 
1 0.899859 0.698425 0.465417 0.286755 0.171336 0.101635 0.060289 0.035718 0.021098 0.012417 0.007357 0.004302 0.002499 0.001415 0.000785 0.000453 0.000272 0.000164 9.8e-05 
1 0.900186 0.698214 0.464944 0.285826 0.170521 0.099757 0.058515 0.034353 0.019928 0.011486 0.006526 0.00359 0.001967 0.001013 0.000517 0.000291 0.000182 0.000116 7.5e-05 
1 0.90094 0.699635 0.466536 0.287387 0.172722 0.102783 0.06079 0.036166 0.021552 0.012668 0.007656 0.004692 0.002844 0.00179 0.001154 0.000766 0.000511 0.000318 0.000226 
1 0.899177 0.695273 0.460596 0.281146 0.166245 0.09782 0.057017 0.033504 0.019299 0.011012 0.006257 0.003588 0.002072 0.001133 0.000637 0.000321 0.000148 8.4e-05 4.3e-05 
1 0.900182 0.697781 0.464158 0.285119 0.169946 0.100501 0.059351 0.034985 0.020685 0.012109 0.007084 0.004191 0.002492 0.001404 0.000816 0.000507 0.000308 0.000189 0.000111 
1 0.90013 0.697225 0.463988 0.285263 0.170665 0.1013 0.060765 0.036123 0.021262 0.012641 0.007468 0.004345 0.002529 0.001482 0.000871 0.000511 0.000321 0.000189 0.000115 
1 0.899261 0.695893 0.461839 0.281752 0.166817 0.098129 0.057382 0.033573 0.019849 0.011773 0.007146 0.004277 0.002497 0.001555 0.000984 0.000614 0.000383 0.000228 0.000123 
1 0.900863 0.699581 0.467287 0.288676 0.173406 0.103914 0.062416 0.037093 0.02216 0.013211 0.007901 0.00467 0.002761 0.001676 0.000989 0.000574 0.000337 0.000204 0.000107 
1 0.900055 0.697644 0.464512 0.285771 0.170781 0.101205 0.06008 0.035293 0.020467 0.012 0.006979 0.003913 0.002191 0.001264 0.000746 0.000397 0.000211 0.000106 5.2e-05 
1 0.900099 0.697995 0.465325 0.285974 0.172368 0.102929 0.060957 0.036195 0.021618 0.012746 0.007578 0.004515 0.002714 0.001587 0.000935 0.000541 0.000347 0.000206 0.000119 
1 0.89866 0.695561 0.461828 0.283032 0.168658 0.100086 0.059415 0.034919 0.0205 0.011683 0.006607 0.003664 0.002159 0.001306 0.000827 0.000552 0.000367 0.000208 0.000104 
1 0.89865 0.696133 0.46299 0.283491 0.167843 0.098248 0.057614 0.033345 0.018906 0.010472 0.005871 0.003297 0.00183 0.000967 0.00051 0.000258 0.000121 5.3e-05 1.5e-05 
1 0.899548 0.696615 0.462801 0.283205 0.168632 0.099186 0.058389 0.034529 0.020528 0.012173 0.007242 0.004339 0.002584 0.001581 0.000954 0.000616 0.00042 0.000313 0.000234 
1 0.899737 0.697556 0.464232 0.284164 0.168839 0.099631 0.058747 0.034483 0.020147 0.011856 0.006957 0.004059 0.002324 0.001294 0.000701 0.000417 0.000227 0.000135 9.5e-05 
1 0.899473 0.696882 0.463007 0.283662 0.169502 0.099639 0.058088 0.033625 0.019627 0.011433 0.006835 0.004076 0.00246 0.001467 0.000909 0.000564 0.000384 0.000255 0.000169 
1 0.900608 0.6981 0.464388 0.285343 0.170907 0.101498 0.060223 0.03587 0.021445 0.012816 0.007534 0.00434 0.002463 0.001384 0.000763 0.000435 0.000288 0.000169 9.9e-05 
1 0.89973 0.696208 0.462042 0.283125 0.168303 0.099148 0.058094 0.034281 0.020461 0.012168 0.007275 0.004321 0.002505 0.00142 0.00077 0.000388 0.000183 8.5e-05 3.7e-05 
1 0.899646 0.697313 0.463209 0.284268 0.168188 0.099539 0.058907 0.034883 0.020448 0.011965 0.006966 0.004057 0.002414 0.001517 0.000969 0.000629 0.000434 0.000285 0.000209 
1 0.89899 0.696145 0.461954 0.282047 0.167593 0.099171 0.058403 0.034009 0.019757 0.011592 0.00676 0.003979 0.002232 0.001206 0.000694 0.00043 0.000256 0.000147 8.5e-05 
1 0.899813 0.697816 0.463959 0.284396 0.169516 0.100675 0.059825 0.035826 0.021709 0.013203 0.008031 0.004904 0.002957 0.00177 0.001024 0.000593 0.000295 0.000132 5.4e-05 
1 0.898423 0.694532 0.461452 0.284001 0.170027 0.100247 0.059299 0.034687 0.020342 0.012129 0.007208 0.004297 0.002521 0.001452 0.000826 0.000478 0.000255 0.000156 0.000108 
1 0.899457 0.696181 0.46201 0.283088 0.168211 0.099339 0.058631 0.034499 0.020358 0.011937 0.006983 0.004147 0.002455 0.001399 0.000806 0.000448 0.000252 0.000137 8.7e-05 
1 0.899112 0.694968 0.460419 0.280594 0.165855 0.096944 0.056648 0.033394 0.019428 0.011315 0.006643 0.003856 0.002186 0.001235 0.000678 0.000402 0.000251 0.000171 0.000115 
1 0.900155 0.698391 0.466271 0.287355 0.172658 0.102668 0.060968 0.035955 0.021069 0.012557 0.007701 0.004598 0.002792 0.001674 0.001005 0.000633 0.00042 0.000273 0.000195 
1 0.899938 0.698051 0.464769 0.286447 0.172155 0.102772 0.061216 0.036616 0.021958 0.013149 0.007753 0.004599 0.002713 0.001615 0.000975 0.000657 0.000451 0.0003 0.000206 
1 0.899803 0.697563 0.463761 0.284186 0.169201 0.099831 0.058775 0.03463 0.020348 0.01214 0.007243 0.004315 0.002653 0.001582 0.00098 0.000584 0.000336 0.000187 0.000105 
1 0.899245 0.695594 0.461075 0.281284 0.166749 0.097972 0.057448 0.033422 0.019342 0.01145 0.006721 0.003936 0.002354 0.001462 0.000924 0.000553 0.000349 0.000238 0.000166 
1 0.900751 0.698926 0.464579 0.286057 0.17139 0.102345 0.060938 0.036554 0.021891 0.013324 0.008102 0.004973 0.003083 0.001943 0.001166 0.00063 0.000329 0.000185 0.000124 
1 0.900242 0.698215 0.465918 0.287201 0.17183 0.101814 0.060134 0.035977 0.021412 0.012688 0.007672 0.004681 0.002873 0.001663 0.000976 0.00057 0.000353 0.000223 0.000105 
1 0.90015 0.696307 0.462435 0.283321 0.168878 0.099201 0.057954 0.034125 0.020101 0.012084 0.007284 0.00434 0.002612 0.001511 0.000863 0.000465 0.000237 0.00011 4.5e-05 
1 0.899427 0.697004 0.462354 0.282128 0.166772 0.097423 0.056747 0.033074 0.019258 0.011398 0.006886 0.004233 0.002485 0.001385 0.000794 0.000476 0.000281 0.000173 8.7e-05 
1 0.899057 0.695004 0.460969 0.281685 0.166434 0.097968 0.056812 0.033341 0.01966 0.011666 0.006861 0.003855 0.002244 0.001276 0.000695 0.000353 0.000182 8.6e-05 3.4e-05 
1 0.900206 0.697717 0.464492 0.284385 0.16927 0.10015 0.059052 0.034499 0.02028 0.012029 0.007175 0.004249 0.002476 0.001383 0.000741 0.000374 0.000218 0.00012 5.4e-05 
1 0.899781 0.696456 0.461693 0.282078 0.167939 0.09958 0.058953 0.034929 0.020688 0.012421 0.007389 0.004355 0.002569 0.001549 0.000857 0.000464 0.000254 0.000162 9.9e-05 
1 0.89941 0.696457 0.462294 0.282743 0.168449 0.099248 0.058246 0.03417 0.020331 0.012071 0.007102 0.004234 0.002524 0.00152 0.000852 0.000483 0.000271 0.000142 6.5e-05 
1 0.900126 0.698162 0.464718 0.285862 0.170655 0.101318 0.060147 0.035479 0.020841 0.012143 0.007013 0.004003 0.002277 0.001285 0.000722 0.000381 0.000177 8.7e-05 4.6e-05 
1 0.900003 0.697253 0.463064 0.283926 0.169923 0.10088 0.060034 0.035749 0.021166 0.012665 0.007493 0.004578 0.002812 0.001763 0.001148 0.000781 0.00052 0.000314 0.000189 
1 0.899765 0.697198 0.464221 0.284984 0.16999 0.101208 0.060507 0.036417 0.022088 0.013558 0.008296 0.004983 0.00311 0.001872 0.001045 0.000587 0.000322 0.000187 0.000121 
1 0.899773 0.697629 0.464572 0.284515 0.170819 0.101558 0.06019 0.035908 0.021705 0.013001 0.007772 0.004784 0.002976 0.001829 0.001139 0.000674 0.000369 0.000195 8.2e-05 
1 0.89929 0.695998 0.462363 0.283482 0.16936 0.100615 0.059626 0.035273 0.020903 0.012209 0.007176 0.004122 0.002307 0.001259 0.000691 0.000374 0.0002 9e-05 4.9e-05 
1 0.900033 0.697702 0.46319 0.282814 0.167429 0.098689 0.05801 0.034434 0.020419 0.01204 0.007292 0.004371 0.002629 0.00158 0.000924 0.000539 0.000303 0.000183 9.6e-05 
1 0.899994 0.697956 0.464475 0.28454 0.169933 0.100604 0.059211 0.0353 0.020899 0.012364 0.007232 0.004139 0.002355 0.001355 0.000767 0.000413 0.000213 0.000127 6.4e-05 
1 0.900504 0.697932 0.466151 0.287052 0.172084 0.102607 0.061263 0.036507 0.022175 0.013321 0.008128 0.004948 0.002993 0.001803 0.001048 0.000595 0.000327 0.000182 9.4e-05 
1 0.899842 0.697158 0.463638 0.284071 0.169611 0.100243 0.05891 0.034747 0.02055 0.012068 0.007113 0.004146 0.002418 0.001397 0.000857 0.000538 0.000357 0.000255 0.000184 
1 0.899317 0.696142 0.462346 0.281873 0.167027 0.098267 0.057926 0.034016 0.020044 0.011678 0.00678 0.003825 0.002164 0.001222 0.000694 0.000434 0.00025 0.000164 0.000108 
1 0.899912 0.697272 0.465054 0.285968 0.171107 0.102113 0.06108 0.037047 0.0222 0.013412 0.008098 0.004939 0.00307 0.001943 0.001256 0.000811 0.00052 0.000368 0.000248 
1 0.89953 0.696195 0.462402 0.282373 0.167732 0.098633 0.057704 0.033705 0.01963 0.011594 0.007048 0.004357 0.002713 0.001622 0.001028 0.000594 0.000322 0.000173 8.7e-05 
1 0.899599 0.695575 0.460739 0.280371 0.166315 0.097813 0.05692 0.033339 0.019666 0.011581 0.006721 0.003848 0.00218 0.001232 0.000677 0.000347 0.00017 6.9e-05 1.8e-05 
1 0.900181 0.698508 0.465149 0.285962 0.170805 0.101012 0.05944 0.03483 0.020387 0.011797 0.006848 0.00397 0.002399 0.001487 0.000906 0.000536 0.000319 0.000184 0.000112 
1 0.90004 0.698441 0.464458 0.283344 0.168112 0.099334 0.059195 0.035211 0.020761 0.012168 0.007034 0.004024 0.002363 0.001396 0.000849 0.00051 0.000289 0.000175 0.00011 
1 0.899521 0.695746 0.461035 0.282832 0.168779 0.100038 0.059406 0.035057 0.020644 0.01215 0.0071 0.004136 0.002364 0.001317 0.000777 0.000427 0.00022 0.00011 4.8e-05 
1 0.900552 0.697704 0.464023 0.284253 0.168644 0.099379 0.058111 0.034227 0.020039 0.011708 0.006747 0.003801 0.002049 0.001078 0.000586 0.000323 0.000171 9.1e-05 3.9e-05 
1 0.899328 0.696572 0.46259 0.283373 0.168405 0.099215 0.057979 0.033692 0.019774 0.011522 0.006655 0.003895 0.002291 0.001453 0.000905 0.000569 0.000329 0.000199 0.000124 
1 0.900457 0.698356 0.465146 0.285691 0.170991 0.101915 0.060488 0.03585 0.021106 0.012289 0.007252 0.004217 0.002474 0.001395 0.000762 0.000443 0.00027 0.000156 8.2e-05 
1 0.899548 0.697287 0.463577 0.284901 0.169413 0.100065 0.059144 0.034469 0.020173 0.011633 0.006713 0.003803 0.002096 0.001161 0.00062 0.000319 0.000138 7.2e-05 4.9e-05 
1 0.899526 0.69642 0.462808 0.283666 0.169132 0.099827 0.059121 0.034929 0.020935 0.01241 0.007436 0.004449 0.002811 0.001838 0.001259 0.000851 0.000598 0.000402 0.000286 
1 0.900001 0.697925 0.464816 0.286036 0.170856 0.100866 0.05946 0.034827 0.020424 0.011801 0.006963 0.004119 0.002488 0.001514 0.0009 0.000489 0.000249 9.6e-05 3.5e-05 
1 0.898779 0.694698 0.459005 0.27984 0.16517 0.096464 0.056393 0.032979 0.019219 0.011218 0.006433 0.003655 0.002036 0.001177 0.000704 0.0004 0.00022 0.000136 7.1e-05 
1 0.899929 0.698195 0.464471 0.284915 0.169806 0.100269 0.059171 0.035028 0.020853 0.012447 0.007368 0.004342 0.002595 0.001632 0.000971 0.000574 0.000344 0.000224 0.000135 
1 0.899615 0.697091 0.462901 0.283115 0.168775 0.099914 0.058482 0.034058 0.019722 0.011222 0.00629 0.003503 0.001964 0.001075 0.000622 0.000382 0.000214 9.6e-05 3.8e-05 
1 0.899918 0.697504 0.463913 0.284902 0.170075 0.101182 0.06021 0.035482 0.02096 0.012277 0.007248 0.00422 0.002454 0.001458 0.00088 0.000538 0.000354 0.000222 0.000135 
1 0.899574 0.695363 0.460937 0.280846 0.166559 0.09788 0.057327 0.033579 0.019549 0.011396 0.006706 0.003904 0.00235 0.001388 0.000808 0.000442 0.000234 0.000135 7.1e-05 
1 0.899629 0.69689 0.463111 0.284037 0.168762 0.099319 0.05819 0.034388 0.020161 0.011886 0.006976 0.004114 0.002463 0.001448 0.000821 0.000468 0.000266 0.000147 7.7e-05 
1 0.900019 0.698922 0.465444 0.284988 0.170131 0.101099 0.059858 0.035414 0.020833 0.012453 0.007581 0.004783 0.003005 0.001857 0.001127 0.000666 0.000395 0.000253 0.000175 
1 0.900055 0.697872 0.464629 0.285269 0.170506 0.101001 0.060071 0.035611 0.020944 0.012204 0.007142 0.004273 0.002613 0.001669 0.001032 0.000657 0.000398 0.000249 0.000143 
1 0.899269 0.695753 0.461292 0.28271 0.168107 0.099584 0.058675 0.034343 0.020163 0.011832 0.006854 0.00398 0.002276 0.001233 0.000636 0.000328 0.000158 8.6e-05 4.6e-05 
1 0.899988 0.697809 0.464751 0.285169 0.170524 0.101416 0.059815 0.035405 0.020929 0.0124 0.007403 0.004557 0.002832 0.001654 0.00092 0.000529 0.000314 0.00018 9.6e-05 
1 0.899595 0.696101 0.461377 0.281855 0.167381 0.099168 0.058835 0.035008 0.020934 0.012731 0.007795 0.004957 0.00321 0.002034 0.001313 0.000874 0.000588 0.000394 0.000279 
1 0.898995 0.696248 0.462159 0.282336 0.167442 0.098857 0.058179 0.034415 0.020371 0.01204 0.007104 0.00416 0.0024 0.001346 0.000829 0.000509 0.000311 0.0002 0.000137 
1 0.899816 0.698164 0.46424 0.284095 0.169441 0.100269 0.0591 0.035099 0.020675 0.012245 0.007247 0.004338 0.002586 0.001511 0.000887 0.000538 0.000328 0.000202 0.000105 
1 0.900303 0.696848 0.462862 0.283804 0.168697 0.099843 0.059062 0.034794 0.020263 0.011645 0.006658 0.003831 0.002239 0.00131 0.000841 0.000512 0.000271 0.000122 4.7e-05 
1 0.899835 0.698029 0.464349 0.284106 0.169811 0.100607 0.059273 0.034774 0.020137 0.011734 0.006832 0.003972 0.002308 0.001395 0.000838 0.00047 0.000271 0.000153 6.6e-05 
1 0.899773 0.69739 0.462985 0.283156 0.167847 0.099178 0.05897 0.034836 0.020728 0.012137 0.007216 0.00436 0.002762 0.001681 0.001053 0.000636 0.000406 0.000227 0.000126 
1 0.900005 0.697385 0.463751 0.283852 0.169403 0.100516 0.059493 0.035204 0.020783 0.012449 0.007418 0.004392 0.002601 0.001502 0.000859 0.000482 0.000253 0.00015 9e-05 
1 0.899358 0.696215 0.461238 0.281839 0.16687 0.097409 0.056639 0.032646 0.018831 0.010786 0.006258 0.003607 0.002021 0.001028 0.000509 0.000225 0.000101 5.5e-05 2.8e-05 
1 0.900833 0.698914 0.465954 0.286142 0.171081 0.100744 0.059359 0.035052 0.020552 0.012126 0.007194 0.004377 0.002653 0.001576 0.000986 0.00061 0.000355 0.000214 0.000126 
1 0.901183 0.700107 0.465702 0.285301 0.169925 0.100302 0.059519 0.035273 0.020826 0.012174 0.007118 0.004138 0.002362 0.001345 0.000761 0.000425 0.000248 0.000148 7.3e-05 
1 0.89918 0.695757 0.461478 0.281501 0.166112 0.097893 0.057823 0.034078 0.020397 0.012297 0.007441 0.004584 0.002789 0.001744 0.001105 0.000725 0.000451 0.000293 0.000196 
1 0.900283 0.697519 0.463794 0.284265 0.17041 0.101238 0.059641 0.03503 0.020551 0.011859 0.006706 0.003724 0.002103 0.001111 0.000552 0.000265 0.000119 6.7e-05 3e-05 
1 0.899759 0.697347 0.464524 0.284668 0.168979 0.099338 0.058172 0.033963 0.019883 0.011882 0.007024 0.004035 0.002321 0.001267 0.000715 0.00043 0.000263 0.000152 7.3e-05 
1 0.900094 0.698317 0.464338 0.285554 0.170431 0.101018 0.059519 0.034673 0.020225 0.011693 0.006815 0.003977 0.002337 0.001382 0.000806 0.000485 0.000266 0.000158 9e-05 
1 0.90002 0.69791 0.464247 0.284691 0.169634 0.099909 0.058915 0.034342 0.020153 0.011841 0.007044 0.004248 0.002558 0.001591 0.001049 0.000671 0.000407 0.000254 0.000142 
1 0.900237 0.699587 0.466826 0.287103 0.171939 0.102558 0.061094 0.036137 0.021401 0.012917 0.007958 0.004766 0.002891 0.001733 0.000969 0.000544 0.000326 0.000203 0.000112 
1 0.89926 0.696544 0.462821 0.283393 0.168879 0.099395 0.058299 0.034199 0.020197 0.012003 0.00712 0.004152 0.00242 0.001368 0.000851 0.000569 0.000381 0.000255 0.000186 
1 0.899778 0.69742 0.464429 0.285403 0.170175 0.100345 0.05916 0.034832 0.020559 0.012095 0.007024 0.004036 0.002383 0.00141 0.000847 0.000512 0.000294 0.000158 9e-05 
1 0.89977 0.697424 0.46397 0.284674 0.169981 0.100185 0.05921 0.034955 0.020371 0.011727 0.006687 0.003749 0.002132 0.001208 0.000693 0.000371 0.000185 7.8e-05 3.3e-05 
1 0.900369 0.698639 0.46601 0.286903 0.172234 0.102243 0.060191 0.035527 0.02086 0.012292 0.007158 0.004045 0.002268 0.001318 0.000797 0.000468 0.000251 0.000145 7.3e-05 
1 0.901322 0.699563 0.466152 0.286564 0.171671 0.102304 0.06092 0.036325 0.021848 0.0132 0.007837 0.00459 0.002753 0.001531 0.000869 0.000465 0.000211 8e-05 2.2e-05 
1 0.899508 0.695909 0.462467 0.283314 0.169335 0.10021 0.059187 0.034914 0.020546 0.012006 0.00702 0.004055 0.002418 0.001495 0.000932 0.000577 0.000343 0.000189 9.7e-05 
1 0.900078 0.698695 0.464816 0.285222 0.170538 0.100499 0.058903 0.034431 0.02009 0.011915 0.007071 0.004276 0.002593 0.001617 0.000993 0.000583 0.000347 0.000176 9e-05 
1 0.899923 0.697101 0.462168 0.281925 0.167823 0.099081 0.058361 0.034427 0.020258 0.011812 0.006747 0.003855 0.00219 0.001242 0.000715 0.000398 0.000221 0.00013 7.1e-05 
1 0.899096 0.694403 0.459942 0.281944 0.167791 0.099434 0.058823 0.034771 0.020365 0.011733 0.006807 0.003995 0.002293 0.001318 0.000778 0.000444 0.000236 0.000136 7.9e-05 
1 0.899438 0.69571 0.461804 0.283035 0.168779 0.099591 0.058638 0.034384 0.020343 0.012147 0.007192 0.004287 0.002487 0.001384 0.000768 0.00045 0.000267 0.000177 0.000109 
1 0.900493 0.698446 0.464837 0.285502 0.171347 0.102686 0.06137 0.036912 0.022114 0.013303 0.008115 0.004894 0.002989 0.001873 0.00115 0.000767 0.000457 0.0003 0.000215 
1 0.899196 0.695638 0.463078 0.284796 0.169774 0.10084 0.059869 0.035615 0.020942 0.012355 0.007413 0.004357 0.002556 0.001455 0.000821 0.000463 0.000257 0.00015 8.6e-05 
1 0.900518 0.698454 0.464922 0.284655 0.16968 0.100301 0.059171 0.034833 0.020283 0.01175 0.006779 0.003846 0.002142 0.001197 0.000641 0.000369 0.000221 0.000145 9.4e-05 
1 0.900758 0.699458 0.467052 0.288472 0.173658 0.10325 0.061009 0.036079 0.021096 0.012305 0.007187 0.004261 0.002488 0.001449 0.000838 0.000477 0.000284 0.000154 9.1e-05 
1 0.899834 0.697838 0.463362 0.28346 0.168611 0.098779 0.05794 0.033811 0.019876 0.0116 0.006687 0.003772 0.00213 0.001252 0.000691 0.000387 0.000207 9.2e-05 2.5e-05 
1 0.90038 0.698824 0.464846 0.284871 0.169428 0.099276 0.058085 0.03396 0.019714 0.011794 0.006959 0.00408 0.002319 0.001352 0.000809 0.000501 0.000306 0.000189 0.000121 
1 0.900038 0.697687 0.463541 0.283176 0.168274 0.098615 0.057875 0.033846 0.020125 0.011967 0.007112 0.00432 0.002618 0.00154 0.000949 0.000583 0.000345 0.000232 0.000155 
1 0.899661 0.696618 0.462314 0.28318 0.168493 0.099782 0.058744 0.034697 0.020522 0.012039 0.007065 0.004229 0.002508 0.001549 0.00097 0.000569 0.000299 0.000151 6.6e-05 
