1 0.701693 0.346918 0.0874455 0.006572 9.3e-05 0 0 0 0 0 0 0 0 0 0 0 0 0 0 
1 0.698935 0.343582 0.08554 0.006376 9.8e-05 0 0 0 0 0 0 0 0 0 0 0 0 0 0 
1 0.698708 0.343674 0.085339 0.0064025 8.75e-05 0 0 0 0 0 0 0 0 0 0 0 0 0 0 
1 0.702096 0.347463 0.087697 0.0066275 0.0001175 0 0 0 0 0 0 0 0 0 0 0 0 0 0 
1 0.698095 0.342041 0.084907 0.006255 8.05e-05 5e-07 0 0 0 0 0 0 0 0 0 0 0 0 0 
1 0.699419 0.344214 0.086106 0.0065155 0.000105 0 0 0 0 0 0 0 0 0 0 0 0 0 0 
1 0.701568 0.347695 0.0880785 0.0069395 0.0001045 5e-07 0 0 0 0 0 0 0 0 0 0 0 0 0 
1 0.699818 0.344952 0.086366 0.006498 0.0001135 1e-06 0 0 0 0 0 0 0 0 0 0 0 0 0 
1 0.70016 0.344619 0.085797 0.0062775 0.0001025 0 0 0 0 0 0 0 0 0 0 0 0 0 0 
1 0.700357 0.344824 0.086163 0.006382 0.0001035 0 0 0 0 0 0 0 0 0 0 0 0 0 0 
1 0.701049 0.347171 0.087911 0.006731 0.0001085 1e-06 0 0 0 0 0 0 0 0 0 0 0 0 0 
1 0.699748 0.344616 0.086229 0.0065315 0.000108 0 0 0 0 0 0 0 0 0 0 0 0 0 0 
1 0.699991 0.344192 0.0858275 0.0063275 0.000106 1.5e-06 0 0 0 0 0 0 0 0 0 0 0 0 0 
1 0.700573 0.345957 0.0868375 0.006463 9e-05 5e-07 0 0 0 0 0 0 0 0 0 0 0 0 0 
1 0.699979 0.344869 0.0863385 0.006477 0.0001075 1e-06 0 0 0 0 0 0 0 0 0 0 0 0 0 
1 0.699579 0.344478 0.0854305 0.0062465 8.8e-05 5e-07 0 0 0 0 0 0 0 0 0 0 0 0 0 
1 0.69917 0.344837 0.0864035 0.0062735 8.95e-05 0 0 0 0 0 0 0 0 0 0 0 0 0 0 
1 0.700444 0.344723 0.086199 0.0063005 8.3e-05 0 0 0 0 0 0 0 0 0 0 0 0 0 0 
1 0.69961 0.344418 0.0867705 0.006703 0.000114 1e-06 0 0 0 0 0 0 0 0 0 0 0 0 0 
1 0.699682 0.344974 0.0868785 0.006563 7.25e-05 0 0 0 0 0 0 0 0 0 0 0 0 0 0 
1 0.700079 0.345487 0.0873725 0.0066565 9.55e-05 5e-07 0 0 0 0 0 0 0 0 0 0 0 0 0 
1 0.69823 0.343087 0.085145 0.006444 0.0001005 1e-06 0 0 0 0 0 0 0 0 0 0 0 0 0 
1 0.699802 0.344474 0.0858735 0.006347 9.2e-05 0 0 0 0 0 0 0 0 0 0 0 0 0 0 
1 0.701883 0.347056 0.0877485 0.0066535 0.0001125 5e-07 0 0 0 0 0 0 0 0 0 0 0 0 0 
1 0.699823 0.343832 0.0856605 0.0061965 8.25e-05 0 0 0 0 0 0 0 0 0 0 0 0 0 0 
1 0.70108 0.346539 0.0883645 0.006761 0.0001155 0 0 0 0 0 0 0 0 0 0 0 0 0 0 
1 0.696826 0.341024 0.0846115 0.006078 9.25e-05 0 0 0 0 0 0 0 0 0 0 0 0 0 0 
1 0.701117 0.34682 0.0874245 0.0066675 9.75e-05 0 0 0 0 0 0 0 0 0 0 0 0 0 0 
1 0.700381 0.345852 0.08741 0.0066285 9.15e-05 2e-06 0 0 0 0 0 0 0 0 0 0 0 0 0 
1 0.699965 0.344438 0.0860525 0.00638 9.5e-05 0 0 0 0 0 0 0 0 0 0 0 0 0 0 
1 0.699122 0.343318 0.085592 0.0062715 9.05e-05 0 0 0 0 0 0 0 0 0 0 0 0 0 0 
1 0.698403 0.343245 0.0853075 0.006391 0.0001135 0 0 0 0 0 0 0 0 0 0 0 0 0 0 
1 0.699891 0.345608 0.087146 0.0068295 0.0001065 1.5e-06 0 0 0 0 0 0 0 0 0 0 0 0 0 
1 0.700354 0.346486 0.087691 0.006623 0.000111 1.5e-06 0 0 0 0 0 0 0 0 0 0 0 0 0 
1 0.699391 0.343856 0.0863065 0.006657 0.000111 3e-06 0 0 0 0 0 0 0 0 0 0 0 0 0 
1 0.701053 0.34607 0.0866635 0.006397 9e-05 0 0 0 0 0 0 0 0 0 0 0 0 0 0 
1 0.699753 0.344074 0.086031 0.006555 0.00012 2.5e-06 0 0 0 0 0 0 0 0 0 0 0 0 0 
1 0.69912 0.343218 0.085506 0.006345 0.000103 0 0 0 0 0 0 0 0 0 0 0 0 0 0 
1 0.70008 0.345267 0.0863985 0.0065035 8.8e-05 0 0 0 0 0 0 0 0 0 0 0 0 0 0 
1 0.69783 0.341943 0.0856215 0.0064665 8.15e-05 0 0 0 0 0 0 0 0 0 0 0 0 0 0 
1 0.699594 0.343842 0.08659 0.006617 9.2e-05 1.5e-06 0 0 0 0 0 0 0 0 0 0 0 0 0 
1 0.702438 0.348832 0.0887235 0.0067925 9.05e-05 0 0 0 0 0 0 0 0 0 0 0 0 0 0 
1 0.700749 0.345334 0.087045 0.0065065 9.1e-05 5e-07 0 0 0 0 0 0 0 0 0 0 0 0 0 
1 0.70146 0.34758 0.0884235 0.006853 0.000112 0 0 0 0 0 0 0 0 0 0 0 0 0 0 
1 0.700065 0.345509 0.0870215 0.00655 0.000102 5e-07 0 0 0 0 0 0 0 0 0 0 0 0 0 
1 0.699344 0.344466 0.0861755 0.0064335 8e-05 1e-06 5e-07 0 0 0 0 0 0 0 0 0 0 0 0 
1 0.700029 0.345461 0.087386 0.006624 0.000118 0 0 0 0 0 0 0 0 0 0 0 0 0 0 
1 0.698307 0.341962 0.084509 0.005992 9.65e-05 0 0 0 0 0 0 0 0 0 0 0 0 0 0 
1 0.699691 0.345492 0.087195 0.006624 0.000126 0 0 0 0 0 0 0 0 0 0 0 0 0 0 
1 0.701169 0.345849 0.086841 0.0063735 9.2e-05 5e-07 0 0 0 0 0 0 0 0 0 0 0 0 0 
1 0.698786 0.342882 0.084817 0.006151 9.35e-05 2e-06 0 0 0 0 0 0 0 0 0 0 0 0 0 
1 0.699281 0.344811 0.0860975 0.006573 0.000139 1e-06 0 0 0 0 0 0 0 0 0 0 0 0 0 
1 0.700812 0.346041 0.087446 0.0067555 0.0001265 5e-07 0 0 0 0 0 0 0 0 0 0 0 0 0 
1 0.697172 0.341026 0.084736 0.0063175 0.0001035 3e-06 5e-07 0 0 0 0 0 0 0 0 0 0 0 0 
1 0.700007 0.34564 0.086846 0.006695 0.0001015 3.5e-06 0 0 0 0 0 0 0 0 0 0 0 0 0 
1 0.699343 0.344222 0.0860385 0.006593 9.2e-05 0 0 0 0 0 0 0 0 0 0 0 0 0 0 
1 0.700242 0.346417 0.0881235 0.006854 0.0001065 5e-07 0 0 0 0 0 0 0 0 0 0 0 0 0 
1 0.701226 0.347406 0.087681 0.006802 0.0001215 0 0 0 0 0 0 0 0 0 0 0 0 0 0 
1 0.698617 0.343157 0.0854345 0.0063005 8.85e-05 5e-07 0 0 0 0 0 0 0 0 0 0 0 0 0 
1 0.699727 0.343882 0.0862495 0.006279 7.15e-05 1.5e-06 0 0 0 0 0 0 0 0 0 0 0 0 0 
1 0.700851 0.346626 0.0880035 0.006737 0.0001315 3e-06 0 0 0 0 0 0 0 0 0 0 0 0 0 
1 0.700061 0.346026 0.087474 0.0068515 9.25e-05 0 0 0 0 0 0 0 0 0 0 0 0 0 0 
1 0.699313 0.344188 0.0860425 0.00633 9.95e-05 2.5e-06 0 0 0 0 0 0 0 0 0 0 0 0 0 
1 0.6976 0.341493 0.0848485 0.006244 0.0001085 2.5e-06 0 0 0 0 0 0 0 0 0 0 0 0 0 
1 0.700569 0.346675 0.088084 0.0068465 9.35e-05 5e-07 0 0 0 0 0 0 0 0 0 0 0 0 0 
1 0.700218 0.345192 0.086769 0.0066415 9.4e-05 1e-06 0 0 0 0 0 0 0 0 0 0 0 0 0 
1 0.700424 0.346069 0.08756 0.006857 0.000115 1e-06 0 0 0 0 0 0 0 0 0 0 0 0 0 
1 0.698936 0.343998 0.08595 0.00642 0.0001095 0 0 0 0 0 0 0 0 0 0 0 0 0 0 
1 0.698833 0.344133 0.086701 0.0065415 0.0001015 0 0 0 0 0 0 0 0 0 0 0 0 0 0 
1 0.699685 0.344918 0.0866615 0.006496 8.95e-05 2e-06 0 0 0 0 0 0 0 0 0 0 0 0 0 
1 0.699613 0.344719 0.086828 0.006574 9.25e-05 0 0 0 0 0 0 0 0 0 0 0 0 0 0 
1 0.699856 0.345204 0.086255 0.006365 8.75e-05 0 0 0 0 0 0 0 0 0 0 0 0 0 0 
1 0.699025 0.344025 0.0857035 0.0063775 9.8e-05 5e-07 0 0 0 0 0 0 0 0 0 0 0 0 0 
1 0.69933 0.34462 0.0865835 0.0063595 0.000104 2e-06 0 0 0 0 0 0 0 0 0 0 0 0 0 
1 0.700946 0.345925 0.08698 0.0066375 9.9e-05 0 0 0 0 0 0 0 0 0 0 0 0 0 0 
1 0.699645 0.344725 0.086506 0.0065055 0.000118 0 0 0 0 0 0 0 0 0 0 0 0 0 0 
1 0.700264 0.345468 0.0873425 0.006616 0.00011 2.5e-06 0 0 0 0 0 0 0 0 0 0 0 0 0 
1 0.702006 0.347783 0.08813 0.006771 0.000111 1e-06 0 0 0 0 0 0 0 0 0 0 0 0 0 
1 0.699837 0.344817 0.0871295 0.0067145 0.0001075 1e-06 0 0 0 0 0 0 0 0 0 0 0 0 0 
1 0.698923 0.343956 0.0857535 0.0061755 8.75e-05 2e-06 0 0 0 0 0 0 0 0 0 0 0 0 0 
1 0.698625 0.343657 0.0855125 0.0063185 8.85e-05 5e-07 0 0 0 0 0 0 0 0 0 0 0 0 0 
1 0.700709 0.346592 0.0882875 0.0066895 0.000104 0 0 0 0 0 0 0 0 0 0 0 0 0 0 
1 0.700829 0.346213 0.0873595 0.0065385 9.1e-05 1.5e-06 0 0 0 0 0 0 0 0 0 0 0 0 0 
1 0.69846 0.342498 0.0851315 0.0066085 0.000127 2e-06 0 0 0 0 0 0 0 0 0 0 0 0 0 
1 0.700367 0.344772 0.086715 0.006679 9.85e-05 1.5e-06 0 0 0 0 0 0 0 0 0 0 0 0 0 
1 0.699214 0.34284 0.084881 0.0061015 7.65e-05 0 0 0 0 0 0 0 0 0 0 0 0 0 0 
1 0.699413 0.343747 0.0855825 0.006313 8.35e-05 0 0 0 0 0 0 0 0 0 0 0 0 0 0 
1 0.700726 0.345809 0.0870385 0.00656 8.8e-05 5e-07 0 0 0 0 0 0 0 0 0 0 0 0 0 
1 0.701537 0.348113 0.088654 0.0068635 0.000105 0 0 0 0 0 0 0 0 0 0 0 0 0 0 
1 0.701237 0.348123 0.088878 0.0067825 0.0001315 5e-07 0 0 0 0 0 0 0 0 0 0 0 0 0 
1 0.698657 0.344054 0.0861505 0.0065095 8.15e-05 0 0 0 0 0 0 0 0 0 0 0 0 0 0 
1 0.700153 0.344496 0.08646 0.0064125 9.3e-05 0 0 0 0 0 0 0 0 0 0 0 0 0 0 
1 0.69898 0.344955 0.0867725 0.006703 0.000123 0 0 0 0 0 0 0 0 0 0 0 0 0 0 
1 0.700594 0.346959 0.0876435 0.006559 9.35e-05 0 0 0 0 0 0 0 0 0 0 0 0 0 0 
1 0.699776 0.344379 0.0866365 0.0066075 9.65e-05 0 0 0 0 0 0 0 0 0 0 0 0 0 0 
1 0.699933 0.344222 0.086197 0.0062935 0.0001065 0 0 0 0 0 0 0 0 0 0 0 0 0 0 
1 0.699575 0.344945 0.086237 0.0064245 6.8e-05 0 0 0 0 0 0 0 0 0 0 0 0 0 0 
1 0.702614 0.348473 0.088915 0.0069025 8.75e-05 0 0 0 0 0 0 0 0 0 0 0 0 0 0 
1 0.699374 0.345238 0.087142 0.0066605 0.0001065 3.5e-06 0 0 0 0 0 0 0 0 0 0 0 0 0 
1 0.700367 0.345671 0.0875665 0.006725 0.0001165 0 0 0 0 0 0 0 0 0 0 0 0 0 0 
1 0.701051 0.345746 0.0863905 0.0064325 8.05e-05 0 0 0 0 0 0 0 0 0 0 0 0 0 0 
1 0.698363 0.341217 0.084451 0.0063385 0.000107 0 0 0 0 0 0 0 0 0 0 0 0 0 0 
1 0.700884 0.347101 0.0882765 0.0069345 0.000119 1.5e-06 0 0 0 0 0 0 0 0 0 0 0 0 0 
1 0.700513 0.346261 0.087306 0.0066955 8.95e-05 6.5e-06 0 0 0 0 0 0 0 0 0 0 0 0 0 
1 0.703673 0.350406 0.089876 0.0069655 0.0001045 0 0 0 0 0 0 0 0 0 0 0 0 0 0 
1 0.699826 0.344266 0.085924 0.006418 9.05e-05 2e-06 0 0 0 0 0 0 0 0 0 0 0 0 0 
1 0.699066 0.34342 0.0853715 0.006164 7.6e-05 0 0 0 0 0 0 0 0 0 0 0 0 0 0 
1 0.701585 0.347749 0.0887885 0.006819 9.4e-05 1e-06 0 0 0 0 0 0 0 0 0 0 0 0 0 
1 0.701083 0.347803 0.087671 0.006699 0.000102 2e-06 0 0 0 0 0 0 0 0 0 0 0 0 0 
1 0.700837 0.346095 0.0870155 0.006662 9.75e-05 0 0 0 0 0 0 0 0 0 0 0 0 0 0 
1 0.699193 0.344575 0.0869755 0.006566 8.8e-05 2e-06 0 0 0 0 0 0 0 0 0 0 0 0 0 
1 0.700466 0.345561 0.086906 0.006625 9.65e-05 1e-06 0 0 0 0 0 0 0 0 0 0 0 0 0 
1 0.700594 0.346797 0.0883845 0.0067315 9.35e-05 1.5e-06 0 0 0 0 0 0 0 0 0 0 0 0 0 
1 0.701627 0.348082 0.089082 0.0070185 0.0001375 1.5e-06 0 0 0 0 0 0 0 0 0 0 0 0 0 
1 0.701263 0.346071 0.0867855 0.006426 8.75e-05 0 0 0 0 0 0 0 0 0 0 0 0 0 0 
1 0.70033 0.34601 0.0882485 0.006692 0.000105 0 0 0 0 0 0 0 0 0 0 0 0 0 0 
1 0.700726 0.347219 0.0875295 0.0065715 0.0001225 5e-07 0 0 0 0 0 0 0 0 0 0 0 0 0 
1 0.700172 0.345663 0.086881 0.0067095 9.8e-05 1.5e-06 0 0 0 0 0 0 0 0 0 0 0 0 0 
1 0.699321 0.344343 0.0866595 0.006659 0.0001145 0 0 0 0 0 0 0 0 0 0 0 0 0 0 
1 0.701117 0.347423 0.088223 0.006926 0.0001115 0 0 0 0 0 0 0 0 0 0 0 0 0 0 
1 0.69998 0.344827 0.086421 0.0063325 6.3e-05 0 0 0 0 0 0 0 0 0 0 0 0 0 0 
1 0.700721 0.346245 0.087282 0.0067215 9.1e-05 0 0 0 0 0 0 0 0 0 0 0 0 0 0 
1 0.69892 0.344413 0.086738 0.006546 0.0001125 0 0 0 0 0 0 0 0 0 0 0 0 0 0 
1 0.699752 0.345023 0.0867065 0.006603 8.9e-05 1e-06 0 0 0 0 0 0 0 0 0 0 0 0 0 
1 0.6988 0.343783 0.0855765 0.0064195 0.0001025 0 0 0 0 0 0 0 0 0 0 0 0 0 0 
1 0.700616 0.346353 0.087669 0.0066505 8.8e-05 2e-06 0 0 0 0 0 0 0 0 0 0 0 0 0 
1 0.70067 0.345728 0.08691 0.006464 9.35e-05 0 0 0 0 0 0 0 0 0 0 0 0 0 0 
1 0.69956 0.343434 0.08572 0.0063135 9.1e-05 0 0 0 0 0 0 0 0 0 0 0 0 0 0 
1 0.699027 0.343369 0.0861115 0.0064245 9.15e-05 0 0 0 0 0 0 0 0 0 0 0 0 0 0 
1 0.699768 0.344179 0.0856965 0.006276 9.15e-05 0 0 0 0 0 0 0 0 0 0 0 0 0 0 
1 0.699605 0.344275 0.086538 0.006643 0.0001405 2e-06 0 0 0 0 0 0 0 0 0 0 0 0 0 
1 0.700186 0.344968 0.086765 0.006354 8.75e-05 0 0 0 0 0 0 0 0 0 0 0 0 0 0 
1 0.699781 0.344642 0.086019 0.0062905 0.000102 0 0 0 0 0 0 0 0 0 0 0 0 0 0 
1 0.700562 0.347154 0.0878005 0.0066245 9.95e-05 5e-07 0 0 0 0 0 0 0 0 0 0 0 0 0 
1 0.700903 0.347419 0.0880345 0.006832 0.000118 2e-06 0 0 0 0 0 0 0 0 0 0 0 0 0 
1 0.70075 0.346491 0.0873415 0.006795 0.0001245 0 0 0 0 0 0 0 0 0 0 0 0 0 0 
1 0.700628 0.34514 0.08665 0.006545 0.00012 0 0 0 0 0 0 0 0 0 0 0 0 0 0 
1 0.699989 0.345286 0.086599 0.0063975 9.15e-05 0 0 0 0 0 0 0 0 0 0 0 0 0 0 
1 0.697984 0.34187 0.0853805 0.006494 9.85e-05 5e-07 0 0 0 0 0 0 0 0 0 0 0 0 0 
1 0.699887 0.345309 0.087673 0.006702 0.0001115 0 0 0 0 0 0 0 0 0 0 0 0 0 0 
1 0.70102 0.345787 0.0872005 0.0065005 8.75e-05 0 0 0 0 0 0 0 0 0 0 0 0 0 0 
1 0.700216 0.345224 0.086473 0.006425 9.35e-05 5e-07 0 0 0 0 0 0 0 0 0 0 0 0 0 
1 0.699957 0.345531 0.086849 0.006673 8.5e-05 5e-07 0 0 0 0 0 0 0 0 0 0 0 0 0 
1 0.700329 0.345012 0.08696 0.0065915 8.85e-05 0 0 0 0 0 0 0 0 0 0 0 0 0 0 
1 0.699146 0.344743 0.086735 0.006574 0.0001025 0 0 0 0 0 0 0 0 0 0 0 0 0 0 
1 0.699129 0.344907 0.0866205 0.006447 9.4e-05 0 0 0 0 0 0 0 0 0 0 0 0 0 0 
1 0.701979 0.34825 0.089 0.006754 8.75e-05 0 0 0 0 0 0 0 0 0 0 0 0 0 0 
1 0.700847 0.34709 0.0876515 0.0066015 0.0001035 0 0 0 0 0 0 0 0 0 0 0 0 0 0 
1 0.700704 0.346299 0.087902 0.006756 0.0001475 2.5e-06 0 0 0 0 0 0 0 0 0 0 0 0 0 
1 0.700857 0.345774 0.087541 0.0069305 0.000127 5e-07 0 0 0 0 0 0 0 0 0 0 0 0 0 
1 0.69999 0.345136 0.0872605 0.006768 0.0001165 0 0 0 0 0 0 0 0 0 0 0 0 0 0 
1 0.698703 0.342926 0.0855555 0.006503 8.5e-05 5e-07 0 0 0 0 0 0 0 0 0 0 0 0 0 
1 0.699102 0.344337 0.0869605 0.0065585 0.000102 1e-06 0 0 0 0 0 0 0 0 0 0 0 0 0 
1 0.699165 0.343292 0.085213 0.0063745 9.3e-05 0 0 0 0 0 0 0 0 0 0 0 0 0 0 
1 0.700048 0.344856 0.086853 0.006631 0.000111 0 0 0 0 0 0 0 0 0 0 0 0 0 0 
1 0.701151 0.345253 0.0865365 0.006525 0.000115 2e-06 0 0 0 0 0 0 0 0 0 0 0 0 0 
1 0.699586 0.344993 0.0864215 0.006548 9.6e-05 0 0 0 0 0 0 0 0 0 0 0 0 0 0 
1 0.699814 0.345402 0.0865675 0.006289 8.2e-05 0 0 0 0 0 0 0 0 0 0 0 0 0 0 
1 0.69998 0.345141 0.0864415 0.006375 9.15e-05 5e-07 0 0 0 0 0 0 0 0 0 0 0 0 0 
1 0.701692 0.347285 0.0876025 0.006627 0.000118 2e-06 0 0 0 0 0 0 0 0 0 0 0 0 0 
1 0.699876 0.345199 0.086074 0.0064305 9e-05 0 0 0 0 0 0 0 0 0 0 0 0 0 0 
1 0.699612 0.344666 0.0863775 0.006601 0.000103 1e-06 0 0 0 0 0 0 0 0 0 0 0 0 0 
1 0.699725 0.34455 0.08603 0.0063985 0.000106 0 0 0 0 0 0 0 0 0 0 0 0 0 0 
1 0.699788 0.344259 0.085585 0.00643 9.6e-05 0 0 0 0 0 0 0 0 0 0 0 0 0 0 
1 0.700527 0.34547 0.087043 0.006481 9.05e-05 2.5e-06 0 0 0 0 0 0 0 0 0 0 0 0 0 
1 0.699375 0.344426 0.08625 0.0065265 7.05e-05 0 0 0 0 0 0 0 0 0 0 0 0 0 0 
1 0.699969 0.344959 0.086795 0.006787 0.0001075 0 0 0 0 0 0 0 0 0 0 0 0 0 0 
1 0.698254 0.343265 0.0864415 0.00644 0.000102 5e-07 0 0 0 0 0 0 0 0 0 0 0 0 0 
1 0.698846 0.34438 0.086877 0.006607 8.2e-05 2e-06 0 0 0 0 0 0 0 0 0 0 0 0 0 
1 0.700709 0.346341 0.0870665 0.006617 9.3e-05 1e-06 0 0 0 0 0 0 0 0 0 0 0 0 0 
1 0.700228 0.346566 0.087375 0.0065745 0.0001075 1e-06 0 0 0 0 0 0 0 0 0 0 0 0 0 
1 0.700491 0.345271 0.0865385 0.006602 9.8e-05 0 0 0 0 0 0 0 0 0 0 0 0 0 0 
1 0.700623 0.347997 0.0889335 0.0069315 0.000115 0 0 0 0 0 0 0 0 0 0 0 0 0 0 
1 0.699047 0.344584 0.086814 0.0066155 0.000102 0 0 0 0 0 0 0 0 0 0 0 0 0 0 
1 0.699349 0.344071 0.08666 0.006429 6.4e-05 0 0 0 0 0 0 0 0 0 0 0 0 0 0 
1 0.70006 0.344351 0.086486 0.006483 0.000103 1e-06 0 0 0 0 0 0 0 0 0 0 0 0 0 
1 0.699826 0.34462 0.0870355 0.0068505 9.45e-05 0 0 0 0 0 0 0 0 0 0 0 0 0 0 
1 0.700163 0.345539 0.0866415 0.0066155 9.7e-05 1e-06 0 0 0 0 0 0 0 0 0 0 0 0 0 
1 0.699481 0.344269 0.086157 0.0064625 9.3e-05 1e-06 0 0 0 0 0 0 0 0 0 0 0 0 0 
1 0.700476 0.346306 0.087678 0.006728 0.0001385 3.5e-06 0 0 0 0 0 0 0 0 0 0 0 0 0 
1 0.700659 0.346579 0.087366 0.0068125 0.0001205 0 0 0 0 0 0 0 0 0 0 0 0 0 0 
1 0.698324 0.3428 0.0853435 0.00637 9.1e-05 5e-07 0 0 0 0 0 0 0 0 0 0 0 0 0 
1 0.70101 0.346556 0.087722 0.00667 9.9e-05 0 0 0 0 0 0 0 0 0 0 0 0 0 0 
1 0.69948 0.344848 0.0864665 0.0066035 0.000125 0 0 0 0 0 0 0 0 0 0 0 0 0 0 
1 0.700737 0.346665 0.0880545 0.0067575 0.000109 0 0 0 0 0 0 0 0 0 0 0 0 0 0 
1 0.700801 0.346545 0.0882795 0.006852 0.0001175 0 0 0 0 0 0 0 0 0 0 0 0 0 0 
1 0.700502 0.345255 0.086456 0.0066405 9.7e-05 5e-07 0 0 0 0 0 0 0 0 0 0 0 0 0 
1 0.698528 0.342322 0.085071 0.0060935 8e-05 1e-06 0 0 0 0 0 0 0 0 0 0 0 0 0 
1 0.701035 0.347319 0.0884385 0.0069985 9.2e-05 0 0 0 0 0 0 0 0 0 0 0 0 0 0 
1 0.699644 0.344141 0.0864655 0.006666 0.0001265 5e-07 0 0 0 0 0 0 0 0 0 0 0 0 0 
1 0.699974 0.34515 0.0870625 0.0067035 0.0001245 1.5e-06 0 0 0 0 0 0 0 0 0 0 0 0 0 
1 0.700681 0.34679 0.087872 0.006775 0.0001305 0 0 0 0 0 0 0 0 0 0 0 0 0 0 
1 0.701397 0.346853 0.0874645 0.0066225 7.55e-05 5e-07 0 0 0 0 0 0 0 0 0 0 0 0 0 
1 0.700445 0.34547 0.086851 0.006481 9.05e-05 0 0 0 0 0 0 0 0 0 0 0 0 0 0 
1 0.698395 0.343176 0.084631 0.0061685 8.25e-05 0 0 0 0 0 0 0 0 0 0 0 0 0 0 
1 0.70078 0.346569 0.0880015 0.006796 0.0001125 0 0 0 0 0 0 0 0 0 0 0 0 0 0 
1 0.700848 0.346683 0.0873905 0.006518 7.85e-05 0 0 0 0 0 0 0 0 0 0 0 0 0 0 
1 0.700367 0.34581 0.0871695 0.006489 6.6e-05 0 0 0 0 0 0 0 0 0 0 0 0 0 0 
1 0.699176 0.343758 0.085886 0.0062795 7.5e-05 0 0 0 0 0 0 0 0 0 0 0 0 0 0 
1 0.701282 0.346642 0.0876015 0.006708 0.0001315 2.5e-06 0 0 0 0 0 0 0 0 0 0 0 0 0 
1 0.700175 0.345709 0.087091 0.006786 0.000128 0 0 0 0 0 0 0 0 0 0 0 0 0 0 
1 0.698903 0.344358 0.086303 0.0064935 9.1e-05 5e-07 0 0 0 0 0 0 0 0 0 0 0 0 0 
1 0.699178 0.344307 0.085948 0.006308 8.5e-05 0 0 0 0 0 0 0 0 0 0 0 0 0 0 
1 0.701592 0.346906 0.0879995 0.0067145 0.0001115 2e-06 0 0 0 0 0 0 0 0 0 0 0 0 0 
1 0.700241 0.345983 0.0878735 0.0066115 9.4e-05 1e-06 0 0 0 0 0 0 0 0 0 0 0 0 0 
1 0.699601 0.344652 0.0872665 0.0067595 0.000123 0 0 0 0 0 0 0 0 0 0 0 0 0 0 
1 0.700208 0.345087 0.086684 0.0065115 9.35e-05 1e-06 0 0 0 0 0 0 0 0 0 0 0 0 0 
1 0.698796 0.342136 0.0846585 0.006283 0.00011 0 0 0 0 0 0 0 0 0 0 0 0 0 0 
1 0.699557 0.344639 0.0863525 0.006462 9.25e-05 4.5e-06 0 0 0 0 0 0 0 0 0 0 0 0 0 
1 0.697447 0.341208 0.0845935 0.0063265 0.000117 3e-06 0 0 0 0 0 0 0 0 0 0 0 0 0 
1 0.698715 0.344734 0.086548 0.006462 0.0001095 1e-06 0 0 0 0 0 0 0 0 0 0 0 0 0 
1 0.700024 0.345392 0.0871805 0.0067635 0.0001105 0 0 0 0 0 0 0 0 0 0 0 0 0 0 
1 0.698215 0.343002 0.085464 0.0063875 9.9e-05 4.5e-06 0 0 0 0 0 0 0 0 0 0 0 0 0 
1 0.700433 0.345989 0.087612 0.006478 8.7e-05 0 0 0 0 0 0 0 0 0 0 0 0 0 0 
1 0.697967 0.341135 0.0840895 0.0058875 8.7e-05 0 0 0 0 0 0 0 0 0 0 0 0 0 0 
1 0.698809 0.343118 0.0850705 0.006286 0.0001035 0 0 0 0 0 0 0 0 0 0 0 0 0 0 
1 0.698466 0.343145 0.0854635 0.0064025 0.0001025 0 0 0 0 0 0 0 0 0 0 0 0 0 0 
1 0.700331 0.345213 0.0866565 0.006676 9.75e-05 1e-06 0 0 0 0 0 0 0 0 0 0 0 0 0 
1 0.700739 0.346388 0.0875155 0.0066555 8.6e-05 5e-07 0 0 0 0 0 0 0 0 0 0 0 0 0 
1 0.698354 0.342251 0.0849955 0.006387 9.05e-05 5e-07 0 0 0 0 0 0 0 0 0 0 0 0 0 
1 0.699759 0.345173 0.0866895 0.0065 9.05e-05 1e-06 0 0 0 0 0 0 0 0 0 0 0 0 0 
1 0.700575 0.346456 0.087631 0.006808 9.5e-05 3e-06 0 0 0 0 0 0 0 0 0 0 0 0 0 
1 0.699397 0.346016 0.0874705 0.0064995 8.95e-05 5e-07 0 0 0 0 0 0 0 0 0 0 0 0 0 
1 0.699225 0.344011 0.086588 0.006352 9.35e-05 3e-06 0 0 0 0 0 0 0 0 0 0 0 0 0 
1 0.7011 0.346397 0.087342 0.0064725 9.45e-05 5e-07 0 0 0 0 0 0 0 0 0 0 0 0 0 
1 0.699959 0.344346 0.086637 0.006546 8.25e-05 0 0 0 0 0 0 0 0 0 0 0 0 0 0 
1 0.700755 0.346024 0.0870645 0.0064685 0.0001085 5e-07 0 0 0 0 0 0 0 0 0 0 0 0 0 
1 0.700953 0.347205 0.088251 0.0067405 6.75e-05 1e-06 0 0 0 0 0 0 0 0 0 0 0 0 0 
1 0.699935 0.345237 0.0866545 0.006557 0.00012 0 0 0 0 0 0 0 0 0 0 0 0 0 0 
1 0.700654 0.345575 0.0862575 0.0064425 9.1e-05 1e-06 0 0 0 0 0 0 0 0 0 0 0 0 0 
1 0.69972 0.34337 0.0854215 0.006242 8.75e-05 5e-07 0 0 0 0 0 0 0 0 0 0 0 0 0 
1 0.701374 0.346843 0.0877155 0.006776 0.0001065 5e-07 0 0 0 0 0 0 0 0 0 0 0 0 0 
1 0.70179 0.348554 0.089276 0.0069395 0.000109 5e-07 0 0 0 0 0 0 0 0 0 0 0 0 0 
1 0.699836 0.346827 0.0884465 0.006839 0.0001195 0 0 0 0 0 0 0 0 0 0 0 0 0 0 
1 0.699578 0.344597 0.086768 0.0067265 0.0001095 0 0 0 0 0 0 0 0 0 0 0 0 0 0 
1 0.700486 0.346387 0.0881875 0.0067465 9.4e-05 0 0 0 0 0 0 0 0 0 0 0 0 0 0 
1 0.700568 0.346121 0.0873965 0.0066885 0.0001095 0 0 0 0 0 0 0 0 0 0 0 0 0 0 
1 0.700274 0.345512 0.086663 0.006453 8.5e-05 0 0 0 0 0 0 0 0 0 0 0 0 0 0 
1 0.70136 0.346964 0.0876235 0.006582 9.35e-05 0 0 0 0 0 0 0 0 0 0 0 0 0 0 
1 0.6992 0.343063 0.08586 0.0064695 0.000102 5e-07 0 0 0 0 0 0 0 0 0 0 0 0 0 
1 0.700331 0.345763 0.0874925 0.0065435 8.95e-05 1.5e-06 0 0 0 0 0 0 0 0 0 0 0 0 0 
1 0.700497 0.345818 0.086698 0.0064205 7.5e-05 2e-06 0 0 0 0 0 0 0 0 0 0 0 0 0 
1 0.701653 0.348054 0.088597 0.0069735 0.000107 5e-07 0 0 0 0 0 0 0 0 0 0 0 0 0 
1 0.701142 0.347234 0.0874385 0.00674 8.95e-05 0 0 0 0 0 0 0 0 0 0 0 0 0 0 
1 0.700234 0.345421 0.086913 0.0067285 0.000102 0 0 0 0 0 0 0 0 0 0 0 0 0 0 
1 0.700847 0.344888 0.08646 0.0063565 8.8e-05 0 0 0 0 0 0 0 0 0 0 0 0 0 0 
1 0.700468 0.345627 0.0869205 0.006499 9.4e-05 1.5e-06 0 0 0 0 0 0 0 0 0 0 0 0 0 
1 0.699754 0.34504 0.0867265 0.006343 6.5e-05 0 0 0 0 0 0 0 0 0 0 0 0 0 0 
1 0.700809 0.345961 0.087173 0.006418 9.45e-05 1e-06 0 0 0 0 0 0 0 0 0 0 0 0 0 
1 0.701065 0.34729 0.088017 0.006921 0.0001175 5e-07 0 0 0 0 0 0 0 0 0 0 0 0 0 
1 0.701026 0.346818 0.087108 0.0066415 0.000108 2.5e-06 0 0 0 0 0 0 0 0 0 0 0 0 0 
1 0.698784 0.342735 0.0859005 0.0061775 8.05e-05 0 0 0 0 0 0 0 0 0 0 0 0 0 0 
1 0.700139 0.345494 0.0871465 0.006824 0.000115 0 0 0 0 0 0 0 0 0 0 0 0 0 0 
1 0.699716 0.345192 0.08729 0.006826 0.0001165 4.5e-06 5e-07 0 0 0 0 0 0 0 0 0 0 0 0 
1 0.699368 0.344866 0.0865865 0.006725 9.8e-05 1e-06 0 0 0 0 0 0 0 0 0 0 0 0 0 
1 0.699976 0.34506 0.086282 0.006365 0.0001135 0 0 0 0 0 0 0 0 0 0 0 0 0 0 
1 0.699711 0.344881 0.086355 0.0066395 9.5e-05 0 0 0 0 0 0 0 0 0 0 0 0 0 0 
1 0.699926 0.34577 0.08773 0.0068365 0.0001005 0 0 0 0 0 0 0 0 0 0 0 0 0 0 
1 0.700383 0.345069 0.0867025 0.006504 0.0001135 3e-06 0 0 0 0 0 0 0 0 0 0 0 0 0 
1 0.701367 0.34666 0.087364 0.006653 0.0001055 2e-06 5e-07 0 0 0 0 0 0 0 0 0 0 0 0 
1 0.701632 0.347863 0.0887705 0.0067775 9.3e-05 0 0 0 0 0 0 0 0 0 0 0 0 0 0 
1 0.701045 0.346058 0.0872715 0.0066095 0.0001035 0 0 0 0 0 0 0 0 0 0 0 0 0 0 
1 0.70172 0.347265 0.0885405 0.006909 9.95e-05 0 0 0 0 0 0 0 0 0 0 0 0 0 0 
1 0.699904 0.345638 0.0870715 0.0066755 8.75e-05 0 0 0 0 0 0 0 0 0 0 0 0 0 0 
1 0.697458 0.34172 0.0850655 0.006406 9.1e-05 0 0 0 0 0 0 0 0 0 0 0 0 0 0 
1 0.700731 0.346087 0.087161 0.006643 0.0001165 5e-07 0 0 0 0 0 0 0 0 0 0 0 0 0 
1 0.700841 0.346155 0.0874325 0.006691 0.000104 2e-06 0 0 0 0 0 0 0 0 0 0 0 0 0 
1 0.700809 0.346066 0.087237 0.006475 9.3e-05 4e-06 0 0 0 0 0 0 0 0 0 0 0 0 0 
1 0.699744 0.344883 0.0861045 0.006588 0.000109 1e-06 0 0 0 0 0 0 0 0 0 0 0 0 0 
1 0.700212 0.345526 0.087455 0.0066365 8.75e-05 4.5e-06 0 0 0 0 0 0 0 0 0 0 0 0 0 
1 0.699208 0.343516 0.084752 0.0059865 6.55e-05 5e-07 0 0 0 0 0 0 0 0 0 0 0 0 0 
1 0.700897 0.346751 0.0874705 0.0065555 8.9e-05 0 0 0 0 0 0 0 0 0 0 0 0 0 0 
1 0.70094 0.346396 0.087707 0.006644 0.0001135 1e-06 0 0 0 0 0 0 0 0 0 0 0 0 0 
1 0.700271 0.345589 0.087202 0.0066475 0.0001025 0 0 0 0 0 0 0 0 0 0 0 0 0 0 
1 0.699101 0.342889 0.0855225 0.006548 0.000113 0 0 0 0 0 0 0 0 0 0 0 0 0 0 
1 0.699123 0.343528 0.086435 0.006479 9.4e-05 1e-06 0 0 0 0 0 0 0 0 0 0 0 0 0 
1 0.700674 0.346602 0.087828 0.0067205 9.65e-05 1.5e-06 0 0 0 0 0 0 0 0 0 0 0 0 0 
1 0.701189 0.347425 0.087961 0.0066555 7.3e-05 5e-07 0 0 0 0 0 0 0 0 0 0 0 0 0 
1 0.701189 0.346866 0.0876465 0.0067955 0.000117 5e-07 0 0 0 0 0 0 0 0 0 0 0 0 0 
1 0.700485 0.345533 0.0864105 0.0065325 0.0001015 0 0 0 0 0 0 0 0 0 0 0 0 0 0 
1 0.698485 0.343034 0.085316 0.0063945 0.0001115 3e-06 0 0 0 0 0 0 0 0 0 0 0 0 0 
1 0.701073 0.346526 0.088057 0.006716 0.000104 2.5e-06 0 0 0 0 0 0 0 0 0 0 0 0 0 
1 0.698876 0.345336 0.0880595 0.006746 8.8e-05 1e-06 0 0 0 0 0 0 0 0 0 0 0 0 0 
1 0.69939 0.343647 0.085419 0.0063645 8.2e-05 1e-06 0 0 0 0 0 0 0 0 0 0 0 0 0 
1 0.700306 0.34499 0.086694 0.006451 9.85e-05 5e-07 0 0 0 0 0 0 0 0 0 0 0 0 0 
1 0.701116 0.347025 0.0878635 0.006746 0.0001145 0 0 0 0 0 0 0 0 0 0 0 0 0 0 
1 0.700567 0.345739 0.087319 0.00658 0.000124 5e-06 0 0 0 0 0 0 0 0 0 0 0 0 0 
1 0.699207 0.344378 0.0866625 0.006595 9.2e-05 0 0 0 0 0 0 0 0 0 0 0 0 0 0 
1 0.701273 0.348202 0.088569 0.0070395 0.0001145 0 0 0 0 0 0 0 0 0 0 0 0 0 0 
1 0.700991 0.346091 0.086953 0.006441 0.0001025 5e-07 0 0 0 0 0 0 0 0 0 0 0 0 0 
1 0.701959 0.346812 0.0876805 0.006792 0.000115 0 0 0 0 0 0 0 0 0 0 0 0 0 0 
1 0.701302 0.347471 0.088365 0.00686 0.0001045 0 0 0 0 0 0 0 0 0 0 0 0 0 0 
1 0.702187 0.348647 0.0885285 0.0066575 9.4e-05 0 0 0 0 0 0 0 0 0 0 0 0 0 0 
1 0.699427 0.344374 0.086044 0.0062845 8.8e-05 0 0 0 0 0 0 0 0 0 0 0 0 0 0 
1 0.701514 0.346648 0.0878665 0.006804 0.0001075 0 0 0 0 0 0 0 0 0 0 0 0 0 0 
1 0.703289 0.350331 0.089504 0.006949 0.0001235 0 0 0 0 0 0 0 0 0 0 0 0 0 0 
1 0.698716 0.342999 0.08571 0.006442 0.0001065 5e-07 0 0 0 0 0 0 0 0 0 0 0 0 0 
1 0.696247 0.339425 0.083492 0.0061025 8.4e-05 0 0 0 0 0 0 0 0 0 0 0 0 0 0 
1 0.700097 0.345559 0.0874925 0.0065705 9.65e-05 5e-07 0 0 0 0 0 0 0 0 0 0 0 0 0 
1 0.699325 0.346264 0.0881325 0.006782 9.55e-05 5e-07 0 0 0 0 0 0 0 0 0 0 0 0 0 
1 0.70066 0.346512 0.0872565 0.006583 0.0001245 1.5e-06 0 0 0 0 0 0 0 0 0 0 0 0 0 
1 0.699521 0.343944 0.085947 0.006403 9.5e-05 0 0 0 0 0 0 0 0 0 0 0 0 0 0 
1 0.698748 0.343288 0.0857255 0.0062925 7.95e-05 0 0 0 0 0 0 0 0 0 0 0 0 0 0 
1 0.698299 0.342921 0.0855165 0.006288 9.45e-05 5e-07 0 0 0 0 0 0 0 0 0 0 0 0 0 
1 0.699767 0.344609 0.08684 0.0063115 8.4e-05 0 0 0 0 0 0 0 0 0 0 0 0 0 0 
1 0.699927 0.345325 0.086803 0.006689 0.000105 3e-06 0 0 0 0 0 0 0 0 0 0 0 0 0 
1 0.700246 0.344922 0.0866225 0.006566 0.000119 0 0 0 0 0 0 0 0 0 0 0 0 0 0 
1 0.700132 0.344513 0.0859265 0.0065055 0.000117 5e-07 0 0 0 0 0 0 0 0 0 0 0 0 0 
1 0.700246 0.345122 0.086896 0.0065505 0.0001065 0 0 0 0 0 0 0 0 0 0 0 0 0 0 
1 0.699614 0.345225 0.086921 0.006577 0.0001275 1e-06 0 0 0 0 0 0 0 0 0 0 0 0 0 
1 0.701135 0.346541 0.087408 0.0067275 9.25e-05 1e-06 0 0 0 0 0 0 0 0 0 0 0 0 0 
1 0.700566 0.345958 0.0864295 0.006316 0.0001105 1e-06 0 0 0 0 0 0 0 0 0 0 0 0 0 
1 0.69872 0.343051 0.0855915 0.006331 0.0001235 0 0 0 0 0 0 0 0 0 0 0 0 0 0 
1 0.699267 0.343503 0.0858735 0.006359 7.45e-05 1e-06 0 0 0 0 0 0 0 0 0 0 0 0 0 
1 0.701846 0.346694 0.086768 0.0065765 0.0001175 2e-06 0 0 0 0 0 0 0 0 0 0 0 0 0 
1 0.69964 0.34511 0.0863985 0.006489 0.000108 0 0 0 0 0 0 0 0 0 0 0 0 0 0 
1 0.69992 0.344115 0.085484 0.0064265 0.0001305 1.5e-06 0 0 0 0 0 0 0 0 0 0 0 0 0 
1 0.700971 0.346329 0.088198 0.006804 9.35e-05 0 0 0 0 0 0 0 0 0 0 0 0 0 0 
1 0.697928 0.341621 0.0849605 0.0063085 0.00011 0 0 0 0 0 0 0 0 0 0 0 0 0 0 
1 0.702445 0.349569 0.0884605 0.006752 9.4e-05 1e-06 0 0 0 0 0 0 0 0 0 0 0 0 0 
1 0.700588 0.345024 0.0870365 0.0066355 0.0001065 0 0 0 0 0 0 0 0 0 0 0 0 0 0 
1 0.699986 0.344573 0.086659 0.006554 9.1e-05 1.5e-06 0 0 0 0 0 0 0 0 0 0 0 0 0 
1 0.699249 0.344462 0.0865745 0.0064405 9.75e-05 0 0 0 0 0 0 0 0 0 0 0 0 0 0 
1 0.700745 0.345884 0.087288 0.006567 0.000102 0 0 0 0 0 0 0 0 0 0 0 0 0 0 
1 0.698209 0.342056 0.0851625 0.0063965 8.8e-05 2.5e-06 0 0 0 0 0 0 0 0 0 0 0 0 0 
1 0.700303 0.344945 0.086405 0.0066055 9.55e-05 5e-06 0 0 0 0 0 0 0 0 0 0 0 0 0 
1 0.700632 0.344991 0.086341 0.0062445 0.0001085 5e-07 0 0 0 0 0 0 0 0 0 0 0 0 0 
1 0.699982 0.345741 0.087191 0.0066335 0.000103 0 0 0 0 0 0 0 0 0 0 0 0 0 0 
1 0.699427 0.343643 0.0859525 0.0065255 8.95e-05 0 0 0 0 0 0 0 0 0 0 0 0 0 0 
1 0.698613 0.342579 0.0847275 0.006348 9.5e-05 1e-06 0 0 0 0 0 0 0 0 0 0 0 0 0 
1 0.700609 0.345502 0.086843 0.0064635 0.000112 0 0 0 0 0 0 0 0 0 0 0 0 0 0 
1 0.701366 0.346805 0.088003 0.00666 0.000103 1e-06 0 0 0 0 0 0 0 0 0 0 0 0 0 
1 0.69926 0.343572 0.0863025 0.0064155 0.0001075 2.5e-06 0 0 0 0 0 0 0 0 0 0 0 0 0 
1 0.699635 0.344259 0.0861775 0.006403 9.5e-05 1e-06 0 0 0 0 0 0 0 0 0 0 0 0 0 
1 0.701347 0.347348 0.0878955 0.006777 0.000133 0 0 0 0 0 0 0 0 0 0 0 0 0 0 
1 0.700659 0.345829 0.0873615 0.006718 7.4e-05 5e-07 0 0 0 0 0 0 0 0 0 0 0 0 0 
1 0.699346 0.344259 0.0859995 0.006335 9.55e-05 0 0 0 0 0 0 0 0 0 0 0 0 0 0 
1 0.700708 0.345986 0.0870225 0.006419 9.9e-05 0 0 0 0 0 0 0 0 0 0 0 0 0 0 
1 0.701738 0.347247 0.088932 0.0069805 8.6e-05 0 0 0 0 0 0 0 0 0 0 0 0 0 0 
1 0.699067 0.343361 0.0858325 0.0064485 0.0001045 2e-06 0 0 0 0 0 0 0 0 0 0 0 0 0 
1 0.699476 0.344692 0.086452 0.006559 0.000102 0 0 0 0 0 0 0 0 0 0 0 0 0 0 
1 0.699887 0.344866 0.0870615 0.0066645 0.0001125 2.5e-06 0 0 0 0 0 0 0 0 0 0 0 0 0 
1 0.700452 0.345447 0.0869265 0.006516 9.4e-05 2e-06 0 0 0 0 0 0 0 0 0 0 0 0 0 
1 0.699767 0.345081 0.08666 0.0063445 9.65e-05 2e-06 0 0 0 0 0 0 0 0 0 0 0 0 0 
1 0.701033 0.346269 0.0873845 0.00646 0.000106 0 0 0 0 0 0 0 0 0 0 0 0 0 0 
1 0.701713 0.347416 0.0884945 0.006847 8.35e-05 0 0 0 0 0 0 0 0 0 0 0 0 0 0 
1 0.700006 0.346767 0.0882145 0.006888 0.0001015 0 0 0 0 0 0 0 0 0 0 0 0 0 0 
1 0.701855 0.348646 0.0889625 0.0068105 9.15e-05 3e-06 0 0 0 0 0 0 0 0 0 0 0 0 0 
1 0.699982 0.344002 0.0859795 0.0062425 9.9e-05 5e-07 0 0 0 0 0 0 0 0 0 0 0 0 0 
1 0.699042 0.343273 0.08564 0.006482 8.6e-05 0 0 0 0 0 0 0 0 0 0 0 0 0 0 
1 0.699057 0.342747 0.085345 0.006162 7.6e-05 0 0 0 0 0 0 0 0 0 0 0 0 0 0 
1 0.698377 0.342742 0.0855345 0.0063375 8.85e-05 0 0 0 0 0 0 0 0 0 0 0 0 0 0 
1 0.698635 0.342827 0.0860355 0.006388 9.8e-05 2.5e-06 0 0 0 0 0 0 0 0 0 0 0 0 0 
1 0.701511 0.346548 0.0878585 0.006886 0.000102 1e-06 0 0 0 0 0 0 0 0 0 0 0 0 0 
1 0.701165 0.345758 0.0873815 0.0067275 0.000107 0 0 0 0 0 0 0 0 0 0 0 0 0 0 
1 0.699014 0.343971 0.0857695 0.0063295 9.6e-05 0 0 0 0 0 0 0 0 0 0 0 0 0 0 
1 0.699875 0.3461 0.0873765 0.006364 6.2e-05 0 0 0 0 0 0 0 0 0 0 0 0 0 0 
1 0.700718 0.346257 0.0872085 0.0065965 9.45e-05 1e-06 0 0 0 0 0 0 0 0 0 0 0 0 0 
1 0.702116 0.348872 0.0893345 0.0070325 9.3e-05 0 0 0 0 0 0 0 0 0 0 0 0 0 0 
1 0.699835 0.344956 0.0866725 0.0064365 8.15e-05 1e-06 0 0 0 0 0 0 0 0 0 0 0 0 0 
1 0.699929 0.345609 0.0869625 0.006452 9.1e-05 5e-07 0 0 0 0 0 0 0 0 0 0 0 0 0 
1 0.702675 0.350066 0.0900095 0.0070135 0.0001105 1e-06 0 0 0 0 0 0 0 0 0 0 0 0 0 
1 0.698497 0.343304 0.085694 0.006499 7.55e-05 0 0 0 0 0 0 0 0 0 0 0 0 0 0 
1 0.699543 0.345189 0.0868115 0.0066315 0.0001195 2e-06 0 0 0 0 0 0 0 0 0 0 0 0 0 
1 0.699548 0.345811 0.0867735 0.0064915 0.00012 0 0 0 0 0 0 0 0 0 0 0 0 0 0 
1 0.697883 0.341478 0.084155 0.006242 0.0001035 0 0 0 0 0 0 0 0 0 0 0 0 0 0 
1 0.700775 0.346066 0.087275 0.006583 0.0001005 1.5e-06 0 0 0 0 0 0 0 0 0 0 0 0 0 
1 0.700875 0.346709 0.088023 0.006709 8.55e-05 0 0 0 0 0 0 0 0 0 0 0 0 0 0 
1 0.698765 0.344025 0.0864135 0.0062765 9.2e-05 0 0 0 0 0 0 0 0 0 0 0 0 0 0 
1 0.700356 0.346472 0.0875765 0.006754 8.75e-05 1.5e-06 0 0 0 0 0 0 0 0 0 0 0 0 0 
1 0.701899 0.348664 0.0890865 0.0070455 0.0001055 1e-06 0 0 0 0 0 0 0 0 0 0 0 0 0 
1 0.701147 0.346266 0.087035 0.0064885 0.000101 0 0 0 0 0 0 0 0 0 0 0 0 0 0 
1 0.698175 0.343001 0.0861845 0.006572 0.000138 5e-07 0 0 0 0 0 0 0 0 0 0 0 0 0 
1 0.700052 0.344879 0.086714 0.006595 0.0001035 1e-06 0 0 0 0 0 0 0 0 0 0 0 0 0 
1 0.699493 0.344657 0.0868555 0.006433 9.5e-05 0 0 0 0 0 0 0 0 0 0 0 0 0 0 
1 0.701117 0.347211 0.087676 0.00674 0.0001195 5e-07 0 0 0 0 0 0 0 0 0 0 0 0 0 
1 0.700477 0.346656 0.0878735 0.00686 0.000106 5e-07 0 0 0 0 0 0 0 0 0 0 0 0 0 
1 0.700222 0.345232 0.0866275 0.006676 9.95e-05 1e-06 0 0 0 0 0 0 0 0 0 0 0 0 0 
1 0.698762 0.343199 0.0851585 0.006036 6.75e-05 0 0 0 0 0 0 0 0 0 0 0 0 0 0 
1 0.700658 0.346816 0.087239 0.0065505 7.85e-05 0 0 0 0 0 0 0 0 0 0 0 0 0 0 
1 0.699409 0.344077 0.0864145 0.006456 9.65e-05 1e-06 0 0 0 0 0 0 0 0 0 0 0 0 0 
1 0.699801 0.345201 0.087037 0.006738 9.4e-05 0 0 0 0 0 0 0 0 0 0 0 0 0 0 
1 0.700483 0.345169 0.086386 0.0064725 8.15e-05 0 0 0 0 0 0 0 0 0 0 0 0 0 0 
1 0.699391 0.343859 0.0859875 0.0064155 8.75e-05 0 0 0 0 0 0 0 0 0 0 0 0 0 0 
1 0.700105 0.345153 0.0865045 0.006573 9e-05 5e-07 0 0 0 0 0 0 0 0 0 0 0 0 0 
1 0.698927 0.343738 0.0859015 0.0063755 0.000109 0 0 0 0 0 0 0 0 0 0 0 0 0 0 
1 0.699447 0.343731 0.085566 0.006351 0.0001185 1e-06 0 0 0 0 0 0 0 0 0 0 0 0 0 
1 0.700302 0.34526 0.08688 0.006759 0.0001115 2e-06 0 0 0 0 0 0 0 0 0 0 0 0 0 
1 0.700628 0.345531 0.087081 0.0066465 9.75e-05 0 0 0 0 0 0 0 0 0 0 0 0 0 0 
1 0.699769 0.344181 0.086487 0.006501 8.5e-05 1e-06 0 0 0 0 0 0 0 0 0 0 0 0 0 
1 0.700668 0.346795 0.088154 0.0067895 0.0001155 1.5e-06 0 0 0 0 0 0 0 0 0 0 0 0 0 
1 0.701939 0.347567 0.0881025 0.0067465 0.000136 1e-06 0 0 0 0 0 0 0 0 0 0 0 0 0 
1 0.701087 0.346878 0.087613 0.006365 7.7e-05 1e-06 0 0 0 0 0 0 0 0 0 0 0 0 0 
1 0.701084 0.347218 0.0879085 0.006709 8.85e-05 5e-07 0 0 0 0 0 0 0 0 0 0 0 0 0 
1 0.698351 0.343432 0.0854335 0.006351 9.9e-05 0 0 0 0 0 0 0 0 0 0 0 0 0 0 
1 0.701679 0.346721 0.0874455 0.0066785 0.0001 1.5e-06 0 0 0 0 0 0 0 0 0 0 0 0 0 
1 0.700563 0.346011 0.0867635 0.006476 9.65e-05 5e-07 0 0 0 0 0 0 0 0 0 0 0 0 0 
1 0.7009 0.346413 0.08761 0.0067615 0.000114 0 0 0 0 0 0 0 0 0 0 0 0 0 0 
1 0.699426 0.343948 0.085988 0.006541 9.2e-05 0 0 0 0 0 0 0 0 0 0 0 0 0 0 
1 0.699255 0.344178 0.086466 0.006646 0.0001025 0 0 0 0 0 0 0 0 0 0 0 0 0 0 
1 0.700486 0.346221 0.087447 0.00662 9.1e-05 0 0 0 0 0 0 0 0 0 0 0 0 0 0 
1 0.701367 0.346599 0.0870425 0.006518 0.0001095 2e-06 0 0 0 0 0 0 0 0 0 0 0 0 0 
1 0.699284 0.344401 0.086633 0.0066635 0.000113 0 0 0 0 0 0 0 0 0 0 0 0 0 0 
1 0.697514 0.342418 0.0852985 0.006371 8.95e-05 0 0 0 0 0 0 0 0 0 0 0 0 0 0 
1 0.7013 0.347096 0.088368 0.0068025 0.000132 0 0 0 0 0 0 0 0 0 0 0 0 0 0 
1 0.699572 0.344621 0.0864465 0.0066605 0.000111 1e-06 0 0 0 0 0 0 0 0 0 0 0 0 0 
1 0.70118 0.346901 0.0879605 0.0067625 9.8e-05 0 0 0 0 0 0 0 0 0 0 0 0 0 0 
1 0.701167 0.346341 0.087692 0.0065275 8.85e-05 0 0 0 0 0 0 0 0 0 0 0 0 0 0 
1 0.700721 0.347025 0.088339 0.006728 9.45e-05 0 0 0 0 0 0 0 0 0 0 0 0 0 0 
1 0.700292 0.345546 0.086883 0.0064105 0.00011 5.5e-06 0 0 0 0 0 0 0 0 0 0 0 0 0 
1 0.70012 0.346328 0.087864 0.006577 9.05e-05 1e-06 0 0 0 0 0 0 0 0 0 0 0 0 0 
1 0.700533 0.346897 0.0878485 0.0065615 0.0001105 0 0 0 0 0 0 0 0 0 0 0 0 0 0 
1 0.698916 0.343522 0.086071 0.006497 9.85e-05 2.5e-06 0 0 0 0 0 0 0 0 0 0 0 0 0 
1 0.700739 0.346313 0.087607 0.006842 0.0001035 1.5e-06 0 0 0 0 0 0 0 0 0 0 0 0 0 
1 0.700261 0.345209 0.086777 0.006497 0.0001125 1e-06 0 0 0 0 0 0 0 0 0 0 0 0 0 
1 0.700803 0.347284 0.088345 0.0068545 0.0001 0 0 0 0 0 0 0 0 0 0 0 0 0 0 
1 0.699178 0.344097 0.0861765 0.0064995 9.55e-05 1e-06 0 0 0 0 0 0 0 0 0 0 0 0 0 
1 0.700056 0.34631 0.0876185 0.0065745 9.7e-05 2e-06 0 0 0 0 0 0 0 0 0 0 0 0 0 
1 0.699712 0.34584 0.086782 0.0064795 0.0001175 2e-06 0 0 0 0 0 0 0 0 0 0 0 0 0 
1 0.701023 0.346841 0.0875205 0.0066945 0.0001015 0 0 0 0 0 0 0 0 0 0 0 0 0 0 
1 0.702744 0.348697 0.089886 0.007248 0.0001155 0 0 0 0 0 0 0 0 0 0 0 0 0 0 
1 0.698908 0.344133 0.08643 0.0064195 9.95e-05 0 0 0 0 0 0 0 0 0 0 0 0 0 0 
1 0.699771 0.344529 0.0867265 0.0066615 0.0001195 4e-06 0 0 0 0 0 0 0 0 0 0 0 0 0 
1 0.700665 0.346918 0.087836 0.0066615 7.95e-05 0 0 0 0 0 0 0 0 0 0 0 0 0 0 
1 0.70103 0.347037 0.0878475 0.0066345 8.95e-05 0 0 0 0 0 0 0 0 0 0 0 0 0 0 
1 0.699669 0.343861 0.0863055 0.0066115 8.9e-05 1e-06 0 0 0 0 0 0 0 0 0 0 0 0 0 
1 0.698575 0.342686 0.085998 0.006397 8.95e-05 3e-06 0 0 0 0 0 0 0 0 0 0 0 0 0 
1 0.699263 0.343573 0.086366 0.006469 7.2e-05 0 0 0 0 0 0 0 0 0 0 0 0 0 0 
1 0.700721 0.345864 0.0870725 0.00632 8.2e-05 0 0 0 0 0 0 0 0 0 0 0 0 0 0 
1 0.700953 0.346197 0.0870885 0.0066755 8.4e-05 0 0 0 0 0 0 0 0 0 0 0 0 0 0 
1 0.700671 0.346037 0.0870385 0.006621 0.0001085 5e-07 0 0 0 0 0 0 0 0 0 0 0 0 0 
1 0.700574 0.34588 0.0874875 0.006636 0.000114 1e-06 0 0 0 0 0 0 0 0 0 0 0 0 0 
1 0.698706 0.344299 0.086762 0.0065035 0.0001075 3.5e-06 0 0 0 0 0 0 0 0 0 0 0 0 0 
1 0.698125 0.342112 0.0852075 0.006351 9.65e-05 1e-06 5e-07 0 0 0 0 0 0 0 0 0 0 0 0 
1 0.698965 0.344523 0.086101 0.0065825 0.000115 1.5e-06 0 0 0 0 0 0 0 0 0 0 0 0 0 
1 0.699884 0.344159 0.086057 0.0065535 8.95e-05 0 0 0 0 0 0 0 0 0 0 0 0 0 0 
1 0.701519 0.346115 0.087007 0.006611 8.45e-05 5e-07 0 0 0 0 0 0 0 0 0 0 0 0 0 
1 0.699664 0.344549 0.0862055 0.00671 0.0001255 0 0 0 0 0 0 0 0 0 0 0 0 0 0 
1 0.70067 0.346637 0.087844 0.006574 0.000101 1.5e-06 0 0 0 0 0 0 0 0 0 0 0 0 0 
1 0.70031 0.34678 0.087917 0.0067285 0.0001025 0 0 0 0 0 0 0 0 0 0 0 0 0 0 
1 0.698739 0.343737 0.086117 0.006526 0.000113 5e-07 0 0 0 0 0 0 0 0 0 0 0 0 0 
1 0.700741 0.345998 0.0877965 0.006772 0.0001105 0 0 0 0 0 0 0 0 0 0 0 0 0 0 
1 0.699 0.343956 0.086436 0.0064975 0.0001005 0 0 0 0 0 0 0 0 0 0 0 0 0 0 
1 0.699634 0.345107 0.0873475 0.0067065 8.45e-05 0 0 0 0 0 0 0 0 0 0 0 0 0 0 
1 0.701344 0.34794 0.0887015 0.006897 9.85e-05 3e-06 0 0 0 0 0 0 0 0 0 0 0 0 0 
1 0.698107 0.342905 0.085121 0.006372 8.85e-05 0 0 0 0 0 0 0 0 0 0 0 0 0 0 
1 0.699545 0.344942 0.0867555 0.0065945 7.3e-05 0 0 0 0 0 0 0 0 0 0 0 0 0 0 
1 0.699417 0.34488 0.0864725 0.006415 0.0001085 2e-06 0 0 0 0 0 0 0 0 0 0 0 0 0 
1 0.699407 0.34459 0.086644 0.0066255 0.000108 0 0 0 0 0 0 0 0 0 0 0 0 0 0 
1 0.699854 0.345264 0.0865265 0.006519 9.3e-05 5e-07 0 0 0 0 0 0 0 0 0 0 0 0 0 
1 0.701042 0.345925 0.0875315 0.0067645 0.000127 0 0 0 0 0 0 0 0 0 0 0 0 0 0 
1 0.700315 0.345932 0.087761 0.0067615 9.9e-05 0 0 0 0 0 0 0 0 0 0 0 0 0 0 
1 0.699018 0.344279 0.086639 0.0065595 7.95e-05 0 0 0 0 0 0 0 0 0 0 0 0 0 0 
1 0.698887 0.3429 0.086047 0.0064655 9.9e-05 0 0 0 0 0 0 0 0 0 0 0 0 0 0 
1 0.700279 0.345087 0.086632 0.006672 0.00013 5e-07 0 0 0 0 0 0 0 0 0 0 0 0 0 
1 0.700276 0.346771 0.088152 0.0069595 0.000113 2.5e-06 0 0 0 0 0 0 0 0 0 0 0 0 0 
1 0.698112 0.342675 0.0854985 0.0063685 0.0001105 1.5e-06 0 0 0 0 0 0 0 0 0 0 0 0 0 
1 0.699587 0.343884 0.086046 0.006442 0.0001045 0 0 0 0 0 0 0 0 0 0 0 0 0 0 
1 0.699424 0.344967 0.0871005 0.006755 0.0001035 0 0 0 0 0 0 0 0 0 0 0 0 0 0 
1 0.69922 0.344034 0.0859095 0.006304 9.35e-05 1e-06 0 0 0 0 0 0 0 0 0 0 0 0 0 
1 0.70229 0.348222 0.0886815 0.006781 0.0001005 6e-06 0 0 0 0 0 0 0 0 0 0 0 0 0 
1 0.700916 0.345274 0.0868445 0.0066705 0.0001075 2e-06 0 0 0 0 0 0 0 0 0 0 0 0 0 
1 0.701479 0.347171 0.087645 0.0066385 8.1e-05 1.5e-06 0 0 0 0 0 0 0 0 0 0 0 0 0 
1 0.700168 0.345687 0.0877025 0.0067115 9.6e-05 0 0 0 0 0 0 0 0 0 0 0 0 0 0 
1 0.700047 0.344876 0.0867375 0.0065785 0.000109 0 0 0 0 0 0 0 0 0 0 0 0 0 0 
1 0.699321 0.344487 0.0866565 0.006616 0.000121 5e-07 0 0 0 0 0 0 0 0 0 0 0 0 0 
1 0.699814 0.345391 0.087172 0.006725 0.0001055 0 0 0 0 0 0 0 0 0 0 0 0 0 0 
1 0.699546 0.344134 0.0861395 0.006213 7.35e-05 0 0 0 0 0 0 0 0 0 0 0 0 0 0 
1 0.699155 0.342365 0.0849335 0.006255 8.75e-05 0 0 0 0 0 0 0 0 0 0 0 0 0 0 
1 0.700208 0.346032 0.0879585 0.006748 8.05e-05 0 0 0 0 0 0 0 0 0 0 0 0 0 0 
1 0.700428 0.345574 0.0871305 0.0065785 7.7e-05 0 0 0 0 0 0 0 0 0 0 0 0 0 0 
1 0.698556 0.343783 0.085687 0.0064765 0.0001015 0 0 0 0 0 0 0 0 0 0 0 0 0 0 
1 0.70145 0.347838 0.0882795 0.006831 8.3e-05 1e-06 0 0 0 0 0 0 0 0 0 0 0 0 0 
1 0.699582 0.344519 0.0860025 0.0064765 7.75e-05 0 0 0 0 0 0 0 0 0 0 0 0 0 0 
1 0.69847 0.34261 0.085365 0.00633 7e-05 0 0 0 0 0 0 0 0 0 0 0 0 0 0 
1 0.699396 0.34422 0.086701 0.006614 0.000102 5e-07 0 0 0 0 0 0 0 0 0 0 0 0 0 
1 0.70103 0.347995 0.08892 0.006962 9.3e-05 0 0 0 0 0 0 0 0 0 0 0 0 0 0 
1 0.701034 0.346095 0.087064 0.0065535 9.55e-05 0 0 0 0 0 0 0 0 0 0 0 0 0 0 
1 0.699902 0.343941 0.0860615 0.0065425 0.0001075 0 0 0 0 0 0 0 0 0 0 0 0 0 0 
1 0.701368 0.347605 0.087422 0.0066985 9.95e-05 0 0 0 0 0 0 0 0 0 0 0 0 0 0 
1 0.700005 0.344195 0.0864485 0.00657 0.000112 1e-06 0 0 0 0 0 0 0 0 0 0 0 0 0 
1 0.699255 0.343848 0.08584 0.0063565 7.2e-05 0 0 0 0 0 0 0 0 0 0 0 0 0 0 
1 0.698005 0.342323 0.085393 0.0063855 0.000101 0 0 0 0 0 0 0 0 0 0 0 0 0 0 
1 0.699006 0.344161 0.086588 0.006586 9.85e-05 1e-06 0 0 0 0 0 0 0 0 0 0 0 0 0 
1 0.700306 0.345793 0.0869115 0.00658 0.000123 1e-06 0 0 0 0 0 0 0 0 0 0 0 0 0 
1 0.700959 0.346193 0.0868135 0.0064235 9.9e-05 0 0 0 0 0 0 0 0 0 0 0 0 0 0 
1 0.699368 0.345447 0.0867685 0.0064785 9.95e-05 1.5e-06 0 0 0 0 0 0 0 0 0 0 0 0 0 
1 0.700449 0.345637 0.086971 0.0066125 8.95e-05 5e-07 0 0 0 0 0 0 0 0 0 0 0 0 0 
1 0.700925 0.346138 0.087228 0.00645 8.3e-05 1e-06 0 0 0 0 0 0 0 0 0 0 0 0 0 
1 0.701265 0.347467 0.088089 0.006739 9.15e-05 0 0 0 0 0 0 0 0 0 0 0 0 0 0 
1 0.701377 0.347141 0.087449 0.0066395 0.000114 2.5e-06 0 0 0 0 0 0 0 0 0 0 0 0 0 
1 0.701123 0.347505 0.088416 0.006685 0.000117 0 0 0 0 0 0 0 0 0 0 0 0 0 0 
1 0.70018 0.34669 0.087516 0.006621 0.0001065 0 0 0 0 0 0 0 0 0 0 0 0 0 0 
1 0.700905 0.346242 0.0871805 0.006553 0.0001255 1e-06 0 0 0 0 0 0 0 0 0 0 0 0 0 
1 0.700097 0.34565 0.0874305 0.00671 0.000116 0 0 0 0 0 0 0 0 0 0 0 0 0 0 
1 0.700439 0.345316 0.0871715 0.006691 0.0001095 1.5e-06 0 0 0 0 0 0 0 0 0 0 0 0 0 
1 0.701176 0.347852 0.088187 0.0067295 9.3e-05 0 0 0 0 0 0 0 0 0 0 0 0 0 0 
1 0.70145 0.347395 0.087995 0.006785 9.65e-05 1.5e-06 0 0 0 0 0 0 0 0 0 0 0 0 0 
1 0.699804 0.344209 0.086175 0.006468 0.000115 1.5e-06 0 0 0 0 0 0 0 0 0 0 0 0 0 
1 0.698498 0.343007 0.0859055 0.0065225 9.75e-05 0 0 0 0 0 0 0 0 0 0 0 0 0 0 
1 0.700932 0.346391 0.0873105 0.0065085 8.4e-05 2.5e-06 0 0 0 0 0 0 0 0 0 0 0 0 0 
1 0.700381 0.345123 0.0861985 0.006598 9.95e-05 5e-07 0 0 0 0 0 0 0 0 0 0 0 0 0 
1 0.700178 0.345697 0.0875375 0.006621 8.35e-05 0 0 0 0 0 0 0 0 0 0 0 0 0 0 
1 0.697981 0.343063 0.086199 0.006481 0.000105 1e-06 0 0 0 0 0 0 0 0 0 0 0 0 0 
1 0.699808 0.34555 0.08696 0.0065445 0.000124 2.5e-06 0 0 0 0 0 0 0 0 0 0 0 0 0 
1 0.699955 0.344961 0.086977 0.0066555 0.000104 5e-07 0 0 0 0 0 0 0 0 0 0 0 0 0 
1 0.699175 0.344148 0.0854405 0.0062155 0.0001045 5e-07 0 0 0 0 0 0 0 0 0 0 0 0 0 
1 0.699746 0.34484 0.086834 0.0064865 8.45e-05 5e-07 0 0 0 0 0 0 0 0 0 0 0 0 0 
1 0.699721 0.344451 0.086547 0.006523 9.15e-05 0 0 0 0 0 0 0 0 0 0 0 0 0 0 
1 0.700021 0.344709 0.087101 0.006606 8.35e-05 0 0 0 0 0 0 0 0 0 0 0 0 0 0 
1 0.699586 0.344391 0.0868855 0.0065985 8.55e-05 0 0 0 0 0 0 0 0 0 0 0 0 0 0 
1 0.700672 0.346174 0.0872805 0.006447 9.4e-05 1e-06 0 0 0 0 0 0 0 0 0 0 0 0 0 
1 0.699378 0.343568 0.0859525 0.0062935 0.0001105 5e-07 0 0 0 0 0 0 0 0 0 0 0 0 0 
1 0.700543 0.346177 0.087753 0.006595 0.0001075 3e-06 0 0 0 0 0 0 0 0 0 0 0 0 0 
1 0.702051 0.347934 0.0883575 0.006637 0.0001225 2.5e-06 0 0 0 0 0 0 0 0 0 0 0 0 0 
1 0.698832 0.344075 0.086502 0.006447 0.0001055 2.5e-06 0 0 0 0 0 0 0 0 0 0 0 0 0 
1 0.700167 0.344517 0.0864925 0.006568 9.85e-05 0 0 0 0 0 0 0 0 0 0 0 0 0 0 
1 0.698972 0.343804 0.0864145 0.006611 0.000101 0 0 0 0 0 0 0 0 0 0 0 0 0 0 
1 0.699863 0.344941 0.087057 0.0067465 0.0001165 5e-07 0 0 0 0 0 0 0 0 0 0 0 0 0 
1 0.702366 0.347537 0.087953 0.0067325 8.25e-05 5e-07 0 0 0 0 0 0 0 0 0 0 0 0 0 
1 0.699225 0.344547 0.086324 0.0063395 0.0001105 1.5e-06 0 0 0 0 0 0 0 0 0 0 0 0 0 
1 0.700223 0.34571 0.086819 0.0066565 0.000115 0 0 0 0 0 0 0 0 0 0 0 0 0 0 
1 0.69899 0.344519 0.086808 0.006514 0.0001165 0 0 0 0 0 0 0 0 0 0 0 0 0 0 
1 0.698021 0.342258 0.085957 0.0064685 7.35e-05 0 0 0 0 0 0 0 0 0 0 0 0 0 0 
1 0.700026 0.345162 0.086666 0.0064105 8.95e-05 0 0 0 0 0 0 0 0 0 0 0 0 0 0 
1 0.699238 0.343996 0.0858795 0.006195 9.45e-05 1.5e-06 0 0 0 0 0 0 0 0 0 0 0 0 0 
1 0.699215 0.343419 0.0862155 0.006584 0.000108 1e-06 0 0 0 0 0 0 0 0 0 0 0 0 0 
1 0.701726 0.348391 0.088641 0.0068255 0.0001045 5e-07 0 0 0 0 0 0 0 0 0 0 0 0 0 
1 0.700821 0.345863 0.0873805 0.0068625 9.9e-05 0 0 0 0 0 0 0 0 0 0 0 0 0 0 
1 0.701527 0.347555 0.0882945 0.0068965 9.85e-05 0 0 0 0 0 0 0 0 0 0 0 0 0 0 
1 0.698176 0.342382 0.084827 0.006102 0.000105 0 0 0 0 0 0 0 0 0 0 0 0 0 0 
1 0.699702 0.344335 0.0857615 0.006288 8.2e-05 5e-07 0 0 0 0 0 0 0 0 0 0 0 0 0 
1 0.69935 0.344597 0.0865255 0.006695 0.000117 0 0 0 0 0 0 0 0 0 0 0 0 0 0 
1 0.699992 0.345714 0.0869245 0.0067265 8.4e-05 0 0 0 0 0 0 0 0 0 0 0 0 0 0 
1 0.698948 0.344487 0.0858555 0.006351 7.6e-05 1.5e-06 0 0 0 0 0 0 0 0 0 0 0 0 0 
1 0.699073 0.343853 0.0858405 0.0062315 9e-05 0 0 0 0 0 0 0 0 0 0 0 0 0 0 
1 0.700208 0.344593 0.085592 0.0062975 9.25e-05 0 0 0 0 0 0 0 0 0 0 0 0 0 0 
1 0.699433 0.345 0.086713 0.0064515 0.0001025 1.5e-06 0 0 0 0 0 0 0 0 0 0 0 0 0 
1 0.701528 0.347108 0.0878235 0.006861 0.0001185 0 0 0 0 0 0 0 0 0 0 0 0 0 0 
1 0.699725 0.344483 0.0861715 0.006408 9.3e-05 0 0 0 0 0 0 0 0 0 0 0 0 0 0 
1 0.699322 0.343932 0.0855025 0.006296 7.95e-05 4.5e-06 0 0 0 0 0 0 0 0 0 0 0 0 0 
1 0.700679 0.346662 0.0878835 0.006687 0.000122 0 0 0 0 0 0 0 0 0 0 0 0 0 0 
1 0.698151 0.343414 0.085821 0.0064895 0.000108 2.5e-06 0 0 0 0 0 0 0 0 0 0 0 0 0 
1 0.700831 0.346117 0.0868345 0.006582 8.4e-05 0 0 0 0 0 0 0 0 0 0 0 0 0 0 
1 0.700776 0.346419 0.088041 0.0065195 9.25e-05 0 0 0 0 0 0 0 0 0 0 0 0 0 0 
1 0.699529 0.344507 0.086776 0.0065125 0.000114 0 0 0 0 0 0 0 0 0 0 0 0 0 0 
1 0.700118 0.345063 0.086298 0.0064985 0.000104 1.5e-06 0 0 0 0 0 0 0 0 0 0 0 0 0 
1 0.700441 0.345548 0.087185 0.006474 8.25e-05 1e-06 0 0 0 0 0 0 0 0 0 0 0 0 0 
1 0.702175 0.349174 0.08885 0.0069825 0.000121 0 0 0 0 0 0 0 0 0 0 0 0 0 0 
1 0.700355 0.345091 0.0866855 0.0065415 9.05e-05 0 0 0 0 0 0 0 0 0 0 0 0 0 0 
1 0.697881 0.341933 0.0850195 0.0063415 9.05e-05 0 0 0 0 0 0 0 0 0 0 0 0 0 0 
1 0.69992 0.344669 0.08652 0.0064715 0.0001065 0 0 0 0 0 0 0 0 0 0 0 0 0 0 
1 0.699259 0.343921 0.0852585 0.0060965 7.85e-05 0 0 0 0 0 0 0 0 0 0 0 0 0 0 
1 0.69922 0.343636 0.085823 0.006279 9.75e-05 0 0 0 0 0 0 0 0 0 0 0 0 0 0 
1 0.699889 0.344571 0.086531 0.0066815 8.6e-05 1e-06 0 0 0 0 0 0 0 0 0 0 0 0 0 
1 0.699314 0.344446 0.086773 0.006548 0.000137 5e-07 0 0 0 0 0 0 0 0 0 0 0 0 0 
1 0.699366 0.344163 0.0861315 0.0063755 9.35e-05 0 0 0 0 0 0 0 0 0 0 0 0 0 0 
1 0.699885 0.345995 0.087766 0.006677 8.7e-05 0 0 0 0 0 0 0 0 0 0 0 0 0 0 
1 0.700616 0.345111 0.0864875 0.006425 8.8e-05 2e-06 0 0 0 0 0 0 0 0 0 0 0 0 0 
1 0.700224 0.345688 0.0866635 0.0064245 0.0001125 0 0 0 0 0 0 0 0 0 0 0 0 0 0 
1 0.699895 0.344869 0.0862875 0.0062345 0.000116 0 0 0 0 0 0 0 0 0 0 0 0 0 0 
1 0.700308 0.345115 0.0874775 0.006616 0.0001015 0 0 0 0 0 0 0 0 0 0 0 0 0 0 
1 0.700792 0.346304 0.087085 0.00655 0.000125 5.5e-06 0 0 0 0 0 0 0 0 0 0 0 0 0 
1 0.699638 0.344697 0.087178 0.0068515 9.75e-05 1.5e-06 0 0 0 0 0 0 0 0 0 0 0 0 0 
1 0.69878 0.343843 0.086291 0.0067065 0.000106 0 0 0 0 0 0 0 0 0 0 0 0 0 0 
1 0.698026 0.342707 0.0854885 0.0062335 8.45e-05 2e-06 0 0 0 0 0 0 0 0 0 0 0 0 0 
1 0.699152 0.344198 0.086056 0.006521 8.6e-05 1.5e-06 0 0 0 0 0 0 0 0 0 0 0 0 0 
1 0.700642 0.345375 0.0871485 0.0064765 9.6e-05 2e-06 0 0 0 0 0 0 0 0 0 0 0 0 0 
1 0.698861 0.343749 0.0862015 0.0064155 9.2e-05 0 0 0 0 0 0 0 0 0 0 0 0 0 0 
1 0.701164 0.345598 0.0870965 0.0066005 0.000155 5e-07 0 0 0 0 0 0 0 0 0 0 0 0 0 
1 0.697873 0.342296 0.0848375 0.0060835 8.35e-05 0 0 0 0 0 0 0 0 0 0 0 0 0 0 
1 0.701892 0.348206 0.0886365 0.0067895 7.65e-05 0 0 0 0 0 0 0 0 0 0 0 0 0 0 
1 0.69841 0.343014 0.085852 0.0063905 9.9e-05 1e-06 0 0 0 0 0 0 0 0 0 0 0 0 0 
1 0.699247 0.34422 0.0866575 0.0063325 9.25e-05 0 0 0 0 0 0 0 0 0 0 0 0 0 0 
1 0.697933 0.341578 0.084487 0.0063715 8.95e-05 0 0 0 0 0 0 0 0 0 0 0 0 0 0 
1 0.700185 0.346157 0.087112 0.00668 0.0001125 1e-06 0 0 0 0 0 0 0 0 0 0 0 0 0 
1 0.702301 0.349035 0.089642 0.0071145 0.0001025 6e-06 0 0 0 0 0 0 0 0 0 0 0 0 0 
1 0.702166 0.348106 0.0887865 0.0068025 9.35e-05 0 0 0 0 0 0 0 0 0 0 0 0 0 0 
1 0.698395 0.344267 0.087234 0.006685 8.65e-05 0 0 0 0 0 0 0 0 0 0 0 0 0 0 
1 0.699636 0.344018 0.086 0.0064855 0.000111 2e-06 0 0 0 0 0 0 0 0 0 0 0 0 0 
1 0.702408 0.348049 0.089105 0.0069515 0.0001085 1.5e-06 0 0 0 0 0 0 0 0 0 0 0 0 0 
1 0.700477 0.346418 0.0875145 0.0066015 9.05e-05 0 0 0 0 0 0 0 0 0 0 0 0 0 0 
1 0.70073 0.34589 0.0870685 0.0066995 8.85e-05 2e-06 0 0 0 0 0 0 0 0 0 0 0 0 0 
1 0.701767 0.347334 0.0877215 0.006852 0.0001185 1.5e-06 0 0 0 0 0 0 0 0 0 0 0 0 0 
1 0.699286 0.343965 0.085786 0.006281 8.1e-05 5e-07 0 0 0 0 0 0 0 0 0 0 0 0 0 
1 0.701601 0.348571 0.08869 0.006773 0.000103 0 0 0 0 0 0 0 0 0 0 0 0 0 0 
1 0.700234 0.345615 0.086993 0.0066685 0.0001035 0 0 0 0 0 0 0 0 0 0 0 0 0 0 
1 0.699302 0.343504 0.085779 0.0063895 0.0001065 0 0 0 0 0 0 0 0 0 0 0 0 0 0 
1 0.697189 0.341961 0.0849185 0.0061795 9.25e-05 5e-07 0 0 0 0 0 0 0 0 0 0 0 0 0 
1 0.698141 0.343236 0.0856585 0.006318 9.45e-05 1e-06 0 0 0 0 0 0 0 0 0 0 0 0 0 
1 0.69924 0.344627 0.087111 0.006638 0.0001085 0 0 0 0 0 0 0 0 0 0 0 0 0 0 
1 0.698495 0.343673 0.0859935 0.0065035 9.1e-05 0 0 0 0 0 0 0 0 0 0 0 0 0 0 
1 0.700701 0.346739 0.0879965 0.006911 0.000107 1e-06 0 0 0 0 0 0 0 0 0 0 0 0 0 
1 0.698548 0.343477 0.086467 0.006439 7.6e-05 0 0 0 0 0 0 0 0 0 0 0 0 0 0 
1 0.69854 0.344475 0.086909 0.0066325 0.0001015 0 0 0 0 0 0 0 0 0 0 0 0 0 0 
1 0.699841 0.343886 0.086002 0.0064135 9.15e-05 0 0 0 0 0 0 0 0 0 0 0 0 0 0 
1 0.700941 0.34655 0.08737 0.006634 8.35e-05 2e-06 0 0 0 0 0 0 0 0 0 0 0 0 0 
1 0.69895 0.343508 0.086648 0.006444 9.15e-05 0 0 0 0 0 0 0 0 0 0 0 0 0 0 
1 0.698875 0.343192 0.08593 0.006464 7.9e-05 5e-07 0 0 0 0 0 0 0 0 0 0 0 0 0 
1 0.701172 0.34718 0.0883525 0.0067825 0.0001005 0 0 0 0 0 0 0 0 0 0 0 0 0 0 
1 0.701466 0.346743 0.087793 0.0068075 9.35e-05 1.5e-06 0 0 0 0 0 0 0 0 0 0 0 0 0 
1 0.700516 0.346173 0.086736 0.006474 0.000102 5e-07 0 0 0 0 0 0 0 0 0 0 0 0 0 
1 0.702265 0.348485 0.089053 0.006937 0.000101 0 0 0 0 0 0 0 0 0 0 0 0 0 0 
1 0.700917 0.346039 0.0872035 0.0066325 0.0001235 5e-07 0 0 0 0 0 0 0 0 0 0 0 0 0 
1 0.700348 0.346305 0.0878015 0.0066185 0.0001085 0 0 0 0 0 0 0 0 0 0 0 0 0 0 
1 0.699159 0.344292 0.086559 0.006444 8.1e-05 0 0 0 0 0 0 0 0 0 0 0 0 0 0 
1 0.698594 0.344653 0.0861765 0.006496 8.15e-05 0 0 0 0 0 0 0 0 0 0 0 0 0 0 
1 0.701433 0.346936 0.0874065 0.006464 8.05e-05 5e-07 0 0 0 0 0 0 0 0 0 0 0 0 0 
1 0.701821 0.347786 0.088393 0.006918 0.000118 0 0 0 0 0 0 0 0 0 0 0 0 0 0 
1 0.698185 0.342079 0.085028 0.00632 9.45e-05 0 0 0 0 0 0 0 0 0 0 0 0 0 0 
1 0.699382 0.34339 0.085578 0.0065245 0.0001005 0 0 0 0 0 0 0 0 0 0 0 0 0 0 
1 0.699267 0.343223 0.0851885 0.0061895 6.45e-05 0 0 0 0 0 0 0 0 0 0 0 0 0 0 
1 0.69884 0.344118 0.086291 0.0066045 0.000114 2e-06 0 0 0 0 0 0 0 0 0 0 0 0 0 
1 0.700588 0.346856 0.0879755 0.006657 8.65e-05 3.5e-06 5e-07 0 0 0 0 0 0 0 0 0 0 0 0 
1 0.699563 0.345191 0.086525 0.0063065 0.0001125 5e-07 0 0 0 0 0 0 0 0 0 0 0 0 0 
1 0.701654 0.347752 0.0881925 0.006762 0.000124 0 0 0 0 0 0 0 0 0 0 0 0 0 0 
1 0.700054 0.344814 0.086689 0.0067085 8.2e-05 5e-07 0 0 0 0 0 0 0 0 0 0 0 0 0 
1 0.69802 0.342687 0.0856005 0.006432 9.85e-05 0 0 0 0 0 0 0 0 0 0 0 0 0 0 
1 0.698893 0.343707 0.086004 0.0063585 0.0001085 0 0 0 0 0 0 0 0 0 0 0 0 0 0 
1 0.700513 0.346266 0.087218 0.006632 9.5e-05 0 0 0 0 0 0 0 0 0 0 0 0 0 0 
1 0.700152 0.345113 0.0867725 0.0066235 0.00012 5e-07 0 0 0 0 0 0 0 0 0 0 0 0 0 
1 0.699758 0.345125 0.0859995 0.006347 8.7e-05 0 0 0 0 0 0 0 0 0 0 0 0 0 0 
1 0.698612 0.342526 0.085482 0.0062995 0.000117 1e-06 0 0 0 0 0 0 0 0 0 0 0 0 0 
1 0.700404 0.346441 0.0872635 0.006624 0.000107 1.5e-06 0 0 0 0 0 0 0 0 0 0 0 0 0 
1 0.701166 0.34592 0.087607 0.0065905 9.95e-05 2e-06 0 0 0 0 0 0 0 0 0 0 0 0 0 
1 0.699753 0.344842 0.086716 0.0064665 7e-05 0 0 0 0 0 0 0 0 0 0 0 0 0 0 
1 0.700438 0.345861 0.087108 0.006581 7.9e-05 0 0 0 0 0 0 0 0 0 0 0 0 0 0 
1 0.699226 0.344031 0.086292 0.0064255 0.000106 1.5e-06 0 0 0 0 0 0 0 0 0 0 0 0 0 
1 0.700822 0.346679 0.088165 0.006754 9.25e-05 4.5e-06 0 0 0 0 0 0 0 0 0 0 0 0 0 
1 0.698739 0.343947 0.086558 0.0064515 0.0001 5e-07 0 0 0 0 0 0 0 0 0 0 0 0 0 
1 0.700352 0.346352 0.0873035 0.006757 0.0001125 0 0 0 0 0 0 0 0 0 0 0 0 0 0 
1 0.6979 0.342153 0.0855765 0.0064805 0.000124 0 0 0 0 0 0 0 0 0 0 0 0 0 0 
1 0.700441 0.34504 0.0864775 0.006318 0.0001035 0 0 0 0 0 0 0 0 0 0 0 0 0 0 
1 0.700255 0.345676 0.087844 0.006613 0.0001075 1.5e-06 0 0 0 0 0 0 0 0 0 0 0 0 0 
1 0.701634 0.347198 0.088189 0.0066215 0.000101 1e-06 0 0 0 0 0 0 0 0 0 0 0 0 0 
1 0.699901 0.344171 0.0864895 0.006596 9.7e-05 0 0 0 0 0 0 0 0 0 0 0 0 0 0 
1 0.699837 0.344668 0.086123 0.006558 0.0001085 1.5e-06 0 0 0 0 0 0 0 0 0 0 0 0 0 
1 0.699449 0.343724 0.085658 0.0063265 0.0001135 0 0 0 0 0 0 0 0 0 0 0 0 0 0 
1 0.700164 0.345987 0.0871055 0.0065495 9.65e-05 5e-07 0 0 0 0 0 0 0 0 0 0 0 0 0 
1 0.699566 0.344434 0.0859855 0.0064025 8.95e-05 1e-06 0 0 0 0 0 0 0 0 0 0 0 0 0 
1 0.698753 0.343557 0.085547 0.0061925 8.2e-05 5e-07 0 0 0 0 0 0 0 0 0 0 0 0 0 
1 0.699043 0.343739 0.0860065 0.006229 9.8e-05 0 0 0 0 0 0 0 0 0 0 0 0 0 0 
1 0.700157 0.344856 0.0874375 0.0067055 0.000105 0 0 0 0 0 0 0 0 0 0 0 0 0 0 
1 0.698509 0.343729 0.085476 0.0064535 0.0001075 2e-06 0 0 0 0 0 0 0 0 0 0 0 0 0 
1 0.700879 0.346898 0.087825 0.006685 9e-05 5e-07 0 0 0 0 0 0 0 0 0 0 0 0 0 
1 0.698991 0.343096 0.0850685 0.00614 8.9e-05 2e-06 0 0 0 0 0 0 0 0 0 0 0 0 0 
1 0.7017 0.347734 0.0883465 0.0069945 9.5e-05 0 0 0 0 0 0 0 0 0 0 0 0 0 0 
1 0.700816 0.347252 0.0879235 0.006688 9.55e-05 0 0 0 0 0 0 0 0 0 0 0 0 0 0 
1 0.701453 0.347575 0.087818 0.006764 9.5e-05 0 0 0 0 0 0 0 0 0 0 0 0 0 0 
1 0.699959 0.346007 0.0880565 0.0067685 0.0001185 5e-07 0 0 0 0 0 0 0 0 0 0 0 0 0 
1 0.700171 0.345563 0.0870845 0.0064725 7.7e-05 5e-07 0 0 0 0 0 0 0 0 0 0 0 0 0 
1 0.701184 0.345756 0.087047 0.0067555 9.3e-05 3e-06 0 0 0 0 0 0 0 0 0 0 0 0 0 
1 0.70092 0.346424 0.087158 0.0065875 0.000104 1e-06 0 0 0 0 0 0 0 0 0 0 0 0 0 
1 0.698956 0.343749 0.08548 0.006358 8.25e-05 2.5e-06 0 0 0 0 0 0 0 0 0 0 0 0 0 
1 0.702242 0.348253 0.0886935 0.0068095 0.000106 2e-06 0 0 0 0 0 0 0 0 0 0 0 0 0 
1 0.699999 0.345089 0.0863135 0.006438 9.1e-05 2.5e-06 0 0 0 0 0 0 0 0 0 0 0 0 0 
1 0.698564 0.343049 0.086008 0.0064035 0.000109 0 0 0 0 0 0 0 0 0 0 0 0 0 0 
1 0.70087 0.345291 0.085967 0.006605 8.85e-05 5e-07 0 0 0 0 0 0 0 0 0 0 0 0 0 
1 0.699191 0.344092 0.0863975 0.006502 9.5e-05 5e-07 0 0 0 0 0 0 0 0 0 0 0 0 0 
1 0.700938 0.347129 0.0887025 0.0068285 0.00011 0 0 0 0 0 0 0 0 0 0 0 0 0 0 
1 0.699925 0.34534 0.0865235 0.0062595 7.95e-05 5e-07 0 0 0 0 0 0 0 0 0 0 0 0 0 
1 0.700154 0.343964 0.085973 0.0064205 0.0001255 1e-06 0 0 0 0 0 0 0 0 0 0 0 0 0 
1 0.698979 0.344581 0.0867355 0.0065775 8.3e-05 1e-06 0 0 0 0 0 0 0 0 0 0 0 0 0 
1 0.701092 0.346628 0.0881385 0.0066395 0.0001475 1e-06 0 0 0 0 0 0 0 0 0 0 0 0 0 
1 0.702965 0.349041 0.0884205 0.006773 9.15e-05 0 0 0 0 0 0 0 0 0 0 0 0 0 0 
1 0.701303 0.345993 0.087332 0.006614 8.75e-05 0 0 0 0 0 0 0 0 0 0 0 0 0 0 
1 0.69832 0.342352 0.0849555 0.006222 9.35e-05 0 0 0 0 0 0 0 0 0 0 0 0 0 0 
1 0.698582 0.343234 0.0858825 0.0065695 0.0001055 0 0 0 0 0 0 0 0 0 0 0 0 0 0 
1 0.700417 0.346342 0.087791 0.0068765 0.000116 3.5e-06 1e-06 0 0 0 0 0 0 0 0 0 0 0 0 
1 0.701247 0.347487 0.0879185 0.0065945 9.1e-05 1e-06 0 0 0 0 0 0 0 0 0 0 0 0 0 
1 0.699002 0.343861 0.0862535 0.0064175 0.000107 2.5e-06 0 0 0 0 0 0 0 0 0 0 0 0 0 
1 0.698963 0.343212 0.0854925 0.0063715 7.9e-05 0 0 0 0 0 0 0 0 0 0 0 0 0 0 
1 0.699801 0.344595 0.086759 0.006738 0.0001115 0 0 0 0 0 0 0 0 0 0 0 0 0 0 
1 0.699773 0.345128 0.0863385 0.0067435 0.0001155 0 0 0 0 0 0 0 0 0 0 0 0 0 0 
1 0.69894 0.344002 0.0863135 0.006498 0.000119 2.5e-06 0 0 0 0 0 0 0 0 0 0 0 0 0 
1 0.700204 0.346145 0.0871505 0.0064755 7.8e-05 0 0 0 0 0 0 0 0 0 0 0 0 0 0 
1 0.698268 0.34311 0.085684 0.006509 0.0001055 0 0 0 0 0 0 0 0 0 0 0 0 0 0 
1 0.70033 0.345654 0.0869355 0.0068515 0.0001005 5e-07 0 0 0 0 0 0 0 0 0 0 0 0 0 
1 0.698977 0.343849 0.086249 0.00644 9.8e-05 0 0 0 0 0 0 0 0 0 0 0 0 0 0 
1 0.699282 0.343487 0.085097 0.0062645 0.000114 0 0 0 0 0 0 0 0 0 0 0 0 0 0 
1 0.701578 0.346601 0.087919 0.0067165 0.000119 0 0 0 0 0 0 0 0 0 0 0 0 0 0 
1 0.699591 0.344115 0.0860355 0.006529 0.0001045 0 0 0 0 0 0 0 0 0 0 0 0 0 0 
1 0.699246 0.344811 0.0865605 0.0065075 9.6e-05 0 0 0 0 0 0 0 0 0 0 0 0 0 0 
1 0.700122 0.344789 0.0866025 0.0065185 8.55e-05 0 0 0 0 0 0 0 0 0 0 0 0 0 0 
1 0.699601 0.3451 0.0871605 0.006633 0.0001105 1e-06 0 0 0 0 0 0 0 0 0 0 0 0 0 
1 0.700432 0.345615 0.08709 0.0066805 0.000133 5e-07 0 0 0 0 0 0 0 0 0 0 0 0 0 
1 0.699878 0.345089 0.086791 0.0065375 0.0001205 5e-07 0 0 0 0 0 0 0 0 0 0 0 0 0 
1 0.699875 0.344686 0.0867095 0.006524 0.0001115 2.5e-06 0 0 0 0 0 0 0 0 0 0 0 0 0 
1 0.701406 0.347608 0.0884385 0.006768 6.25e-05 0 0 0 0 0 0 0 0 0 0 0 0 0 0 
1 0.702573 0.349284 0.0883405 0.0065155 8.05e-05 0 0 0 0 0 0 0 0 0 0 0 0 0 0 
1 0.700811 0.347108 0.087681 0.006594 0.000107 0 0 0 0 0 0 0 0 0 0 0 0 0 0 
1 0.701753 0.348658 0.0896945 0.007051 0.000116 2e-06 0 0 0 0 0 0 0 0 0 0 0 0 0 
1 0.701947 0.348745 0.089085 0.007045 0.000102 5e-07 0 0 0 0 0 0 0 0 0 0 0 0 0 
1 0.699776 0.344671 0.0861105 0.0064005 9.8e-05 0 0 0 0 0 0 0 0 0 0 0 0 0 0 
1 0.699176 0.344165 0.0863855 0.00648 8.55e-05 0 0 0 0 0 0 0 0 0 0 0 0 0 0 
1 0.700562 0.346876 0.087491 0.0068275 0.000109 5e-07 0 0 0 0 0 0 0 0 0 0 0 0 0 
1 0.701 0.346171 0.087362 0.0065435 8.25e-05 0 0 0 0 0 0 0 0 0 0 0 0 0 0 
1 0.699629 0.345842 0.087202 0.0065305 8.65e-05 1e-06 0 0 0 0 0 0 0 0 0 0 0 0 0 
1 0.699239 0.343974 0.0862385 0.0065755 0.0001025 0 0 0 0 0 0 0 0 0 0 0 0 0 0 
1 0.699282 0.343005 0.0857 0.0063845 9.15e-05 5e-07 0 0 0 0 0 0 0 0 0 0 0 0 0 
1 0.69999 0.344622 0.086608 0.0065085 9.3e-05 2e-06 0 0 0 0 0 0 0 0 0 0 0 0 0 
1 0.6992 0.343829 0.086215 0.006159 7e-05 0 0 0 0 0 0 0 0 0 0 0 0 0 0 
1 0.699997 0.344446 0.086203 0.006558 0.000103 4e-06 0 0 0 0 0 0 0 0 0 0 0 0 0 
1 0.702254 0.347703 0.088043 0.00683 0.0001035 5e-07 0 0 0 0 0 0 0 0 0 0 0 0 0 
1 0.702214 0.349431 0.0890355 0.0069895 0.000132 1e-06 0 0 0 0 0 0 0 0 0 0 0 0 0 
1 0.700777 0.346973 0.0877985 0.0066265 8.8e-05 2.5e-06 0 0 0 0 0 0 0 0 0 0 0 0 0 
1 0.698817 0.34402 0.086251 0.0063565 8.1e-05 0 0 0 0 0 0 0 0 0 0 0 0 0 0 
1 0.699182 0.34424 0.0860945 0.0064915 0.000102 3e-06 0 0 0 0 0 0 0 0 0 0 0 0 0 
1 0.699722 0.345639 0.087344 0.0066175 0.0001195 1e-06 0 0 0 0 0 0 0 0 0 0 0 0 0 
1 0.700996 0.346903 0.087977 0.0066125 9.05e-05 2e-06 0 0 0 0 0 0 0 0 0 0 0 0 0 
1 0.702255 0.349097 0.0891255 0.00686 8.6e-05 1e-06 0 0 0 0 0 0 0 0 0 0 0 0 0 
1 0.700014 0.345035 0.086078 0.006504 0.0001175 0 0 0 0 0 0 0 0 0 0 0 0 0 0 
1 0.700506 0.344513 0.08598 0.00651 0.0001075 2e-06 0 0 0 0 0 0 0 0 0 0 0 0 0 
1 0.699379 0.344887 0.086727 0.0066165 0.0001115 2.5e-06 0 0 0 0 0 0 0 0 0 0 0 0 0 
1 0.701069 0.347524 0.0879125 0.0068345 9.15e-05 2e-06 0 0 0 0 0 0 0 0 0 0 0 0 0 
1 0.698965 0.342844 0.0848305 0.0060395 7.45e-05 5e-07 0 0 0 0 0 0 0 0 0 0 0 0 0 
1 0.701972 0.346726 0.087427 0.0066855 0.000107 0 0 0 0 0 0 0 0 0 0 0 0 0 0 
1 0.700477 0.34524 0.0868705 0.006543 0.0001085 0 0 0 0 0 0 0 0 0 0 0 0 0 0 
1 0.699682 0.343698 0.0857915 0.0064355 9.7e-05 3.5e-06 0 0 0 0 0 0 0 0 0 0 0 0 0 
1 0.699621 0.345029 0.0872025 0.006616 8.55e-05 0 0 0 0 0 0 0 0 0 0 0 0 0 0 
1 0.699056 0.343806 0.0858525 0.0065405 0.0001255 1e-06 0 0 0 0 0 0 0 0 0 0 0 0 0 
1 0.700335 0.34527 0.0867075 0.006325 8.75e-05 0 0 0 0 0 0 0 0 0 0 0 0 0 0 
1 0.700851 0.346278 0.087485 0.006686 0.0001155 1e-06 0 0 0 0 0 0 0 0 0 0 0 0 0 
1 0.699549 0.344524 0.086515 0.0063555 0.000104 0 0 0 0 0 0 0 0 0 0 0 0 0 0 
1 0.699709 0.344165 0.085652 0.0063495 8.55e-05 0 0 0 0 0 0 0 0 0 0 0 0 0 0 
1 0.699384 0.343819 0.086053 0.006461 0.0001185 0 0 0 0 0 0 0 0 0 0 0 0 0 0 
1 0.699435 0.344434 0.086447 0.006557 0.0001155 1.5e-06 0 0 0 0 0 0 0 0 0 0 0 0 0 
1 0.700995 0.34723 0.088285 0.0067295 0.000103 5e-07 0 0 0 0 0 0 0 0 0 0 0 0 0 
1 0.700008 0.344772 0.0858925 0.0065445 8.8e-05 5e-07 0 0 0 0 0 0 0 0 0 0 0 0 0 
1 0.698635 0.343366 0.085083 0.006308 9.95e-05 1e-06 0 0 0 0 0 0 0 0 0 0 0 0 0 
1 0.699634 0.345355 0.087191 0.0068375 0.000125 2e-06 0 0 0 0 0 0 0 0 0 0 0 0 0 
1 0.699917 0.344762 0.0864935 0.006669 9.9e-05 5e-07 0 0 0 0 0 0 0 0 0 0 0 0 0 
1 0.699178 0.343663 0.085611 0.006529 9.2e-05 0 0 0 0 0 0 0 0 0 0 0 0 0 0 
1 0.700706 0.346413 0.0874305 0.0067895 0.0001055 2e-06 0 0 0 0 0 0 0 0 0 0 0 0 0 
1 0.699547 0.345065 0.0861845 0.0063915 8.35e-05 1e-06 0 0 0 0 0 0 0 0 0 0 0 0 0 
1 0.699392 0.344257 0.086172 0.006461 0.000103 0 0 0 0 0 0 0 0 0 0 0 0 0 0 
1 0.700202 0.345418 0.087163 0.006553 9.5e-05 0 0 0 0 0 0 0 0 0 0 0 0 0 0 
1 0.700448 0.345792 0.0866715 0.006393 8.65e-05 1.5e-06 0 0 0 0 0 0 0 0 0 0 0 0 0 
1 0.697297 0.341092 0.0844795 0.0061985 9.45e-05 2.5e-06 0 0 0 0 0 0 0 0 0 0 0 0 0 
1 0.69933 0.343693 0.085892 0.00634 0.0001105 5e-07 0 0 0 0 0 0 0 0 0 0 0 0 0 
1 0.700217 0.346379 0.088083 0.006985 0.0001175 5e-07 0 0 0 0 0 0 0 0 0 0 0 0 0 
1 0.699913 0.345958 0.086929 0.0065825 8.95e-05 0 0 0 0 0 0 0 0 0 0 0 0 0 0 
1 0.700496 0.344992 0.086671 0.006598 0.000103 0 0 0 0 0 0 0 0 0 0 0 0 0 0 
1 0.699312 0.344045 0.0866975 0.0065915 8e-05 1e-06 0 0 0 0 0 0 0 0 0 0 0 0 0 
1 0.700097 0.345331 0.0862025 0.006303 7.95e-05 0 0 0 0 0 0 0 0 0 0 0 0 0 0 
1 0.700405 0.345655 0.086807 0.0066555 8.7e-05 0 0 0 0 0 0 0 0 0 0 0 0 0 0 
1 0.70058 0.34565 0.0866685 0.0066405 0.000107 1.5e-06 0 0 0 0 0 0 0 0 0 0 0 0 0 
1 0.700017 0.346208 0.087962 0.0068225 0.0001345 1e-06 0 0 0 0 0 0 0 0 0 0 0 0 0 
1 0.700323 0.344806 0.0866325 0.006692 7.95e-05 0 0 0 0 0 0 0 0 0 0 0 0 0 0 
1 0.697005 0.34069 0.084447 0.006293 8.25e-05 0 0 0 0 0 0 0 0 0 0 0 0 0 0 
1 0.700489 0.345597 0.087255 0.0065295 0.0001085 5e-06 0 0 0 0 0 0 0 0 0 0 0 0 0 
1 0.699367 0.344635 0.086681 0.006556 0.0001085 1e-06 0 0 0 0 0 0 0 0 0 0 0 0 0 
1 0.69926 0.343605 0.086327 0.006433 0.0001105 1.5e-06 0 0 0 0 0 0 0 0 0 0 0 0 0 
1 0.699183 0.344688 0.086147 0.006634 0.0001065 0 0 0 0 0 0 0 0 0 0 0 0 0 0 
1 0.70072 0.346552 0.0869975 0.0068005 0.0001125 5e-07 0 0 0 0 0 0 0 0 0 0 0 0 0 
1 0.70144 0.347992 0.0883745 0.0066955 0.0001 0 0 0 0 0 0 0 0 0 0 0 0 0 0 
1 0.699431 0.344586 0.0867105 0.006469 9.25e-05 3e-06 0 0 0 0 0 0 0 0 0 0 0 0 0 
1 0.698694 0.343241 0.0851185 0.006449 0.0001195 0 0 0 0 0 0 0 0 0 0 0 0 0 0 
1 0.700679 0.346384 0.0873135 0.006495 0.0001025 2e-06 0 0 0 0 0 0 0 0 0 0 0 0 0 
1 0.699827 0.345295 0.0863505 0.006451 8.1e-05 1e-06 0 0 0 0 0 0 0 0 0 0 0 0 0 
1 0.698956 0.34383 0.0857115 0.0064535 7.65e-05 1e-06 0 0 0 0 0 0 0 0 0 0 0 0 0 
1 0.701061 0.347295 0.0875355 0.006616 8.8e-05 1e-06 0 0 0 0 0 0 0 0 0 0 0 0 0 
1 0.700691 0.346101 0.0871315 0.0067295 9.8e-05 0 0 0 0 0 0 0 0 0 0 0 0 0 0 
1 0.70109 0.346293 0.087261 0.006657 0.0001275 1e-06 0 0 0 0 0 0 0 0 0 0 0 0 0 
1 0.701656 0.347422 0.088211 0.0068125 0.0001025 0 0 0 0 0 0 0 0 0 0 0 0 0 0 
1 0.700131 0.345978 0.087307 0.006449 9.4e-05 0 0 0 0 0 0 0 0 0 0 0 0 0 0 
1 0.699325 0.344182 0.0867705 0.006738 0.0001045 5e-07 0 0 0 0 0 0 0 0 0 0 0 0 0 
1 0.700478 0.345356 0.08691 0.0065525 0.0001055 5e-07 0 0 0 0 0 0 0 0 0 0 0 0 0 
1 0.699948 0.345839 0.087278 0.0065515 0.0001175 0 0 0 0 0 0 0 0 0 0 0 0 0 0 
1 0.699258 0.345303 0.0868 0.0066295 0.0001095 0 0 0 0 0 0 0 0 0 0 0 0 0 0 
1 0.698391 0.343036 0.085268 0.006433 8.45e-05 0 0 0 0 0 0 0 0 0 0 0 0 0 0 
1 0.700288 0.345612 0.087774 0.006764 8.4e-05 0 0 0 0 0 0 0 0 0 0 0 0 0 0 
1 0.70143 0.346332 0.0869465 0.0065575 0.000115 2.5e-06 0 0 0 0 0 0 0 0 0 0 0 0 0 
1 0.701102 0.346787 0.087599 0.0068675 0.0001065 0 0 0 0 0 0 0 0 0 0 0 0 0 0 
1 0.700025 0.345306 0.087207 0.006627 0.0001025 0 0 0 0 0 0 0 0 0 0 0 0 0 0 
1 0.701478 0.348201 0.08867 0.006967 0.0001095 0 0 0 0 0 0 0 0 0 0 0 0 0 0 
1 0.700074 0.345199 0.0868445 0.006428 8.15e-05 1e-06 0 0 0 0 0 0 0 0 0 0 0 0 0 
1 0.699684 0.34449 0.0864605 0.006438 0.000108 3.5e-06 0 0 0 0 0 0 0 0 0 0 0 0 0 
1 0.700825 0.3464 0.087215 0.006449 8.65e-05 0 0 0 0 0 0 0 0 0 0 0 0 0 0 
1 0.699156 0.34319 0.0859755 0.00649 0.000101 1e-06 0 0 0 0 0 0 0 0 0 0 0 0 0 
1 0.697907 0.341756 0.084893 0.006315 9.2e-05 5e-07 0 0 0 0 0 0 0 0 0 0 0 0 0 
1 0.700864 0.346716 0.0881455 0.006718 0.000129 0 0 0 0 0 0 0 0 0 0 0 0 0 0 
1 0.700971 0.347003 0.0875865 0.0066115 0.0001085 1e-06 0 0 0 0 0 0 0 0 0 0 0 0 0 
1 0.700966 0.347453 0.0883765 0.006893 0.0001105 2.5e-06 0 0 0 0 0 0 0 0 0 0 0 0 0 
1 0.700872 0.346936 0.0876435 0.006593 9.3e-05 0 0 0 0 0 0 0 0 0 0 0 0 0 0 
1 0.701273 0.345558 0.0868575 0.006635 0.000102 5.5e-06 0 0 0 0 0 0 0 0 0 0 0 0 0 
1 0.700508 0.345837 0.087424 0.0066375 9e-05 1e-06 0 0 0 0 0 0 0 0 0 0 0 0 0 
1 0.699554 0.344546 0.0868675 0.0066925 0.000132 0 0 0 0 0 0 0 0 0 0 0 0 0 0 
1 0.699367 0.344362 0.086508 0.0064 6.55e-05 0 0 0 0 0 0 0 0 0 0 0 0 0 0 
1 0.700208 0.345681 0.0879115 0.0066945 8.85e-05 5e-07 0 0 0 0 0 0 0 0 0 0 0 0 0 
1 0.697629 0.342187 0.085456 0.006578 0.000112 0 0 0 0 0 0 0 0 0 0 0 0 0 0 
1 0.699992 0.3449 0.086821 0.006598 9.95e-05 0 0 0 0 0 0 0 0 0 0 0 0 0 0 
1 0.699181 0.345287 0.0866455 0.006474 8.6e-05 1.5e-06 0 0 0 0 0 0 0 0 0 0 0 0 0 
1 0.699842 0.344321 0.0856575 0.006211 8.95e-05 0 0 0 0 0 0 0 0 0 0 0 0 0 0 
1 0.698114 0.342846 0.085586 0.0063245 0.000104 1e-06 0 0 0 0 0 0 0 0 0 0 0 0 0 
1 0.699223 0.342846 0.085536 0.0062935 6.2e-05 0 0 0 0 0 0 0 0 0 0 0 0 0 0 
1 0.698855 0.343889 0.0860045 0.0063235 9.95e-05 0 0 0 0 0 0 0 0 0 0 0 0 0 0 
1 0.700827 0.346539 0.087649 0.0067115 0.0001085 5e-07 0 0 0 0 0 0 0 0 0 0 0 0 0 
1 0.698962 0.34367 0.086056 0.0063395 9.6e-05 2.5e-06 0 0 0 0 0 0 0 0 0 0 0 0 0 
1 0.6995 0.344813 0.0861575 0.006451 9.45e-05 2.5e-06 0 0 0 0 0 0 0 0 0 0 0 0 0 
1 0.699721 0.344958 0.086945 0.0065365 8.5e-05 5e-07 0 0 0 0 0 0 0 0 0 0 0 0 0 
1 0.699195 0.344864 0.0868925 0.0065425 0.00012 1e-06 0 0 0 0 0 0 0 0 0 0 0 0 0 
1 0.701386 0.347127 0.0882975 0.006827 9.15e-05 3e-06 0 0 0 0 0 0 0 0 0 0 0 0 0 
1 0.700343 0.345659 0.086905 0.0064465 9.05e-05 0 0 0 0 0 0 0 0 0 0 0 0 0 0 
1 0.699676 0.344133 0.0864205 0.006428 9.25e-05 1e-06 0 0 0 0 0 0 0 0 0 0 0 0 0 
1 0.698618 0.343439 0.0859695 0.0063645 8.5e-05 0 0 0 0 0 0 0 0 0 0 0 0 0 0 
1 0.700544 0.346082 0.0876415 0.006691 8.3e-05 1e-06 0 0 0 0 0 0 0 0 0 0 0 0 0 
1 0.699445 0.344603 0.0864385 0.006587 9.55e-05 0 0 0 0 0 0 0 0 0 0 0 0 0 0 
1 0.699837 0.344913 0.086996 0.006596 9.9e-05 0 0 0 0 0 0 0 0 0 0 0 0 0 0 
1 0.699454 0.344656 0.086872 0.006684 8.55e-05 0 0 0 0 0 0 0 0 0 0 0 0 0 0 
1 0.699586 0.343317 0.0858895 0.00626 9.5e-05 0 0 0 0 0 0 0 0 0 0 0 0 0 0 
1 0.700946 0.347669 0.087728 0.006655 7.9e-05 0 0 0 0 0 0 0 0 0 0 0 0 0 0 
1 0.699865 0.344952 0.087213 0.006823 0.0001075 1e-06 0 0 0 0 0 0 0 0 0 0 0 0 0 
1 0.700268 0.345255 0.086823 0.00655 8.75e-05 2e-06 0 0 0 0 0 0 0 0 0 0 0 0 0 
1 0.696799 0.341017 0.0844035 0.006157 9.5e-05 0 0 0 0 0 0 0 0 0 0 0 0 0 0 
1 0.697055 0.340065 0.083002 0.0059805 7.25e-05 0 0 0 0 0 0 0 0 0 0 0 0 0 0 
1 0.700143 0.34586 0.0873425 0.0068125 0.0001195 0 0 0 0 0 0 0 0 0 0 0 0 0 0 
1 0.701541 0.348291 0.0883805 0.006656 7.85e-05 3.5e-06 0 0 0 0 0 0 0 0 0 0 0 0 0 
1 0.700494 0.346037 0.086905 0.006591 0.000101 0 0 0 0 0 0 0 0 0 0 0 0 0 0 
1 0.699739 0.344044 0.086848 0.006648 9.2e-05 3.5e-06 0 0 0 0 0 0 0 0 0 0 0 0 0 
1 0.700227 0.345093 0.087085 0.006501 8.25e-05 0 0 0 0 0 0 0 0 0 0 0 0 0 0 
1 0.70112 0.347103 0.088597 0.006834 9.25e-05 5e-07 0 0 0 0 0 0 0 0 0 0 0 0 0 
1 0.700379 0.345163 0.086547 0.0065025 9.25e-05 0 0 0 0 0 0 0 0 0 0 0 0 0 0 
1 0.700057 0.345593 0.0866075 0.006438 9.55e-05 1e-06 0 0 0 0 0 0 0 0 0 0 0 0 0 
1 0.700255 0.345443 0.0867395 0.006773 8.9e-05 5e-07 0 0 0 0 0 0 0 0 0 0 0 0 0 
1 0.69971 0.344452 0.0865235 0.006622 8.3e-05 2.5e-06 0 0 0 0 0 0 0 0 0 0 0 0 0 
1 0.69788 0.342389 0.0850025 0.006147 8.65e-05 5e-07 0 0 0 0 0 0 0 0 0 0 0 0 0 
1 0.698335 0.343315 0.0860575 0.0063575 7.4e-05 1e-06 0 0 0 0 0 0 0 0 0 0 0 0 0 
1 0.699171 0.34282 0.0851 0.0062675 0.0001125 5e-07 0 0 0 0 0 0 0 0 0 0 0 0 0 
1 0.701823 0.348242 0.0886945 0.006839 0.0001225 2.5e-06 0 0 0 0 0 0 0 0 0 0 0 0 0 
1 0.700143 0.345279 0.0869375 0.006602 9.05e-05 5e-07 0 0 0 0 0 0 0 0 0 0 0 0 0 
1 0.700806 0.346173 0.087278 0.006597 0.0001015 1e-06 0 0 0 0 0 0 0 0 0 0 0 0 0 
1 0.700652 0.345911 0.087981 0.006676 8.2e-05 1.5e-06 0 0 0 0 0 0 0 0 0 0 0 0 0 
1 0.700719 0.346496 0.0878155 0.006766 0.0001005 0 0 0 0 0 0 0 0 0 0 0 0 0 0 
1 0.701228 0.347502 0.088507 0.006676 0.000104 0 0 0 0 0 0 0 0 0 0 0 0 0 0 
1 0.699487 0.344398 0.086297 0.006501 0.000115 0 0 0 0 0 0 0 0 0 0 0 0 0 0 
1 0.697872 0.341853 0.0843645 0.006088 0.0001115 5e-07 0 0 0 0 0 0 0 0 0 0 0 0 0 
1 0.701308 0.347661 0.088496 0.0068315 0.0001165 3e-06 0 0 0 0 0 0 0 0 0 0 0 0 0 
1 0.699063 0.343718 0.085726 0.0063455 8.35e-05 0 0 0 0 0 0 0 0 0 0 0 0 0 0 
1 0.701309 0.346818 0.087879 0.0066515 0.000111 0 0 0 0 0 0 0 0 0 0 0 0 0 0 
1 0.699669 0.344911 0.0865135 0.006356 8.9e-05 0 0 0 0 0 0 0 0 0 0 0 0 0 0 
1 0.700136 0.345708 0.0864545 0.0063715 7.8e-05 0 0 0 0 0 0 0 0 0 0 0 0 0 0 
1 0.699177 0.344466 0.0861495 0.006524 0.0001065 1.5e-06 0 0 0 0 0 0 0 0 0 0 0 0 0 
1 0.70244 0.347605 0.088041 0.006874 0.0001095 1e-06 0 0 0 0 0 0 0 0 0 0 0 0 0 
1 0.701146 0.347762 0.088628 0.0069465 9.25e-05 0 0 0 0 0 0 0 0 0 0 0 0 0 0 
1 0.698865 0.34466 0.087101 0.00666 9.9e-05 1.5e-06 0 0 0 0 0 0 0 0 0 0 0 0 0 
1 0.700497 0.346453 0.0877545 0.006806 0.000141 3e-06 0 0 0 0 0 0 0 0 0 0 0 0 0 
1 0.701006 0.346721 0.0870315 0.0065685 0.0001075 0 0 0 0 0 0 0 0 0 0 0 0 0 0 
1 0.69821 0.34259 0.084996 0.0062255 8.4e-05 0 0 0 0 0 0 0 0 0 0 0 0 0 0 
1 0.700162 0.344807 0.08643 0.0064355 0.0001155 0 0 0 0 0 0 0 0 0 0 0 0 0 0 
1 0.698126 0.342614 0.085196 0.0062015 9.85e-05 0 0 0 0 0 0 0 0 0 0 0 0 0 0 
1 0.700335 0.34611 0.0874155 0.0068865 0.000132 0 0 0 0 0 0 0 0 0 0 0 0 0 0 
1 0.701079 0.346088 0.087791 0.0067845 9.5e-05 0 0 0 0 0 0 0 0 0 0 0 0 0 0 
1 0.699223 0.344737 0.086491 0.006387 8.85e-05 0 0 0 0 0 0 0 0 0 0 0 0 0 0 
1 0.700306 0.345981 0.0872555 0.0065705 0.000106 0 0 0 0 0 0 0 0 0 0 0 0 0 0 
1 0.702416 0.348889 0.088906 0.0065725 7.65e-05 0 0 0 0 0 0 0 0 0 0 0 0 0 0 
1 0.70004 0.345082 0.0867125 0.006224 9.45e-05 0 0 0 0 0 0 0 0 0 0 0 0 0 0 
1 0.699607 0.344478 0.086697 0.0066645 0.000114 0 0 0 0 0 0 0 0 0 0 0 0 0 0 
1 0.701097 0.345706 0.087215 0.0065735 9.3e-05 0 0 0 0 0 0 0 0 0 0 0 0 0 0 
1 0.699084 0.343445 0.085559 0.00648 0.0001075 0 0 0 0 0 0 0 0 0 0 0 0 0 0 
1 0.699461 0.344695 0.08641 0.006803 0.000121 0 0 0 0 0 0 0 0 0 0 0 0 0 0 
1 0.699723 0.343746 0.0856085 0.0064355 0.000115 5e-07 0 0 0 0 0 0 0 0 0 0 0 0 0 
1 0.700449 0.345743 0.0867585 0.006531 0.000102 5.5e-06 0 0 0 0 0 0 0 0 0 0 0 0 0 
1 0.701291 0.347839 0.0878095 0.0064825 7.7e-05 0 0 0 0 0 0 0 0 0 0 0 0 0 0 
1 0.697949 0.342714 0.0860075 0.006389 9.1e-05 1e-06 0 0 0 0 0 0 0 0 0 0 0 0 0 
1 0.701531 0.347316 0.08836 0.006566 7.9e-05 3.5e-06 2e-06 0 0 0 0 0 0 0 0 0 0 0 0 
1 0.698385 0.342977 0.0854925 0.0063595 0.0001085 0 0 0 0 0 0 0 0 0 0 0 0 0 0 
1 0.69921 0.344188 0.0857825 0.006373 9.9e-05 1e-06 0 0 0 0 0 0 0 0 0 0 0 0 0 
1 0.700259 0.345873 0.087265 0.006657 0.0001085 0 0 0 0 0 0 0 0 0 0 0 0 0 0 
1 0.700918 0.345944 0.0866855 0.006713 8.55e-05 0 0 0 0 0 0 0 0 0 0 0 0 0 0 
1 0.699725 0.344234 0.086375 0.006551 8.8e-05 2e-06 0 0 0 0 0 0 0 0 0 0 0 0 0 
1 0.70236 0.3489 0.088994 0.006676 0.0001005 0 0 0 0 0 0 0 0 0 0 0 0 0 0 
1 0.698395 0.342233 0.085262 0.00635 8.95e-05 1.5e-06 0 0 0 0 0 0 0 0 0 0 0 0 0 
1 0.700157 0.345303 0.086476 0.006472 8.65e-05 3.5e-06 0 0 0 0 0 0 0 0 0 0 0 0 0 
1 0.698499 0.34264 0.0847865 0.0061945 9.65e-05 3e-06 0 0 0 0 0 0 0 0 0 0 0 0 0 
1 0.700388 0.345336 0.0871225 0.0069635 0.000112 0 0 0 0 0 0 0 0 0 0 0 0 0 0 
1 0.699726 0.344198 0.086779 0.006568 0.000117 0 0 0 0 0 0 0 0 0 0 0 0 0 0 
1 0.698896 0.344352 0.086766 0.006627 9.65e-05 1.5e-06 0 0 0 0 0 0 0 0 0 0 0 0 0 
1 0.700537 0.346176 0.087372 0.0067355 7.95e-05 0 0 0 0 0 0 0 0 0 0 0 0 0 0 
1 0.700576 0.34674 0.087802 0.0067955 8.65e-05 0 0 0 0 0 0 0 0 0 0 0 0 0 0 
1 0.698728 0.342599 0.0851695 0.0061705 8.9e-05 0 0 0 0 0 0 0 0 0 0 0 0 0 0 
1 0.702048 0.347512 0.087797 0.006838 0.00011 1.5e-06 0 0 0 0 0 0 0 0 0 0 0 0 0 
1 0.699522 0.344277 0.0862355 0.006553 8.25e-05 0 0 0 0 0 0 0 0 0 0 0 0 0 0 
1 0.69943 0.344401 0.086222 0.0065785 0.000129 0 0 0 0 0 0 0 0 0 0 0 0 0 0 
1 0.699693 0.345218 0.086924 0.006423 8.8e-05 0 0 0 0 0 0 0 0 0 0 0 0 0 0 
1 0.701333 0.346666 0.0875895 0.006828 9.5e-05 3e-06 0 0 0 0 0 0 0 0 0 0 0 0 0 
1 0.700572 0.346795 0.087631 0.0065515 9.5e-05 5e-07 0 0 0 0 0 0 0 0 0 0 0 0 0 
1 0.700931 0.346777 0.087819 0.0068435 0.000114 0 0 0 0 0 0 0 0 0 0 0 0 0 0 
1 0.699427 0.343916 0.085777 0.0063685 0.0001005 0 0 0 0 0 0 0 0 0 0 0 0 0 0 
1 0.699674 0.343546 0.086528 0.006588 0.000102 0 0 0 0 0 0 0 0 0 0 0 0 0 0 
1 0.702359 0.348467 0.0887235 0.006799 0.0001165 5e-07 0 0 0 0 0 0 0 0 0 0 0 0 0 
1 0.69825 0.343034 0.0854955 0.0063385 8.95e-05 1.5e-06 0 0 0 0 0 0 0 0 0 0 0 0 0 
1 0.702285 0.348116 0.0888655 0.007134 0.00012 1e-06 0 0 0 0 0 0 0 0 0 0 0 0 0 
1 0.701365 0.347605 0.0882155 0.0067735 0.000124 1.5e-06 0 0 0 0 0 0 0 0 0 0 0 0 0 
1 0.698156 0.343948 0.0856985 0.006405 9.45e-05 0 0 0 0 0 0 0 0 0 0 0 0 0 0 
1 0.699303 0.344892 0.0863235 0.006528 7.9e-05 5e-07 0 0 0 0 0 0 0 0 0 0 0 0 0 
1 0.699476 0.344821 0.085969 0.0064175 0.0001045 5e-07 0 0 0 0 0 0 0 0 0 0 0 0 0 
1 0.698035 0.342599 0.0855 0.0062965 8.5e-05 5e-06 0 0 0 0 0 0 0 0 0 0 0 0 0 
1 0.69994 0.345944 0.088159 0.0071265 0.000114 0 0 0 0 0 0 0 0 0 0 0 0 0 0 
1 0.700613 0.346779 0.088272 0.006755 0.0001 5e-07 0 0 0 0 0 0 0 0 0 0 0 0 0 
1 0.701458 0.347272 0.087478 0.006677 0.0001045 0 0 0 0 0 0 0 0 0 0 0 0 0 0 
1 0.701237 0.347261 0.087959 0.0068175 9.5e-05 0 0 0 0 0 0 0 0 0 0 0 0 0 0 
1 0.699504 0.34397 0.086067 0.0064455 8.9e-05 5e-07 0 0 0 0 0 0 0 0 0 0 0 0 0 
1 0.701108 0.347118 0.088492 0.0067985 8.9e-05 0 0 0 0 0 0 0 0 0 0 0 0 0 0 
1 0.699142 0.343889 0.086377 0.0066545 0.000117 1e-06 0 0 0 0 0 0 0 0 0 0 0 0 0 
1 0.698601 0.343252 0.086218 0.0065065 9.15e-05 5e-07 0 0 0 0 0 0 0 0 0 0 0 0 0 
1 0.700537 0.345188 0.0863485 0.006082 7.95e-05 5e-07 0 0 0 0 0 0 0 0 0 0 0 0 0 
1 0.699432 0.344434 0.086083 0.0065015 8.15e-05 5e-07 0 0 0 0 0 0 0 0 0 0 0 0 0 
1 0.697966 0.34169 0.0847265 0.0062825 9.85e-05 7e-06 0 0 0 0 0 0 0 0 0 0 0 0 0 
1 0.700001 0.345061 0.086933 0.0064895 0.000108 2e-06 0 0 0 0 0 0 0 0 0 0 0 0 0 
1 0.699177 0.342825 0.0856025 0.006527 9.45e-05 0 0 0 0 0 0 0 0 0 0 0 0 0 0 
1 0.699148 0.343534 0.0860765 0.006228 6.95e-05 0 0 0 0 0 0 0 0 0 0 0 0 0 0 
1 0.700406 0.346627 0.0876655 0.006597 0.000103 0 0 0 0 0 0 0 0 0 0 0 0 0 0 
1 0.70209 0.347734 0.0890295 0.0068935 0.000136 0 0 0 0 0 0 0 0 0 0 0 0 0 0 
1 0.699652 0.344289 0.0864505 0.0064765 9.5e-05 0 0 0 0 0 0 0 0 0 0 0 0 0 0 
1 0.699023 0.344402 0.086147 0.0063195 7.85e-05 1e-06 0 0 0 0 0 0 0 0 0 0 0 0 0 
1 0.699674 0.344281 0.0865035 0.0065695 9.15e-05 5e-07 0 0 0 0 0 0 0 0 0 0 0 0 0 
1 0.700337 0.346386 0.0877455 0.0064845 0.0001175 1.5e-06 0 0 0 0 0 0 0 0 0 0 0 0 0 
1 0.700731 0.34652 0.087722 0.0065895 8.15e-05 0 0 0 0 0 0 0 0 0 0 0 0 0 0 
1 0.702644 0.348247 0.087621 0.0066515 0.0001045 5e-07 0 0 0 0 0 0 0 0 0 0 0 0 0 
1 0.702457 0.348491 0.0886095 0.006994 0.000133 1.5e-06 0 0 0 0 0 0 0 0 0 0 0 0 0 
1 0.700573 0.346238 0.0869585 0.0065165 9.1e-05 0 0 0 0 0 0 0 0 0 0 0 0 0 0 
1 0.699594 0.34549 0.08713 0.0063995 9.55e-05 5e-07 0 0 0 0 0 0 0 0 0 0 0 0 0 
1 0.700264 0.345711 0.0863285 0.0064705 8.75e-05 1e-06 0 0 0 0 0 0 0 0 0 0 0 0 0 
1 0.69927 0.344023 0.0857625 0.0064 9.35e-05 1.5e-06 0 0 0 0 0 0 0 0 0 0 0 0 0 
1 0.699185 0.344178 0.085888 0.006355 8.85e-05 5e-07 0 0 0 0 0 0 0 0 0 0 0 0 0 
1 0.698584 0.343283 0.085717 0.006373 0.0001055 0 0 0 0 0 0 0 0 0 0 0 0 0 0 
1 0.699284 0.343534 0.0854365 0.0063905 8.3e-05 2.5e-06 0 0 0 0 0 0 0 0 0 0 0 0 0 
1 0.699517 0.344817 0.086182 0.006229 9.45e-05 0 0 0 0 0 0 0 0 0 0 0 0 0 0 
1 0.700487 0.34525 0.086244 0.0062765 8.35e-05 1.5e-06 0 0 0 0 0 0 0 0 0 0 0 0 0 
1 0.701464 0.346933 0.087377 0.006618 0.0001065 5e-07 0 0 0 0 0 0 0 0 0 0 0 0 0 
1 0.699552 0.344506 0.0857915 0.006402 0.0001125 5e-07 0 0 0 0 0 0 0 0 0 0 0 0 0 
1 0.699674 0.345126 0.0865505 0.0065625 9.3e-05 0 0 0 0 0 0 0 0 0 0 0 0 0 0 
1 0.699442 0.344445 0.086124 0.00638 9.3e-05 0 0 0 0 0 0 0 0 0 0 0 0 0 0 
1 0.699967 0.345118 0.0857325 0.0062575 0.0001 0 0 0 0 0 0 0 0 0 0 0 0 0 0 
1 0.700511 0.345601 0.0877095 0.0067775 0.000119 5e-07 0 0 0 0 0 0 0 0 0 0 0 0 0 
1 0.699419 0.34418 0.086539 0.006558 0.000116 0 0 0 0 0 0 0 0 0 0 0 0 0 0 
1 0.698347 0.34197 0.084678 0.0061845 9.45e-05 0 0 0 0 0 0 0 0 0 0 0 0 0 0 
1 0.699031 0.344124 0.086367 0.006541 0.000105 1e-06 0 0 0 0 0 0 0 0 0 0 0 0 0 
1 0.700713 0.345492 0.086855 0.0064705 9.55e-05 0 0 0 0 0 0 0 0 0 0 0 0 0 0 
1 0.700097 0.345652 0.0866205 0.00655 0.000116 0 0 0 0 0 0 0 0 0 0 0 0 0 0 
1 0.701628 0.34764 0.087871 0.006651 9.9e-05 5e-07 0 0 0 0 0 0 0 0 0 0 0 0 0 
1 0.69982 0.344516 0.086315 0.0064185 6.9e-05 0 0 0 0 0 0 0 0 0 0 0 0 0 0 
1 0.701752 0.346497 0.0875465 0.006642 9.9e-05 5e-07 0 0 0 0 0 0 0 0 0 0 0 0 0 
1 0.69695 0.340425 0.084767 0.0062635 7.7e-05 0 0 0 0 0 0 0 0 0 0 0 0 0 0 
1 0.700366 0.345156 0.085892 0.006361 5.45e-05 0 0 0 0 0 0 0 0 0 0 0 0 0 0 
1 0.699395 0.345133 0.0867335 0.0065135 0.000119 5e-07 0 0 0 0 0 0 0 0 0 0 0 0 0 
1 0.699844 0.344427 0.0861425 0.0063495 8.1e-05 1e-06 0 0 0 0 0 0 0 0 0 0 0 0 0 
1 0.697987 0.34217 0.0853485 0.006493 7.6e-05 0 0 0 0 0 0 0 0 0 0 0 0 0 0 
1 0.699851 0.345401 0.086811 0.0065475 8e-05 5e-07 0 0 0 0 0 0 0 0 0 0 0 0 0 
1 0.699039 0.343215 0.085392 0.006282 0.00011 3e-06 0 0 0 0 0 0 0 0 0 0 0 0 0 
1 0.701259 0.346044 0.086605 0.0065535 0.000114 1.5e-06 0 0 0 0 0 0 0 0 0 0 0 0 0 
1 0.699723 0.3452 0.087034 0.0066595 0.0001135 1e-06 0 0 0 0 0 0 0 0 0 0 0 0 0 
1 0.700307 0.34576 0.087657 0.0067235 9.35e-05 0 0 0 0 0 0 0 0 0 0 0 0 0 0 
1 0.702251 0.348139 0.0883155 0.006647 0.0001125 2.5e-06 0 0 0 0 0 0 0 0 0 0 0 0 0 
1 0.699171 0.344147 0.086179 0.0066435 0.000101 1.5e-06 0 0 0 0 0 0 0 0 0 0 0 0 0 
1 0.699863 0.344071 0.086408 0.0062765 9.9e-05 0 0 0 0 0 0 0 0 0 0 0 0 0 0 
1 0.701174 0.346858 0.0881465 0.0068645 0.0001335 0 0 0 0 0 0 0 0 0 0 0 0 0 0 
1 0.700829 0.345837 0.0864435 0.0064115 8.8e-05 0 0 0 0 0 0 0 0 0 0 0 0 0 0 
1 0.70037 0.346412 0.088158 0.0066435 0.0001175 0 0 0 0 0 0 0 0 0 0 0 0 0 0 
1 0.699741 0.345762 0.0870845 0.0064855 0.0001045 0 0 0 0 0 0 0 0 0 0 0 0 0 0 
1 0.700719 0.346536 0.0882505 0.006932 0.000148 1e-06 0 0 0 0 0 0 0 0 0 0 0 0 0 
1 0.700996 0.346835 0.0879015 0.0069215 0.000117 0 0 0 0 0 0 0 0 0 0 0 0 0 0 
1 0.699172 0.343511 0.086072 0.006287 9.95e-05 0 0 0 0 0 0 0 0 0 0 0 0 0 0 
1 0.70217 0.348249 0.0879435 0.006642 9.7e-05 0 0 0 0 0 0 0 0 0 0 0 0 0 0 
1 0.699562 0.344634 0.086049 0.0065335 9.95e-05 0 0 0 0 0 0 0 0 0 0 0 0 0 0 
1 0.700479 0.346291 0.0868545 0.006424 9.5e-05 1.5e-06 0 0 0 0 0 0 0 0 0 0 0 0 0 
1 0.699655 0.345236 0.0873985 0.006607 0.000111 2e-06 0 0 0 0 0 0 0 0 0 0 0 0 0 
1 0.700293 0.345797 0.0877085 0.0064865 0.000107 0 0 0 0 0 0 0 0 0 0 0 0 0 0 
1 0.700428 0.345878 0.0881575 0.0069625 0.0001285 5e-07 0 0 0 0 0 0 0 0 0 0 0 0 0 
1 0.700045 0.344734 0.086066 0.0065155 9.3e-05 0 0 0 0 0 0 0 0 0 0 0 0 0 0 
1 0.700852 0.346891 0.0885235 0.0066435 0.000103 1e-06 0 0 0 0 0 0 0 0 0 0 0 0 0 
1 0.69933 0.343967 0.086316 0.0063895 9.85e-05 1e-06 0 0 0 0 0 0 0 0 0 0 0 0 0 
1 0.701387 0.346466 0.0876745 0.0069475 0.0001 0 0 0 0 0 0 0 0 0 0 0 0 0 0 
1 0.69992 0.344482 0.086513 0.006522 0.000111 0 0 0 0 0 0 0 0 0 0 0 0 0 0 
1 0.700874 0.34679 0.0874195 0.0067365 9.85e-05 5e-07 0 0 0 0 0 0 0 0 0 0 0 0 0 
1 0.700729 0.347356 0.088373 0.0069005 0.0001185 2e-06 0 0 0 0 0 0 0 0 0 0 0 0 0 
1 0.702402 0.348378 0.088795 0.0067165 7.95e-05 0 0 0 0 0 0 0 0 0 0 0 0 0 0 
1 0.699734 0.345056 0.086791 0.0066275 0.000113 1e-06 0 0 0 0 0 0 0 0 0 0 0 0 0 
1 0.699094 0.344169 0.086105 0.006215 8.65e-05 2e-06 0 0 0 0 0 0 0 0 0 0 0 0 0 
1 0.698036 0.342071 0.0857805 0.006343 9.9e-05 0 0 0 0 0 0 0 0 0 0 0 0 0 0 
1 0.700279 0.34519 0.086461 0.006483 0.000109 3.5e-06 0 0 0 0 0 0 0 0 0 0 0 0 0 
1 0.70104 0.346553 0.087175 0.006435 0.000105 0 0 0 0 0 0 0 0 0 0 0 0 0 0 
1 0.701547 0.348289 0.0888255 0.0070125 9.6e-05 0 0 0 0 0 0 0 0 0 0 0 0 0 0 
1 0.699713 0.344702 0.086038 0.006446 0.0001115 0 0 0 0 0 0 0 0 0 0 0 0 0 0 
1 0.69977 0.344302 0.0861715 0.0065335 0.00011 0 0 0 0 0 0 0 0 0 0 0 0 0 0 
1 0.700374 0.345039 0.086978 0.006683 0.000116 1e-06 0 0 0 0 0 0 0 0 0 0 0 0 0 
1 0.698238 0.342917 0.0854505 0.006481 6.5e-05 1.5e-06 0 0 0 0 0 0 0 0 0 0 0 0 0 
1 0.700639 0.345883 0.086938 0.006707 0.0001035 0 0 0 0 0 0 0 0 0 0 0 0 0 0 
1 0.701324 0.348451 0.089098 0.007057 0.00011 0 0 0 0 0 0 0 0 0 0 0 0 0 0 
1 0.700929 0.346346 0.0867695 0.006502 0.000109 0 0 0 0 0 0 0 0 0 0 0 0 0 0 
1 0.701198 0.346588 0.0874095 0.006814 0.0001155 3e-06 0 0 0 0 0 0 0 0 0 0 0 0 0 
1 0.701731 0.347561 0.0878755 0.00676 0.000107 0 0 0 0 0 0 0 0 0 0 0 0 0 0 
1 0.701507 0.346523 0.0872875 0.0065675 9.7e-05 1e-06 0 0 0 0 0 0 0 0 0 0 0 0 0 
1 0.699342 0.344173 0.087265 0.006648 8.85e-05 0 0 0 0 0 0 0 0 0 0 0 0 0 0 
1 0.698693 0.342669 0.085087 0.00622 7.45e-05 2.5e-06 0 0 0 0 0 0 0 0 0 0 0 0 0 
1 0.701424 0.347806 0.0886 0.0068215 0.0001015 0 0 0 0 0 0 0 0 0 0 0 0 0 0 
1 0.701058 0.3471 0.0876845 0.0066705 8.8e-05 0 0 0 0 0 0 0 0 0 0 0 0 0 0 
1 0.701316 0.346813 0.0883695 0.006862 0.0001085 5e-07 0 0 0 0 0 0 0 0 0 0 0 0 0 
1 0.701593 0.347296 0.0885735 0.006873 9.7e-05 0 0 0 0 0 0 0 0 0 0 0 0 0 0 
1 0.702361 0.348228 0.0881085 0.0065965 0.000123 0 0 0 0 0 0 0 0 0 0 0 0 0 0 
1 0.70183 0.348322 0.088658 0.006859 7.6e-05 2e-06 0 0 0 0 0 0 0 0 0 0 0 0 0 
1 0.699612 0.344541 0.0859345 0.0063575 0.000101 0 0 0 0 0 0 0 0 0 0 0 0 0 0 
1 0.699761 0.344784 0.086608 0.0063455 8.15e-05 0 0 0 0 0 0 0 0 0 0 0 0 0 0 
1 0.699234 0.342766 0.085753 0.0064625 0.000116 0 0 0 0 0 0 0 0 0 0 0 0 0 0 
1 0.701582 0.345936 0.087228 0.006722 0.000116 0 0 0 0 0 0 0 0 0 0 0 0 0 0 
1 0.700582 0.346735 0.0881135 0.006706 9e-05 3e-06 0 0 0 0 0 0 0 0 0 0 0 0 0 
1 0.700778 0.346159 0.0875385 0.006718 9.75e-05 6e-06 0 0 0 0 0 0 0 0 0 0 0 0 0 
1 0.700326 0.344442 0.086124 0.0065905 0.000108 0 0 0 0 0 0 0 0 0 0 0 0 0 0 
1 0.698801 0.343137 0.086365 0.006631 0.000128 0 0 0 0 0 0 0 0 0 0 0 0 0 0 
1 0.700388 0.345689 0.087403 0.006634 0.0001235 5e-07 0 0 0 0 0 0 0 0 0 0 0 0 0 
1 0.699897 0.34611 0.087704 0.006739 0.0001305 0 0 0 0 0 0 0 0 0 0 0 0 0 0 
1 0.699288 0.344994 0.086525 0.0063895 8.2e-05 5e-07 0 0 0 0 0 0 0 0 0 0 0 0 0 
1 0.701612 0.347718 0.0879245 0.006698 0.000115 0 0 0 0 0 0 0 0 0 0 0 0 0 0 
1 0.699166 0.344886 0.086775 0.0065645 9.8e-05 0 0 0 0 0 0 0 0 0 0 0 0 0 0 
1 0.700741 0.346379 0.087549 0.0066955 0.0001095 3e-06 0 0 0 0 0 0 0 0 0 0 0 0 0 
1 0.702363 0.349322 0.090023 0.0072395 0.0001325 1e-06 0 0 0 0 0 0 0 0 0 0 0 0 0 
1 0.700361 0.345667 0.0874585 0.006843 0.0001135 0 0 0 0 0 0 0 0 0 0 0 0 0 0 
1 0.700531 0.346219 0.0872715 0.006583 0.000109 0 0 0 0 0 0 0 0 0 0 0 0 0 0 
1 0.700236 0.346197 0.0879055 0.006872 9.95e-05 0 0 0 0 0 0 0 0 0 0 0 0 0 0 
1 0.69927 0.344113 0.086604 0.006702 0.000106 0 0 0 0 0 0 0 0 0 0 0 0 0 0 
1 0.701351 0.346445 0.087663 0.006828 0.0001245 0 0 0 0 0 0 0 0 0 0 0 0 0 0 
1 0.698445 0.342174 0.084732 0.0063685 0.000128 8e-06 0 0 0 0 0 0 0 0 0 0 0 0 0 
1 0.699598 0.344566 0.0864635 0.006524 0.0001105 6.5e-06 0 0 0 0 0 0 0 0 0 0 0 0 0 
1 0.698041 0.34272 0.0853245 0.00637 0.0001295 1e-06 0 0 0 0 0 0 0 0 0 0 0 0 0 
1 0.701185 0.347139 0.0878745 0.0067605 9.9e-05 1e-06 0 0 0 0 0 0 0 0 0 0 0 0 0 
1 0.699443 0.343843 0.086413 0.006472 0.0001 0 0 0 0 0 0 0 0 0 0 0 0 0 0 
1 0.698827 0.343547 0.085658 0.0065035 0.000113 4.5e-06 0 0 0 0 0 0 0 0 0 0 0 0 0 
1 0.70099 0.346851 0.08781 0.006718 0.0001015 1.5e-06 0 0 0 0 0 0 0 0 0 0 0 0 0 
1 0.699511 0.344272 0.0864475 0.0064875 9.5e-05 0 0 0 0 0 0 0 0 0 0 0 0 0 0 
1 0.69954 0.345202 0.0872885 0.006672 9.7e-05 3e-06 0 0 0 0 0 0 0 0 0 0 0 0 0 
1 0.699254 0.344174 0.086074 0.006482 9.35e-05 0 0 0 0 0 0 0 0 0 0 0 0 0 0 
1 0.700746 0.34641 0.0873735 0.0064985 9.85e-05 0 0 0 0 0 0 0 0 0 0 0 0 0 0 
1 0.701745 0.348211 0.088507 0.006834 9.95e-05 0 0 0 0 0 0 0 0 0 0 0 0 0 0 
1 0.700057 0.345669 0.086997 0.0067485 0.000102 0 0 0 0 0 0 0 0 0 0 0 0 0 0 
1 0.698191 0.342108 0.0846735 0.0061375 8.05e-05 5e-07 0 0 0 0 0 0 0 0 0 0 0 0 0 
1 0.69927 0.344489 0.08564 0.0063645 0.0001015 0 0 0 0 0 0 0 0 0 0 0 0 0 0 
1 0.70119 0.347594 0.088544 0.0069535 0.0001355 1.5e-06 0 0 0 0 0 0 0 0 0 0 0 0 0 
1 0.699102 0.343187 0.086044 0.0065615 0.000104 5e-07 0 0 0 0 0 0 0 0 0 0 0 0 0 
1 0.700978 0.346913 0.0878435 0.006736 0.0001075 0 0 0 0 0 0 0 0 0 0 0 0 0 0 
1 0.700033 0.345347 0.086815 0.006429 0.000101 1e-06 0 0 0 0 0 0 0 0 0 0 0 0 0 
1 0.700098 0.345099 0.0869715 0.006702 0.0001015 0 0 0 0 0 0 0 0 0 0 0 0 0 0 
1 0.699508 0.345901 0.086578 0.006355 8.15e-05 1.5e-06 0 0 0 0 0 0 0 0 0 0 0 0 0 
1 0.697936 0.341987 0.0851035 0.006251 7.8e-05 0 0 0 0 0 0 0 0 0 0 0 0 0 0 
1 0.699007 0.343902 0.085824 0.006365 8.3e-05 5e-07 0 0 0 0 0 0 0 0 0 0 0 0 0 
1 0.699698 0.344371 0.086225 0.0063255 0.000105 5e-07 0 0 0 0 0 0 0 0 0 0 0 0 0 
1 0.698511 0.34399 0.0860175 0.006249 7.8e-05 0 0 0 0 0 0 0 0 0 0 0 0 0 0 
1 0.700257 0.344394 0.086044 0.006527 7.6e-05 5e-07 0 0 0 0 0 0 0 0 0 0 0 0 0 
1 0.698725 0.343067 0.085731 0.006323 0.0001 1.5e-06 0 0 0 0 0 0 0 0 0 0 0 0 0 
1 0.698242 0.342197 0.085207 0.00655 0.000107 0 0 0 0 0 0 0 0 0 0 0 0 0 0 
1 0.698824 0.343543 0.0856615 0.0063025 0.0001215 3e-06 5e-07 0 0 0 0 0 0 0 0 0 0 0 0 
1 0.699083 0.343906 0.0857155 0.006597 9.95e-05 6e-06 0 0 0 0 0 0 0 0 0 0 0 0 0 
1 0.698501 0.34305 0.086155 0.006622 7.35e-05 0 0 0 0 0 0 0 0 0 0 0 0 0 0 
1 0.697886 0.342223 0.0849395 0.006159 9e-05 0 0 0 0 0 0 0 0 0 0 0 0 0 0 
1 0.701021 0.345981 0.0868625 0.006757 0.0001165 2.5e-06 0 0 0 0 0 0 0 0 0 0 0 0 0 
1 0.698195 0.341551 0.084976 0.006215 8.65e-05 0 0 0 0 0 0 0 0 0 0 0 0 0 0 
1 0.69868 0.343392 0.085347 0.0062105 8.9e-05 5e-07 0 0 0 0 0 0 0 0 0 0 0 0 0 
1 0.700733 0.346195 0.087397 0.0066315 7.9e-05 0 0 0 0 0 0 0 0 0 0 0 0 0 0 
1 0.698786 0.343118 0.085689 0.00628 8e-05 1.5e-06 0 0 0 0 0 0 0 0 0 0 0 0 0 
1 0.700736 0.346658 0.087807 0.006793 9.6e-05 1.5e-06 0 0 0 0 0 0 0 0 0 0 0 0 0 
1 0.699396 0.344714 0.086739 0.0065975 9.7e-05 5e-07 0 0 0 0 0 0 0 0 0 0 0 0 0 
1 0.700246 0.34508 0.0862775 0.00647 8.95e-05 0 0 0 0 0 0 0 0 0 0 0 0 0 0 
1 0.698091 0.342222 0.0850025 0.0063075 9.15e-05 0 0 0 0 0 0 0 0 0 0 0 0 0 0 
1 0.700095 0.345508 0.086678 0.006405 7.05e-05 0 0 0 0 0 0 0 0 0 0 0 0 0 0 
1 0.699408 0.344802 0.0872975 0.0068645 0.0001295 0 0 0 0 0 0 0 0 0 0 0 0 0 0 
1 0.70125 0.347667 0.088152 0.0067245 9.1e-05 0 0 0 0 0 0 0 0 0 0 0 0 0 0 
1 0.699407 0.344323 0.0863715 0.0064935 9.4e-05 0 0 0 0 0 0 0 0 0 0 0 0 0 0 
1 0.699454 0.344358 0.0870475 0.0065905 8.75e-05 1e-06 0 0 0 0 0 0 0 0 0 0 0 0 0 
1 0.700386 0.345674 0.0871775 0.006669 0.000106 0 0 0 0 0 0 0 0 0 0 0 0 0 0 
1 0.699665 0.344638 0.0858775 0.0065285 9.15e-05 0 0 0 0 0 0 0 0 0 0 0 0 0 0 
1 0.698549 0.343237 0.0855535 0.0062 9.3e-05 5e-07 0 0 0 0 0 0 0 0 0 0 0 0 0 
1 0.699536 0.345537 0.0873285 0.0066255 0.0001045 5e-07 0 0 0 0 0 0 0 0 0 0 0 0 0 
1 0.697926 0.343148 0.0861805 0.006707 0.0001035 0 0 0 0 0 0 0 0 0 0 0 0 0 0 
1 0.69985 0.343985 0.08605 0.006694 9.45e-05 0 0 0 0 0 0 0 0 0 0 0 0 0 0 
1 0.699178 0.34477 0.0862845 0.0063595 0.0001195 2.5e-06 0 0 0 0 0 0 0 0 0 0 0 0 0 
1 0.699266 0.344288 0.0863725 0.006645 0.000108 1e-06 0 0 0 0 0 0 0 0 0 0 0 0 0 
1 0.699436 0.343894 0.086521 0.0064415 0.0001005 2e-06 0 0 0 0 0 0 0 0 0 0 0 0 0 
1 0.697486 0.341003 0.084723 0.0062955 8.75e-05 0 0 0 0 0 0 0 0 0 0 0 0 0 0 
1 0.700298 0.344803 0.0872745 0.006485 9.5e-05 5e-07 0 0 0 0 0 0 0 0 0 0 0 0 0 
1 0.700661 0.346527 0.08771 0.006834 0.000106 1e-06 0 0 0 0 0 0 0 0 0 0 0 0 0 
1 0.700684 0.346685 0.087563 0.006686 8e-05 0 0 0 0 0 0 0 0 0 0 0 0 0 0 
1 0.700133 0.345842 0.0878085 0.006718 0.0001035 0 0 0 0 0 0 0 0 0 0 0 0 0 0 
1 0.700056 0.344641 0.085383 0.0061725 0.0001005 1.5e-06 0 0 0 0 0 0 0 0 0 0 0 0 0 
1 0.701216 0.347023 0.087752 0.006618 0.0001125 0 0 0 0 0 0 0 0 0 0 0 0 0 0 
1 0.701161 0.346441 0.087537 0.0066075 0.0001075 2.5e-06 0 0 0 0 0 0 0 0 0 0 0 0 0 
1 0.700363 0.346141 0.087195 0.006831 8.4e-05 0 0 0 0 0 0 0 0 0 0 0 0 0 0 
1 0.700151 0.345957 0.087748 0.006712 0.000103 4e-06 0 0 0 0 0 0 0 0 0 0 0 0 0 
1 0.700876 0.345709 0.087152 0.0066655 0.000118 5e-07 0 0 0 0 0 0 0 0 0 0 0 0 0 
1 0.698822 0.343314 0.0853555 0.0064385 0.000108 1.5e-06 0 0 0 0 0 0 0 0 0 0 0 0 0 
1 0.700756 0.347919 0.0885475 0.0067985 9.15e-05 0 0 0 0 0 0 0 0 0 0 0 0 0 0 
1 0.700009 0.345408 0.087256 0.006553 9.3e-05 2e-06 0 0 0 0 0 0 0 0 0 0 0 0 0 
1 0.699232 0.344828 0.086833 0.006498 8.2e-05 0 0 0 0 0 0 0 0 0 0 0 0 0 0 
1 0.699282 0.343917 0.085627 0.006271 8.5e-05 0 0 0 0 0 0 0 0 0 0 0 0 0 0 
1 0.700081 0.345712 0.08736 0.006643 6.75e-05 5e-07 0 0 0 0 0 0 0 0 0 0 0 0 0 
1 0.701565 0.347601 0.08708 0.006518 8.9e-05 5e-07 0 0 0 0 0 0 0 0 0 0 0 0 0 
1 0.700981 0.347251 0.0887035 0.0068585 9.95e-05 5e-07 0 0 0 0 0 0 0 0 0 0 0 0 0 
1 0.701134 0.347254 0.087786 0.0066145 9.35e-05 5e-07 0 0 0 0 0 0 0 0 0 0 0 0 0 
1 0.700397 0.346286 0.0883975 0.006919 0.000138 1e-06 0 0 0 0 0 0 0 0 0 0 0 0 0 
1 0.699678 0.344622 0.0860365 0.00631 0.000108 0 0 0 0 0 0 0 0 0 0 0 0 0 0 
1 0.700996 0.346311 0.087153 0.006511 0.0001155 2.5e-06 0 0 0 0 0 0 0 0 0 0 0 0 0 
1 0.701019 0.347092 0.0878055 0.0067325 0.000119 3.5e-06 0 0 0 0 0 0 0 0 0 0 0 0 0 
1 0.699181 0.343694 0.085968 0.0064135 0.0001285 3e-06 0 0 0 0 0 0 0 0 0 0 0 0 0 
1 0.701354 0.347595 0.088 0.0068725 0.0001055 1e-06 0 0 0 0 0 0 0 0 0 0 0 0 0 
1 0.700983 0.346702 0.08755 0.0066375 0.000121 3e-06 0 0 0 0 0 0 0 0 0 0 0 0 0 
1 0.698174 0.342588 0.085756 0.006191 7.6e-05 0 0 0 0 0 0 0 0 0 0 0 0 0 0 
1 0.699946 0.344312 0.0865755 0.006655 0.0001165 5e-07 0 0 0 0 0 0 0 0 0 0 0 0 0 
1 0.702373 0.349044 0.0893435 0.0069095 0.000112 1.5e-06 0 0 0 0 0 0 0 0 0 0 0 0 0 
1 0.7006 0.345569 0.0867525 0.0066375 9.15e-05 5e-07 0 0 0 0 0 0 0 0 0 0 0 0 0 
1 0.701905 0.34747 0.088268 0.0068285 9.95e-05 5e-07 0 0 0 0 0 0 0 0 0 0 0 0 0 
1 0.698213 0.342024 0.0851945 0.006383 0.0001135 2e-06 0 0 0 0 0 0 0 0 0 0 0 0 0 
1 0.700651 0.346 0.0872395 0.0065255 8.95e-05 0 0 0 0 0 0 0 0 0 0 0 0 0 0 
1 0.701558 0.346695 0.0879575 0.00656 0.000119 2e-06 0 0 0 0 0 0 0 0 0 0 0 0 0 
1 0.698991 0.343272 0.0857285 0.006212 9.7e-05 0 0 0 0 0 0 0 0 0 0 0 0 0 0 
1 0.697637 0.340818 0.083957 0.006185 9.85e-05 1.5e-06 0 0 0 0 0 0 0 0 0 0 0 0 0 
1 0.69988 0.345025 0.087031 0.0064535 8.05e-05 0 0 0 0 0 0 0 0 0 0 0 0 0 0 
1 0.701828 0.347699 0.088271 0.0066155 9.4e-05 0 0 0 0 0 0 0 0 0 0 0 0 0 0 
1 0.69849 0.343311 0.0856135 0.006542 0.000113 0 0 0 0 0 0 0 0 0 0 0 0 0 0 
1 0.70029 0.345881 0.0880105 0.0067875 0.0001355 1.5e-06 0 0 0 0 0 0 0 0 0 0 0 0 0 
1 0.698574 0.342575 0.0850495 0.0064075 9.2e-05 1e-06 0 0 0 0 0 0 0 0 0 0 0 0 0 
1 0.698712 0.343515 0.0858865 0.0063635 7.55e-05 0 0 0 0 0 0 0 0 0 0 0 0 0 0 
1 0.699979 0.344952 0.0863485 0.006327 8.8e-05 0 0 0 0 0 0 0 0 0 0 0 0 0 0 
1 0.699838 0.345472 0.0860195 0.006482 0.0001055 1e-06 0 0 0 0 0 0 0 0 0 0 0 0 0 
1 0.700681 0.345879 0.0868165 0.0066825 0.0001135 5e-07 0 0 0 0 0 0 0 0 0 0 0 0 0 
1 0.701368 0.346754 0.0876935 0.006661 7.25e-05 4e-06 0 0 0 0 0 0 0 0 0 0 0 0 0 
1 0.698469 0.343349 0.086462 0.0063615 9.2e-05 0 0 0 0 0 0 0 0 0 0 0 0 0 0 
1 0.700217 0.345124 0.086998 0.006698 0.000111 0 0 0 0 0 0 0 0 0 0 0 0 0 0 
1 0.697989 0.342996 0.0862105 0.0065895 9.95e-05 0 0 0 0 0 0 0 0 0 0 0 0 0 0 
1 0.699547 0.343958 0.0858925 0.006374 7.2e-05 2e-06 0 0 0 0 0 0 0 0 0 0 0 0 0 
1 0.701316 0.346318 0.087379 0.0066985 0.000114 0 0 0 0 0 0 0 0 0 0 0 0 0 0 
1 0.699952 0.345816 0.0874015 0.0066755 0.000106 2e-06 0 0 0 0 0 0 0 0 0 0 0 0 0 
1 0.697951 0.341928 0.08509 0.006409 0.0001085 0 0 0 0 0 0 0 0 0 0 0 0 0 0 
1 0.70036 0.345427 0.086558 0.006347 7.55e-05 0 0 0 0 0 0 0 0 0 0 0 0 0 0 
1 0.699813 0.344413 0.087065 0.0066015 9.2e-05 0 0 0 0 0 0 0 0 0 0 0 0 0 0 
1 0.699907 0.344759 0.086111 0.0067 0.0001015 0 0 0 0 0 0 0 0 0 0 0 0 0 0 
1 0.701011 0.346594 0.087626 0.0065295 9.55e-05 5e-07 0 0 0 0 0 0 0 0 0 0 0 0 0 
1 0.698419 0.342868 0.08582 0.006577 0.000109 2e-06 0 0 0 0 0 0 0 0 0 0 0 0 0 
1 0.700424 0.344955 0.086442 0.0065465 7.9e-05 4e-06 0 0 0 0 0 0 0 0 0 0 0 0 0 
1 0.700088 0.345874 0.0873415 0.0068105 0.0001005 0 0 0 0 0 0 0 0 0 0 0 0 0 0 
1 0.701114 0.348071 0.088462 0.0067505 8.95e-05 5e-07 0 0 0 0 0 0 0 0 0 0 0 0 0 
1 0.700115 0.345673 0.087651 0.0067425 8.55e-05 1.5e-06 0 0 0 0 0 0 0 0 0 0 0 0 0 
1 0.699523 0.34416 0.086429 0.00656 9.65e-05 0 0 0 0 0 0 0 0 0 0 0 0 0 0 
1 0.701596 0.346613 0.0873775 0.0066695 9.35e-05 0 0 0 0 0 0 0 0 0 0 0 0 0 0 
1 0.699772 0.34531 0.086952 0.0066495 9.6e-05 1.5e-06 0 0 0 0 0 0 0 0 0 0 0 0 0 
1 0.699755 0.344884 0.086567 0.0066925 0.0001205 0 0 0 0 0 0 0 0 0 0 0 0 0 0 
1 0.700598 0.345987 0.0871645 0.006386 9.25e-05 2.5e-06 0 0 0 0 0 0 0 0 0 0 0 0 0 
1 0.699273 0.345048 0.086523 0.0065935 0.0001035 0 0 0 0 0 0 0 0 0 0 0 0 0 0 
1 0.700996 0.346667 0.0877205 0.006755 0.000119 5e-07 0 0 0 0 0 0 0 0 0 0 0 0 0 
1 0.698281 0.343889 0.0867735 0.00644 7.9e-05 3e-06 0 0 0 0 0 0 0 0 0 0 0 0 0 
1 0.699908 0.345472 0.0870035 0.0064945 9.25e-05 0 0 0 0 0 0 0 0 0 0 0 0 0 0 
1 0.700397 0.346551 0.0875 0.0066345 0.0001025 1e-06 0 0 0 0 0 0 0 0 0 0 0 0 0 
