1 0.699937 0.175914 0.0013938 0 0 0 0 0 0 0 0 0 0 0 0 0 0 0 0 
1 0.700018 0.176621 0.0013773 0 0 0 0 0 0 0 0 0 0 0 0 0 0 0 0 
1 0.700026 0.176349 0.0013864 0 0 0 0 0 0 0 0 0 0 0 0 0 0 0 0 
1 0.700328 0.176961 0.0014215 0 0 0 0 0 0 0 0 0 0 0 0 0 0 0 0 
1 0.700045 0.176682 0.0014376 0 0 0 0 0 0 0 0 0 0 0 0 0 0 0 0 
1 0.700581 0.177072 0.00144985 0 0 0 0 0 0 0 0 0 0 0 0 0 0 0 0 
1 0.700259 0.176797 0.0013991 0 0 0 0 0 0 0 0 0 0 0 0 0 0 0 0 
1 0.69995 0.176449 0.0013779 0 0 0 0 0 0 0 0 0 0 0 0 0 0 0 0 
1 0.700102 0.176723 0.00143385 0 0 0 0 0 0 0 0 0 0 0 0 0 0 0 0 
1 0.699595 0.176026 0.0013764 0 0 0 0 0 0 0 0 0 0 0 0 0 0 0 0 
1 0.700586 0.176871 0.0014154 0 0 0 0 0 0 0 0 0 0 0 0 0 0 0 0 
1 0.699803 0.176202 0.0014057 0 0 0 0 0 0 0 0 0 0 0 0 0 0 0 0 
1 0.700244 0.176773 0.0014136 0 0 0 0 0 0 0 0 0 0 0 0 0 0 0 0 
1 0.699993 0.176492 0.00143495 0 0 0 0 0 0 0 0 0 0 0 0 0 0 0 0 
1 0.700694 0.177438 0.0014269 0 0 0 0 0 0 0 0 0 0 0 0 0 0 0 0 
1 0.699913 0.176239 0.00140395 2e-07 0 0 0 0 0 0 0 0 0 0 0 0 0 0 0 
1 0.699763 0.176306 0.00139345 0 0 0 0 0 0 0 0 0 0 0 0 0 0 0 0 
1 0.699488 0.176054 0.0013751 0 0 0 0 0 0 0 0 0 0 0 0 0 0 0 0 
1 0.700141 0.176597 0.0014201 0 0 0 0 0 0 0 0 0 0 0 0 0 0 0 0 
1 0.699981 0.176407 0.00142005 0 0 0 0 0 0 0 0 0 0 0 0 0 0 0 0 
1 0.699926 0.176352 0.0014142 0 0 0 0 0 0 0 0 0 0 0 0 0 0 0 0 
1 0.699795 0.176212 0.00139195 0 0 0 0 0 0 0 0 0 0 0 0 0 0 0 0 
1 0.699507 0.176171 0.0014118 0 0 0 0 0 0 0 0 0 0 0 0 0 0 0 0 
1 0.699729 0.176179 0.00140465 0 0 0 0 0 0 0 0 0 0 0 0 0 0 0 0 
1 0.700109 0.176964 0.00142045 2e-07 0 0 0 0 0 0 0 0 0 0 0 0 0 0 0 
1 0.699922 0.176169 0.00139845 0 0 0 0 0 0 0 0 0 0 0 0 0 0 0 0 
1 0.700023 0.1764 0.00140475 0 0 0 0 0 0 0 0 0 0 0 0 0 0 0 0 
1 0.700564 0.177578 0.00146415 5e-08 0 0 0 0 0 0 0 0 0 0 0 0 0 0 0 
1 0.700887 0.177613 0.0014282 5e-08 0 0 0 0 0 0 0 0 0 0 0 0 0 0 0 
1 0.699929 0.176363 0.00140685 0 0 0 0 0 0 0 0 0 0 0 0 0 0 0 0 
1 0.699769 0.175936 0.00141645 0 0 0 0 0 0 0 0 0 0 0 0 0 0 0 0 
1 0.700119 0.17639 0.0014189 0 0 0 0 0 0 0 0 0 0 0 0 0 0 0 0 
1 0.699309 0.175578 0.00139625 0 0 0 0 0 0 0 0 0 0 0 0 0 0 0 0 
1 0.70011 0.176931 0.0014405 0 0 0 0 0 0 0 0 0 0 0 0 0 0 0 0 
1 0.699948 0.176343 0.001384 0 0 0 0 0 0 0 0 0 0 0 0 0 0 0 0 
1 0.700158 0.176459 0.0014117 0 0 0 0 0 0 0 0 0 0 0 0 0 0 0 0 
1 0.699829 0.176159 0.0013957 0 0 0 0 0 0 0 0 0 0 0 0 0 0 0 0 
1 0.70027 0.176836 0.00140025 0 0 0 0 0 0 0 0 0 0 0 0 0 0 0 0 
1 0.699961 0.176294 0.0013941 0 0 0 0 0 0 0 0 0 0 0 0 0 0 0 0 
1 0.699573 0.175878 0.00137945 0 0 0 0 0 0 0 0 0 0 0 0 0 0 0 0 
1 0.699915 0.17678 0.0014476 1e-07 0 0 0 0 0 0 0 0 0 0 0 0 0 0 0 
1 0.699684 0.175861 0.0014168 0 0 0 0 0 0 0 0 0 0 0 0 0 0 0 0 
1 0.69982 0.176408 0.00143145 0 0 0 0 0 0 0 0 0 0 0 0 0 0 0 0 
1 0.699987 0.176363 0.0014115 0 0 0 0 0 0 0 0 0 0 0 0 0 0 0 0 
1 0.700092 0.176449 0.00138845 0 0 0 0 0 0 0 0 0 0 0 0 0 0 0 0 
1 0.699155 0.175607 0.00138555 0 0 0 0 0 0 0 0 0 0 0 0 0 0 0 0 
1 0.700536 0.176942 0.0014491 0 0 0 0 0 0 0 0 0 0 0 0 0 0 0 0 
1 0.700133 0.176501 0.0013887 0 0 0 0 0 0 0 0 0 0 0 0 0 0 0 0 
1 0.699532 0.176153 0.00139675 0 0 0 0 0 0 0 0 0 0 0 0 0 0 0 0 
1 0.699933 0.176476 0.00138355 0 0 0 0 0 0 0 0 0 0 0 0 0 0 0 0 
1 0.699878 0.176653 0.00145195 0 0 0 0 0 0 0 0 0 0 0 0 0 0 0 0 
1 0.700159 0.176688 0.0014039 0 0 0 0 0 0 0 0 0 0 0 0 0 0 0 0 
1 0.699701 0.17627 0.0013814 0 0 0 0 0 0 0 0 0 0 0 0 0 0 0 0 
1 0.699835 0.176417 0.0013942 0 0 0 0 0 0 0 0 0 0 0 0 0 0 0 0 
1 0.699988 0.176281 0.0014024 2.5e-07 0 0 0 0 0 0 0 0 0 0 0 0 0 0 0 
1 0.699761 0.176244 0.00138735 0 0 0 0 0 0 0 0 0 0 0 0 0 0 0 0 
1 0.70072 0.177243 0.0014087 0 0 0 0 0 0 0 0 0 0 0 0 0 0 0 0 
1 0.700075 0.17673 0.00142735 5e-08 0 0 0 0 0 0 0 0 0 0 0 0 0 0 0 
1 0.699882 0.176369 0.00141685 0 0 0 0 0 0 0 0 0 0 0 0 0 0 0 0 
1 0.700003 0.176485 0.00141745 0 0 0 0 0 0 0 0 0 0 0 0 0 0 0 0 
1 0.699554 0.175942 0.00139045 0 0 0 0 0 0 0 0 0 0 0 0 0 0 0 0 
1 0.700303 0.176893 0.00142445 0 0 0 0 0 0 0 0 0 0 0 0 0 0 0 0 
1 0.700173 0.176921 0.00145075 0 0 0 0 0 0 0 0 0 0 0 0 0 0 0 0 
1 0.699947 0.176545 0.00144035 0 0 0 0 0 0 0 0 0 0 0 0 0 0 0 0 
1 0.699655 0.176193 0.0014253 0 0 0 0 0 0 0 0 0 0 0 0 0 0 0 0 
1 0.69987 0.176684 0.00140345 0 0 0 0 0 0 0 0 0 0 0 0 0 0 0 0 
1 0.699899 0.176714 0.0014155 0 0 0 0 0 0 0 0 0 0 0 0 0 0 0 0 
1 0.699689 0.176021 0.0014229 0 0 0 0 0 0 0 0 0 0 0 0 0 0 0 0 
1 0.70012 0.176675 0.00142215 0 0 0 0 0 0 0 0 0 0 0 0 0 0 0 0 
1 0.70079 0.177429 0.00145045 0 0 0 0 0 0 0 0 0 0 0 0 0 0 0 0 
1 0.700538 0.177062 0.00144035 0 0 0 0 0 0 0 0 0 0 0 0 0 0 0 0 
1 0.699955 0.176586 0.00142655 3.5e-07 0 0 0 0 0 0 0 0 0 0 0 0 0 0 0 
1 0.699908 0.176546 0.0014007 0 0 0 0 0 0 0 0 0 0 0 0 0 0 0 0 
1 0.699546 0.175617 0.0013748 0 0 0 0 0 0 0 0 0 0 0 0 0 0 0 0 
1 0.699901 0.176361 0.00139115 0 0 0 0 0 0 0 0 0 0 0 0 0 0 0 0 
1 0.69952 0.175695 0.0013706 1.5e-07 0 0 0 0 0 0 0 0 0 0 0 0 0 0 0 
1 0.700284 0.176597 0.0013918 0 0 0 0 0 0 0 0 0 0 0 0 0 0 0 0 
1 0.699955 0.176356 0.0014274 0 0 0 0 0 0 0 0 0 0 0 0 0 0 0 0 
1 0.699816 0.176511 0.00142345 0 0 0 0 0 0 0 0 0 0 0 0 0 0 0 0 
1 0.700095 0.176785 0.00142095 0 0 0 0 0 0 0 0 0 0 0 0 0 0 0 0 
1 0.700251 0.176913 0.0014376 0 0 0 0 0 0 0 0 0 0 0 0 0 0 0 0 
1 0.700721 0.177332 0.00143165 0 0 0 0 0 0 0 0 0 0 0 0 0 0 0 0 
1 0.699936 0.176369 0.00137255 0 0 0 0 0 0 0 0 0 0 0 0 0 0 0 0 
1 0.699912 0.176544 0.0014018 0 0 0 0 0 0 0 0 0 0 0 0 0 0 0 0 
1 0.699891 0.176261 0.00137925 0 0 0 0 0 0 0 0 0 0 0 0 0 0 0 0 
1 0.69953 0.175713 0.00137055 1e-07 0 0 0 0 0 0 0 0 0 0 0 0 0 0 0 
1 0.700214 0.176699 0.00140715 0 0 0 0 0 0 0 0 0 0 0 0 0 0 0 0 
1 0.700418 0.177009 0.0014185 0 0 0 0 0 0 0 0 0 0 0 0 0 0 0 0 
1 0.700445 0.176892 0.00140385 0 0 0 0 0 0 0 0 0 0 0 0 0 0 0 0 
1 0.699668 0.176252 0.0013823 0 0 0 0 0 0 0 0 0 0 0 0 0 0 0 0 
1 0.699818 0.176239 0.001364 0 0 0 0 0 0 0 0 0 0 0 0 0 0 0 0 
1 0.700667 0.177326 0.0014205 0 0 0 0 0 0 0 0 0 0 0 0 0 0 0 0 
1 0.699835 0.176381 0.0013708 0 0 0 0 0 0 0 0 0 0 0 0 0 0 0 0 
1 0.700648 0.177377 0.00143115 0 0 0 0 0 0 0 0 0 0 0 0 0 0 0 0 
1 0.700166 0.176896 0.00147135 0 0 0 0 0 0 0 0 0 0 0 0 0 0 0 0 
1 0.700222 0.176661 0.00141145 0 0 0 0 0 0 0 0 0 0 0 0 0 0 0 0 
1 0.699788 0.176122 0.00139685 0 0 0 0 0 0 0 0 0 0 0 0 0 0 0 0 
1 0.69997 0.176377 0.00141965 0 0 0 0 0 0 0 0 0 0 0 0 0 0 0 0 
1 0.700311 0.17689 0.00142945 5e-08 0 0 0 0 0 0 0 0 0 0 0 0 0 0 0 
1 0.700125 0.176718 0.00144515 0 0 0 0 0 0 0 0 0 0 0 0 0 0 0 0 
1 0.699946 0.176571 0.00141785 0 0 0 0 0 0 0 0 0 0 0 0 0 0 0 0 
1 0.700519 0.176844 0.0014129 0 0 0 0 0 0 0 0 0 0 0 0 0 0 0 0 
1 0.700534 0.177287 0.0014205 0 0 0 0 0 0 0 0 0 0 0 0 0 0 0 0 
1 0.699617 0.176017 0.00139245 0 0 0 0 0 0 0 0 0 0 0 0 0 0 0 0 
1 0.700354 0.176821 0.001405 0 0 0 0 0 0 0 0 0 0 0 0 0 0 0 0 
1 0.700496 0.177158 0.00145575 0 0 0 0 0 0 0 0 0 0 0 0 0 0 0 0 
1 0.699938 0.176601 0.00141655 0 0 0 0 0 0 0 0 0 0 0 0 0 0 0 0 
1 0.69999 0.176351 0.0013702 0 0 0 0 0 0 0 0 0 0 0 0 0 0 0 0 
1 0.700252 0.177168 0.00145845 0 0 0 0 0 0 0 0 0 0 0 0 0 0 0 0 
1 0.700065 0.176553 0.00142605 0 0 0 0 0 0 0 0 0 0 0 0 0 0 0 0 
1 0.699611 0.17596 0.0013787 0 0 0 0 0 0 0 0 0 0 0 0 0 0 0 0 
1 0.700159 0.176655 0.00140995 0 0 0 0 0 0 0 0 0 0 0 0 0 0 0 0 
1 0.70041 0.176801 0.0013797 0 0 0 0 0 0 0 0 0 0 0 0 0 0 0 0 
1 0.700297 0.176871 0.00142555 0 0 0 0 0 0 0 0 0 0 0 0 0 0 0 0 
1 0.700384 0.176897 0.0014469 0 0 0 0 0 0 0 0 0 0 0 0 0 0 0 0 
1 0.699394 0.175647 0.0013854 0 0 0 0 0 0 0 0 0 0 0 0 0 0 0 0 
1 0.700307 0.177207 0.001444 1e-07 0 0 0 0 0 0 0 0 0 0 0 0 0 0 0 
1 0.699931 0.176011 0.00140955 0 0 0 0 0 0 0 0 0 0 0 0 0 0 0 0 
1 0.700234 0.176699 0.00142375 0 0 0 0 0 0 0 0 0 0 0 0 0 0 0 0 
1 0.700258 0.177377 0.0014551 0 0 0 0 0 0 0 0 0 0 0 0 0 0 0 0 
1 0.700113 0.176734 0.0014128 0 0 0 0 0 0 0 0 0 0 0 0 0 0 0 0 
1 0.699752 0.176473 0.00143105 0 0 0 0 0 0 0 0 0 0 0 0 0 0 0 0 
1 0.699683 0.176104 0.0013918 0 0 0 0 0 0 0 0 0 0 0 0 0 0 0 0 
1 0.699726 0.176197 0.0013957 0 0 0 0 0 0 0 0 0 0 0 0 0 0 0 0 
1 0.699602 0.176015 0.0013806 0 0 0 0 0 0 0 0 0 0 0 0 0 0 0 0 
1 0.699944 0.1765 0.00143215 0 0 0 0 0 0 0 0 0 0 0 0 0 0 0 0 
1 0.700361 0.176812 0.0014004 0 0 0 0 0 0 0 0 0 0 0 0 0 0 0 0 
1 0.699365 0.175895 0.0013876 0 0 0 0 0 0 0 0 0 0 0 0 0 0 0 0 
1 0.699779 0.176165 0.00139105 0 0 0 0 0 0 0 0 0 0 0 0 0 0 0 0 
1 0.700197 0.176958 0.00139045 0 0 0 0 0 0 0 0 0 0 0 0 0 0 0 0 
1 0.699932 0.176488 0.0013843 0 0 0 0 0 0 0 0 0 0 0 0 0 0 0 0 
1 0.700024 0.176586 0.0014204 0 0 0 0 0 0 0 0 0 0 0 0 0 0 0 0 
1 0.699739 0.176269 0.00140685 0 0 0 0 0 0 0 0 0 0 0 0 0 0 0 0 
1 0.700201 0.176825 0.00137565 0 0 0 0 0 0 0 0 0 0 0 0 0 0 0 0 
1 0.699746 0.176082 0.00136975 0 0 0 0 0 0 0 0 0 0 0 0 0 0 0 0 
1 0.699519 0.175875 0.00142875 0 0 0 0 0 0 0 0 0 0 0 0 0 0 0 0 
1 0.700145 0.176582 0.00139745 0 0 0 0 0 0 0 0 0 0 0 0 0 0 0 0 
1 0.699747 0.17617 0.00140985 0 0 0 0 0 0 0 0 0 0 0 0 0 0 0 0 
1 0.700311 0.176768 0.0014001 0 0 0 0 0 0 0 0 0 0 0 0 0 0 0 0 
1 0.700641 0.177348 0.0014175 0 0 0 0 0 0 0 0 0 0 0 0 0 0 0 0 
1 0.700594 0.177143 0.00140585 0 0 0 0 0 0 0 0 0 0 0 0 0 0 0 0 
1 0.699683 0.176115 0.001373 0 0 0 0 0 0 0 0 0 0 0 0 0 0 0 0 
1 0.699546 0.176015 0.0013651 1.5e-07 0 0 0 0 0 0 0 0 0 0 0 0 0 0 0 
1 0.700362 0.176989 0.00141085 0 0 0 0 0 0 0 0 0 0 0 0 0 0 0 0 
1 0.70056 0.177143 0.00146625 0 0 0 0 0 0 0 0 0 0 0 0 0 0 0 0 
1 0.700099 0.176794 0.00147005 0 0 0 0 0 0 0 0 0 0 0 0 0 0 0 0 
1 0.699962 0.176543 0.0014037 0 0 0 0 0 0 0 0 0 0 0 0 0 0 0 0 
1 0.700254 0.176845 0.0014188 0 0 0 0 0 0 0 0 0 0 0 0 0 0 0 0 
1 0.699815 0.176185 0.0013923 0 0 0 0 0 0 0 0 0 0 0 0 0 0 0 0 
1 0.700219 0.176881 0.00142975 0 0 0 0 0 0 0 0 0 0 0 0 0 0 0 0 
1 0.699802 0.175883 0.00140725 0 0 0 0 0 0 0 0 0 0 0 0 0 0 0 0 
1 0.700123 0.176552 0.0013955 0 0 0 0 0 0 0 0 0 0 0 0 0 0 0 0 
1 0.70078 0.177268 0.00141075 0 0 0 0 0 0 0 0 0 0 0 0 0 0 0 0 
1 0.700109 0.176724 0.001446 0 0 0 0 0 0 0 0 0 0 0 0 0 0 0 0 
1 0.700216 0.177163 0.0014429 0 0 0 0 0 0 0 0 0 0 0 0 0 0 0 0 
1 0.699533 0.175781 0.00138685 0 0 0 0 0 0 0 0 0 0 0 0 0 0 0 0 
1 0.700556 0.177167 0.00142795 0 0 0 0 0 0 0 0 0 0 0 0 0 0 0 0 
1 0.699994 0.176657 0.0014131 0 0 0 0 0 0 0 0 0 0 0 0 0 0 0 0 
1 0.700065 0.176497 0.00139975 0 0 0 0 0 0 0 0 0 0 0 0 0 0 0 0 
1 0.699945 0.176511 0.0014465 0 0 0 0 0 0 0 0 0 0 0 0 0 0 0 0 
1 0.700161 0.176912 0.00143825 0 0 0 0 0 0 0 0 0 0 0 0 0 0 0 0 
1 0.699347 0.175712 0.00139005 0 0 0 0 0 0 0 0 0 0 0 0 0 0 0 0 
1 0.699919 0.176348 0.00141875 0 0 0 0 0 0 0 0 0 0 0 0 0 0 0 0 
1 0.699805 0.175724 0.00138475 0 0 0 0 0 0 0 0 0 0 0 0 0 0 0 0 
1 0.699946 0.176363 0.00139185 1e-07 0 0 0 0 0 0 0 0 0 0 0 0 0 0 0 
1 0.699715 0.176181 0.00137885 0 0 0 0 0 0 0 0 0 0 0 0 0 0 0 0 
1 0.699961 0.176598 0.00140995 0 0 0 0 0 0 0 0 0 0 0 0 0 0 0 0 
1 0.700335 0.177107 0.00143945 0 0 0 0 0 0 0 0 0 0 0 0 0 0 0 0 
1 0.699992 0.176626 0.00142635 0 0 0 0 0 0 0 0 0 0 0 0 0 0 0 0 
1 0.700148 0.176795 0.0013978 0 0 0 0 0 0 0 0 0 0 0 0 0 0 0 0 
1 0.699345 0.175722 0.00137325 0 0 0 0 0 0 0 0 0 0 0 0 0 0 0 0 
1 0.69993 0.176181 0.0014007 0 0 0 0 0 0 0 0 0 0 0 0 0 0 0 0 
1 0.699773 0.176056 0.00140615 1.5e-07 0 0 0 0 0 0 0 0 0 0 0 0 0 0 0 
1 0.70001 0.176312 0.0014126 0 0 0 0 0 0 0 0 0 0 0 0 0 0 0 0 
1 0.699781 0.176137 0.0013873 0 0 0 0 0 0 0 0 0 0 0 0 0 0 0 0 
1 0.699782 0.176373 0.0013849 0 0 0 0 0 0 0 0 0 0 0 0 0 0 0 0 
1 0.700289 0.17682 0.00144145 0 0 0 0 0 0 0 0 0 0 0 0 0 0 0 0 
1 0.699285 0.175653 0.0013836 0 0 0 0 0 0 0 0 0 0 0 0 0 0 0 0 
1 0.699878 0.176353 0.0013903 0 0 0 0 0 0 0 0 0 0 0 0 0 0 0 0 
1 0.69976 0.176209 0.0014077 0 0 0 0 0 0 0 0 0 0 0 0 0 0 0 0 
1 0.700119 0.176647 0.00140805 0 0 0 0 0 0 0 0 0 0 0 0 0 0 0 0 
1 0.699694 0.176035 0.00136275 0 0 0 0 0 0 0 0 0 0 0 0 0 0 0 0 
1 0.699664 0.175975 0.00139435 0 0 0 0 0 0 0 0 0 0 0 0 0 0 0 0 
1 0.700704 0.177513 0.0014342 0 0 0 0 0 0 0 0 0 0 0 0 0 0 0 0 
1 0.699912 0.176383 0.0014083 0 0 0 0 0 0 0 0 0 0 0 0 0 0 0 0 
1 0.700384 0.176906 0.00142895 0 0 0 0 0 0 0 0 0 0 0 0 0 0 0 0 
1 0.699974 0.176559 0.00138775 5e-08 0 0 0 0 0 0 0 0 0 0 0 0 0 0 0 
1 0.700425 0.177086 0.0014483 0 0 0 0 0 0 0 0 0 0 0 0 0 0 0 0 
1 0.700295 0.176687 0.00140885 3e-07 0 0 0 0 0 0 0 0 0 0 0 0 0 0 0 
1 0.699381 0.175539 0.0013629 0 0 0 0 0 0 0 0 0 0 0 0 0 0 0 0 
1 0.700506 0.177086 0.00143675 0 0 0 0 0 0 0 0 0 0 0 0 0 0 0 0 
1 0.700558 0.177267 0.00141945 0 0 0 0 0 0 0 0 0 0 0 0 0 0 0 0 
1 0.700383 0.176925 0.00146065 0 0 0 0 0 0 0 0 0 0 0 0 0 0 0 0 
1 0.699395 0.175723 0.00139165 0 0 0 0 0 0 0 0 0 0 0 0 0 0 0 0 
1 0.69997 0.17648 0.0014273 0 0 0 0 0 0 0 0 0 0 0 0 0 0 0 0 
1 0.701044 0.177881 0.0014571 0 0 0 0 0 0 0 0 0 0 0 0 0 0 0 0 
1 0.699984 0.176358 0.0013766 0 0 0 0 0 0 0 0 0 0 0 0 0 0 0 0 
1 0.699424 0.175855 0.00140035 0 0 0 0 0 0 0 0 0 0 0 0 0 0 0 0 
1 0.699848 0.176447 0.0013807 0 0 0 0 0 0 0 0 0 0 0 0 0 0 0 0 
1 0.699854 0.176486 0.0014119 0 0 0 0 0 0 0 0 0 0 0 0 0 0 0 0 
1 0.699755 0.176273 0.0013732 0 0 0 0 0 0 0 0 0 0 0 0 0 0 0 0 
1 0.700687 0.177026 0.0014189 0 0 0 0 0 0 0 0 0 0 0 0 0 0 0 0 
1 0.700456 0.176932 0.00142945 0 0 0 0 0 0 0 0 0 0 0 0 0 0 0 0 
1 0.700183 0.176437 0.00140255 0 0 0 0 0 0 0 0 0 0 0 0 0 0 0 0 
1 0.700181 0.176482 0.001391 0 0 0 0 0 0 0 0 0 0 0 0 0 0 0 0 
1 0.699369 0.175707 0.0013747 0 0 0 0 0 0 0 0 0 0 0 0 0 0 0 0 
1 0.700434 0.176819 0.001411 0 0 0 0 0 0 0 0 0 0 0 0 0 0 0 0 
1 0.700272 0.176789 0.00143415 0 0 0 0 0 0 0 0 0 0 0 0 0 0 0 0 
1 0.700707 0.177579 0.0014562 0 0 0 0 0 0 0 0 0 0 0 0 0 0 0 0 
1 0.699952 0.176296 0.00139365 0 0 0 0 0 0 0 0 0 0 0 0 0 0 0 0 
1 0.700034 0.176625 0.00141935 0 0 0 0 0 0 0 0 0 0 0 0 0 0 0 0 
1 0.699934 0.176447 0.0014148 0 0 0 0 0 0 0 0 0 0 0 0 0 0 0 0 
1 0.699573 0.175877 0.00136495 0 0 0 0 0 0 0 0 0 0 0 0 0 0 0 0 
1 0.699824 0.176275 0.0014195 0 0 0 0 0 0 0 0 0 0 0 0 0 0 0 0 
1 0.700222 0.176958 0.00143865 5e-08 0 0 0 0 0 0 0 0 0 0 0 0 0 0 0 
1 0.700197 0.176879 0.0014256 0 0 0 0 0 0 0 0 0 0 0 0 0 0 0 0 
1 0.699222 0.17562 0.0014035 0 0 0 0 0 0 0 0 0 0 0 0 0 0 0 0 
1 0.700094 0.176581 0.0014144 0 0 0 0 0 0 0 0 0 0 0 0 0 0 0 0 
1 0.700225 0.176722 0.0013806 0 0 0 0 0 0 0 0 0 0 0 0 0 0 0 0 
1 0.700357 0.176774 0.00142285 0 0 0 0 0 0 0 0 0 0 0 0 0 0 0 0 
1 0.700035 0.176428 0.00138925 0 0 0 0 0 0 0 0 0 0 0 0 0 0 0 0 
1 0.700231 0.176647 0.0014111 5e-08 0 0 0 0 0 0 0 0 0 0 0 0 0 0 0 
1 0.700284 0.177014 0.00142795 0 0 0 0 0 0 0 0 0 0 0 0 0 0 0 0 
1 0.699817 0.176198 0.0013636 0 0 0 0 0 0 0 0 0 0 0 0 0 0 0 0 
1 0.699737 0.176175 0.0013942 0 0 0 0 0 0 0 0 0 0 0 0 0 0 0 0 
1 0.699916 0.176494 0.00142145 0 0 0 0 0 0 0 0 0 0 0 0 0 0 0 0 
1 0.699988 0.176199 0.0014056 0 0 0 0 0 0 0 0 0 0 0 0 0 0 0 0 
1 0.700348 0.177034 0.0014284 0 0 0 0 0 0 0 0 0 0 0 0 0 0 0 0 
1 0.700809 0.177211 0.0013931 0 0 0 0 0 0 0 0 0 0 0 0 0 0 0 0 
1 0.699723 0.176409 0.00143965 0 0 0 0 0 0 0 0 0 0 0 0 0 0 0 0 
1 0.699974 0.176227 0.0014118 0 0 0 0 0 0 0 0 0 0 0 0 0 0 0 0 
1 0.700529 0.177055 0.0014238 0 0 0 0 0 0 0 0 0 0 0 0 0 0 0 0 
1 0.700029 0.176553 0.00138225 0 0 0 0 0 0 0 0 0 0 0 0 0 0 0 0 
1 0.700024 0.176444 0.00138785 0 0 0 0 0 0 0 0 0 0 0 0 0 0 0 0 
1 0.699466 0.175763 0.0013556 0 0 0 0 0 0 0 0 0 0 0 0 0 0 0 0 
1 0.700417 0.176594 0.0014035 0 0 0 0 0 0 0 0 0 0 0 0 0 0 0 0 
1 0.699524 0.175738 0.0013661 0 0 0 0 0 0 0 0 0 0 0 0 0 0 0 0 
1 0.699521 0.176014 0.0013962 0 0 0 0 0 0 0 0 0 0 0 0 0 0 0 0 
1 0.700227 0.176788 0.00141245 0 0 0 0 0 0 0 0 0 0 0 0 0 0 0 0 
1 0.699741 0.176252 0.0014063 0 0 0 0 0 0 0 0 0 0 0 0 0 0 0 0 
