1 0.950557 0.827921 0.600646 0.335259 0.148016 0.057479 0.0213768 0.00788 0.002905 0.00096775 0.00026725 5.9e-05 8.75e-06 0 0 0 0 0 0 
1 0.949352 0.823946 0.59178 0.323647 0.139106 0.0517428 0.0180413 0.0060895 0.002041 0.000629 0.0001585 2.65e-05 1.5e-06 0 0 0 0 0 0 
1 0.949729 0.825659 0.596328 0.330974 0.14601 0.05689 0.0211663 0.00771075 0.0027685 0.0009585 0.00038625 0.000186 0.00011175 7.5e-05 3.7e-05 1.175e-05 5e-07 0 0 
1 0.950545 0.827818 0.599514 0.334156 0.147921 0.0575385 0.0211508 0.0072335 0.002156 0.00050975 0.00010025 1.55e-05 1.25e-06 0 0 0 0 0 0 
1 0.949695 0.825122 0.594075 0.327096 0.142878 0.054499 0.0192133 0.00634275 0.0019165 0.000551 0.00017725 5.95e-05 1.525e-05 3e-06 0 0 0 0 0 
1 0.950008 0.826304 0.597726 0.333901 0.149997 0.059986 0.0230968 0.00863725 0.00315675 0.00113625 0.000383 0.00012025 2.35e-05 2e-06 0 0 0 0 0 
1 0.950018 0.826512 0.596819 0.330093 0.144398 0.0548298 0.0193463 0.006762 0.00228425 0.00071525 0.00021175 4.975e-05 8.25e-06 0 0 0 0 0 0 
1 0.950001 0.826146 0.596513 0.330618 0.145512 0.0561808 0.0202368 0.007049 0.00247475 0.00090225 0.00030225 0.0001095 4.125e-05 8.5e-06 2.5e-07 0 0 0 0 
1 0.949924 0.826273 0.596925 0.331252 0.144971 0.0546525 0.0187443 0.00607975 0.0018165 0.000506 0.000153 5.875e-05 1.175e-05 2.5e-07 0 0 0 0 0 
1 0.949375 0.824418 0.592865 0.326239 0.141906 0.0537493 0.0186603 0.0058215 0.001641 0.0004105 8.075e-05 1e-05 7.5e-07 0 0 0 0 0 0 
1 0.949327 0.824908 0.593795 0.32817 0.143916 0.0554303 0.020282 0.0074925 0.00284325 0.00111725 0.00038225 8.875e-05 1.275e-05 0 0 0 0 0 0 
1 0.950078 0.826183 0.596785 0.331216 0.14583 0.056024 0.019992 0.00691275 0.00236275 0.00078575 0.0002575 6.875e-05 1.225e-05 1.25e-06 0 0 0 0 0 
1 0.949794 0.825665 0.596101 0.330454 0.145375 0.0566215 0.020652 0.00715875 0.00240675 0.00075875 0.000247 7.3e-05 1.925e-05 4.25e-06 2.5e-07 1.38778e-17 0 0 0 
1 0.949113 0.823062 0.59155 0.325888 0.14274 0.0546328 0.0191725 0.006343 0.0018855 0.00050925 0.0001135 1.3e-05 0 0 0 0 0 0 0 
1 0.950074 0.826106 0.596891 0.330214 0.144698 0.0559855 0.0211898 0.008322 0.00336 0.00130725 0.00044875 0.00013275 5.6e-05 2.15e-05 5.5e-06 2.5e-07 0 0 0 
1 0.950433 0.828114 0.600485 0.336303 0.150388 0.0596713 0.0231715 0.00898625 0.00347475 0.00133975 0.00047 0.00010525 1.05e-05 5e-07 0 0 0 0 0 
1 0.949541 0.825297 0.595025 0.327956 0.142738 0.055204 0.0208453 0.00798375 0.00294675 0.00112425 0.00046475 0.000181 4.85e-05 7.5e-06 0 0 0 0 0 
1 0.949825 0.825691 0.596251 0.331899 0.147834 0.0578278 0.0208588 0.00697975 0.00214425 0.00057875 0.0001205 1.25e-05 2.5e-07 0 0 0 0 0 0 
1 0.94995 0.826021 0.596871 0.331156 0.146394 0.0567503 0.0206905 0.0071955 0.002456 0.000828 0.00028925 0.000118 4.65e-05 1.25e-05 5e-07 0 0 0 0 
1 0.949912 0.826088 0.59739 0.333097 0.148623 0.0578245 0.0211 0.0076035 0.00264375 0.0008475 0.0002235 5.95e-05 1.35e-05 7.5e-07 0 0 0 0 0 
1 0.94963 0.824973 0.594769 0.329106 0.14382 0.0549775 0.0201578 0.00738925 0.00275225 0.001005 0.00030775 9.175e-05 1.8e-05 3e-06 0 0 0 0 0 
1 0.950349 0.827606 0.599354 0.335392 0.149944 0.0589318 0.0216263 0.00772625 0.00260625 0.0007375 0.00015925 2.1e-05 7.5e-07 0 0 0 0 0 0 
1 0.950005 0.826514 0.597789 0.333487 0.147619 0.0567933 0.0206575 0.00751025 0.002738 0.00089125 0.0002055 3.525e-05 6e-06 7.5e-07 0 0 0 0 0 
1 0.949995 0.826436 0.597212 0.331967 0.147287 0.0575163 0.0216515 0.007978 0.00283 0.00083625 0.00017225 2.05e-05 5e-07 2.5e-07 0 0 0 0 0 
1 0.950029 0.826822 0.598408 0.334017 0.148933 0.0580935 0.0211103 0.00729725 0.00256075 0.00081275 0.000224 5.575e-05 1.025e-05 2.75e-06 0 0 0 0 0 
1 0.94969 0.825058 0.594151 0.327376 0.143404 0.0558043 0.0210493 0.00790425 0.00305975 0.0012125 0.000496 0.000173 3.3e-05 2.5e-06 0 0 0 0 0 
1 0.950337 0.827611 0.599901 0.335299 0.148808 0.057205 0.0201373 0.006622 0.00218575 0.000735 0.0002185 5.35e-05 6.75e-06 0 0 0 0 0 0 
1 0.951102 0.829017 0.601779 0.336397 0.150168 0.0595165 0.0228073 0.00862875 0.003294 0.00142075 0.00066275 0.00026725 7.75e-05 1.075e-05 1.77081e-19 0 0 0 0 
1 0.94936 0.824578 0.593929 0.328884 0.145454 0.0572828 0.0215295 0.00763 0.00247625 0.00073625 0.000228 7.375e-05 1.25e-05 1e-06 0 0 0 0 0 
1 0.951076 0.829425 0.603289 0.338342 0.150975 0.0591475 0.0220033 0.008022 0.0027945 0.0008535 0.00021225 4e-05 4.25e-06 0 0 0 0 0 0 
1 0.949543 0.824912 0.59435 0.327833 0.144087 0.056152 0.0209623 0.00768975 0.002695 0.0008785 0.00026425 6.4e-05 8.5e-06 5e-07 0 0 0 0 0 
1 0.949711 0.82566 0.596181 0.330757 0.146399 0.057482 0.0217635 0.0082935 0.00317575 0.001331 0.000548 0.00018 3.175e-05 3.25e-06 0 0 0 0 0 
1 0.950181 0.827419 0.599799 0.335127 0.149797 0.0595673 0.022905 0.00895875 0.0038135 0.00170425 0.00067625 0.00020575 5.5e-05 1.225e-05 1.5e-06 0 0 0 0 
1 0.949859 0.825742 0.595391 0.329872 0.145871 0.0577258 0.0226025 0.00910675 0.003751 0.00152625 0.00057275 0.00016125 2.65e-05 2.25e-06 0 0 0 0 0 
1 0.949912 0.825651 0.596358 0.331646 0.148103 0.0586135 0.0217983 0.00779775 0.00273725 0.000967 0.00030275 5.675e-05 4.5e-06 0 0 0 0 0 0 
1 0.949787 0.825341 0.595707 0.33049 0.145788 0.056783 0.0213178 0.007941 0.00292 0.00114275 0.00053825 0.00027625 0.00014025 5.25e-05 5.5e-06 0 0 0 0 
1 0.95037 0.827421 0.599264 0.333768 0.147482 0.0566578 0.020149 0.00670525 0.00227 0.0009065 0.000432 0.0002155 8.7e-05 2e-05 7.5e-07 0 0 0 0 
1 0.950823 0.828681 0.601308 0.337187 0.152365 0.0611145 0.023477 0.00896725 0.0036545 0.00172525 0.00090525 0.00044675 0.0002045 7e-05 8.5e-06 0 0 0 0 
1 0.950475 0.827981 0.600384 0.335657 0.149454 0.0590573 0.0229478 0.00987475 0.0048765 0.00248175 0.001201 0.00059725 0.00029775 0.000148 7.1e-05 2.75e-05 7e-06 5e-07 0 
1 0.949765 0.824643 0.594456 0.329048 0.145297 0.0567028 0.0207455 0.0074015 0.00260725 0.00084625 0.00022825 3e-05 1e-06 0 0 0 0 0 0 
1 0.950089 0.827347 0.599159 0.334966 0.149994 0.0606673 0.023874 0.00956175 0.0040555 0.001905 0.0009585 0.00045475 0.0002 8.55e-05 1.9e-05 1.5e-06 0 0 0 
1 0.950662 0.828721 0.601899 0.337953 0.151983 0.0603578 0.0232305 0.00897625 0.003506 0.001342 0.000432 0.000124 2.025e-05 1.25e-06 0 0 0 0 0 
1 0.950206 0.826988 0.598382 0.333727 0.148996 0.0592163 0.0222255 0.00777075 0.0024485 0.000664 0.0001305 1.65e-05 0 0 0 0 0 0 0 
1 0.950122 0.826932 0.598435 0.333962 0.148671 0.0589243 0.0223535 0.00847825 0.00326 0.00122175 0.000457 0.00013875 1.725e-05 5e-07 0 0 0 0 0 
1 0.950607 0.828689 0.602897 0.340493 0.154672 0.0624823 0.0241935 0.009375 0.0036095 0.00131675 0.00039275 7.225e-05 4.5e-06 0 0 0 0 0 0 
1 0.949013 0.823282 0.591284 0.325489 0.143154 0.0564625 0.0214775 0.007856 0.00261025 0.00080525 0.0002235 5.3e-05 1.05e-05 1.25e-06 0 0 0 0 0 
1 0.950057 0.826292 0.596942 0.331373 0.145691 0.055708 0.0197023 0.00671875 0.00225675 0.0006895 0.00015775 3.05e-05 4e-06 0 0 0 0 0 0 
1 0.950264 0.827289 0.59907 0.334528 0.149307 0.058626 0.0215903 0.00779125 0.00270425 0.00075525 0.00015875 4.5e-05 1.325e-05 1.75e-06 0 0 0 0 0 
1 0.950033 0.826179 0.596077 0.329873 0.14503 0.056317 0.020874 0.00768125 0.00270625 0.00088025 0.00023475 4.625e-05 6.25e-06 2.5e-07 0 0 0 0 0 
1 0.950097 0.826739 0.598477 0.334038 0.148092 0.058046 0.0218835 0.00831375 0.0033395 0.00136725 0.00054375 0.000191 5.225e-05 8.25e-06 2.5e-07 0 0 0 0 
1 0.950261 0.82698 0.598777 0.333865 0.148051 0.0579443 0.021203 0.00731325 0.00253575 0.00095975 0.00034475 9.4e-05 2.2e-05 1.25e-06 0 0 0 0 0 
1 0.950204 0.826548 0.597648 0.332461 0.147639 0.058214 0.0221315 0.00826125 0.00300575 0.00108975 0.00040425 0.00015625 5.25e-05 1.1e-05 2.5e-07 0 0 0 0 
1 0.949612 0.825352 0.59444 0.329342 0.145683 0.057125 0.02162 0.00810525 0.00323275 0.0014315 0.00069625 0.000324 0.000141 4.075e-05 8e-06 1e-06 0 0 0 
1 0.949704 0.825553 0.596051 0.331435 0.147736 0.0574233 0.0208198 0.0073645 0.00253125 0.000751 0.00018975 4.125e-05 6.25e-06 0 0 0 0 0 0 
1 0.95037 0.827459 0.599128 0.333831 0.147948 0.057545 0.0213388 0.00798575 0.0030125 0.001144 0.0004105 0.00010875 1.7e-05 1e-06 0 0 0 0 0 
1 0.950099 0.826531 0.597725 0.332589 0.147453 0.0570978 0.0205688 0.00718625 0.00248475 0.00084925 0.00030425 0.00010275 1.95e-05 1.75e-06 0 0 0 0 0 
1 0.95017 0.826367 0.597178 0.331207 0.145554 0.055764 0.0198905 0.00669875 0.002092 0.00058825 0.000141 1.75e-05 1e-06 0 0 0 0 0 0 
1 0.949945 0.826244 0.596291 0.329224 0.143365 0.0540068 0.01906 0.00635225 0.001889 0.00050525 0.00010475 1.35e-05 2.25e-06 0 0 0 0 0 0 
1 0.950079 0.826542 0.597327 0.330714 0.144987 0.0554648 0.0195603 0.00660275 0.002278 0.000789 0.0002495 6.125e-05 6e-06 0 0 0 0 0 0 
1 0.95044 0.828292 0.601505 0.338884 0.154068 0.0628648 0.0249018 0.0102238 0.004555 0.00231625 0.00133425 0.00077575 0.0004105 0.00019275 8.1e-05 2.275e-05 1.75e-06 0 0 
1 0.949511 0.824909 0.594041 0.327714 0.142918 0.0544055 0.0196053 0.00708075 0.00252125 0.0007935 0.00021075 5.35e-05 7e-06 2.5e-07 1.38778e-17 0 0 0 0 
1 0.950498 0.827907 0.601228 0.33781 0.151508 0.0595205 0.0219778 0.00777 0.002619 0.00087325 0.00030775 9.575e-05 1.6e-05 1.25e-06 0 0 0 0 0 
1 0.950283 0.827336 0.599074 0.333803 0.14826 0.057868 0.0208358 0.0069505 0.0022 0.00073925 0.000237 5.375e-05 3.75e-06 0 0 0 0 0 0 
1 0.949732 0.825538 0.596581 0.332955 0.149197 0.05905 0.022347 0.008634 0.00356325 0.00159075 0.00078625 0.000384 0.00013875 2.975e-05 2.5e-06 0 0 0 0 
1 0.949502 0.825166 0.594059 0.326853 0.142454 0.0538905 0.0192358 0.00688975 0.00238675 0.00084075 0.00031225 0.0001205 5.55e-05 2.6e-05 6.5e-06 7.5e-07 0 0 0 
1 0.949834 0.826001 0.59609 0.330315 0.145429 0.0564668 0.0208118 0.00759675 0.00278 0.001005 0.0003345 7.475e-05 8.25e-06 5e-07 0 0 0 0 0 
1 0.950448 0.827654 0.599302 0.334111 0.148433 0.0577088 0.0207303 0.00696325 0.0022475 0.0006415 0.00017125 5.7e-05 1.325e-05 7.5e-07 0 0 0 0 0 
1 0.950015 0.826863 0.598632 0.332366 0.146167 0.0554755 0.0200488 0.0072525 0.00255275 0.001025 0.00053375 0.00030625 0.0001415 3.85e-05 5e-06 0 0 0 0 
1 0.949868 0.825528 0.59507 0.329549 0.144926 0.055596 0.019823 0.00698525 0.00259225 0.001055 0.000399 0.000151 5.375e-05 1.925e-05 4.25e-06 0 0 0 0 
1 0.949498 0.824578 0.594039 0.329518 0.146855 0.0586883 0.0225535 0.0081765 0.00275475 0.0009165 0.00031075 0.00012275 4.75e-05 1.45e-05 3e-06 2.5e-07 0 0 0 
1 0.949823 0.82586 0.596204 0.33088 0.146021 0.056652 0.0209115 0.0079545 0.00330025 0.00150975 0.00070125 0.0002915 0.0001205 6.3e-05 3.025e-05 4.25e-06 0 0 0 
1 0.950498 0.828086 0.601106 0.336546 0.150996 0.060184 0.022758 0.008232 0.00285825 0.00093 0.000285 8.125e-05 2.1e-05 4.75e-06 7.5e-07 0 0 0 0 
1 0.95061 0.828626 0.602026 0.338015 0.151232 0.05932 0.0215865 0.00734175 0.00240275 0.00080775 0.00022875 3.925e-05 1.75e-06 0 0 0 0 0 0 
1 0.949974 0.826435 0.597688 0.333321 0.148565 0.0583858 0.0214615 0.00763025 0.0025005 0.00067375 0.00014125 3.2e-05 6.25e-06 2.5e-07 0 0 0 0 0 
1 0.950195 0.826693 0.59802 0.333638 0.148627 0.0588728 0.0228123 0.00868975 0.00301 0.000896 0.00019425 2.125e-05 7.5e-07 1.38778e-17 0 0 0 0 0 
1 0.949947 0.826239 0.596863 0.330654 0.144788 0.0556795 0.0202838 0.007245 0.0023825 0.0007155 0.000213 5.525e-05 1.05e-05 2.25e-06 0 0 0 0 0 
1 0.949915 0.826157 0.595541 0.328303 0.142528 0.053915 0.0194475 0.00700375 0.0025845 0.00099175 0.000367 0.000112 3.925e-05 1.175e-05 1e-06 0 0 0 0 
1 0.950245 0.826888 0.598086 0.332834 0.147684 0.0584953 0.0221745 0.00856325 0.00357125 0.0017135 0.000942 0.00054175 0.0003095 0.000176 8.875e-05 3.35e-05 1.05e-05 2.5e-07 0 
1 0.950021 0.826162 0.597315 0.332152 0.147359 0.0575595 0.0211853 0.007708 0.00286 0.000988 0.000258 4.575e-05 4.25e-06 0 0 0 0 0 0 
1 0.94951 0.824781 0.5948 0.329984 0.145349 0.0553975 0.0194943 0.00651725 0.00198775 0.00054525 0.0001335 2.9e-05 6.25e-06 6.10498e-18 0 0 0 0 0 
1 0.94986 0.825068 0.594468 0.328559 0.142999 0.0531673 0.0180395 0.00576175 0.0019025 0.000675 0.00021125 5.1e-05 7.75e-06 5e-07 0 0 0 0 0 
1 0.949487 0.824389 0.593828 0.32851 0.145526 0.0578615 0.022544 0.00917275 0.003945 0.001796 0.000876 0.0004015 0.0001615 4.725e-05 8e-06 0 0 0 0 
1 0.950246 0.826889 0.598064 0.332407 0.14603 0.0560435 0.020072 0.00695425 0.00222425 0.00056725 0.000104 7.25e-06 0 0 0 0 0 0 0 
1 0.949516 0.82481 0.594501 0.329185 0.144321 0.0547315 0.0192283 0.0065615 0.0021805 0.00067075 0.00014275 2.275e-05 2.5e-07 0 0 0 0 0 0 
1 0.95004 0.826025 0.596278 0.330545 0.146617 0.0578205 0.021688 0.00775875 0.00270225 0.00094325 0.0003325 9.425e-05 1.45e-05 5e-07 0 0 0 0 0 
1 0.949676 0.825504 0.595823 0.331172 0.146431 0.0572513 0.0213128 0.0074405 0.002495 0.000834 0.00031825 0.0001255 3.025e-05 3.25e-06 0 0 0 0 0 
1 0.950322 0.826824 0.59697 0.331414 0.14706 0.0577188 0.0217335 0.00794675 0.002703 0.0009215 0.00040225 0.00024075 0.00015775 7.75e-05 2.1e-05 2e-06 0 0 0 
1 0.950144 0.827089 0.59885 0.335008 0.150456 0.05923 0.0218825 0.00789525 0.0028235 0.000894 0.0002205 4.05e-05 2.75e-06 0 0 0 0 0 0 
1 0.950375 0.827667 0.599803 0.335357 0.150145 0.0593548 0.0220443 0.007544 0.00240575 0.00069 0.00013825 9.5e-06 0 0 0 0 0 0 0 
1 0.950145 0.826445 0.597023 0.332082 0.146547 0.057083 0.021368 0.00808825 0.00317025 0.001228 0.000471 0.00017775 6.725e-05 1.775e-05 2e-06 0 0 0 0 
1 0.950097 0.826301 0.596368 0.331424 0.147102 0.0575908 0.021174 0.0071695 0.00224275 0.00069375 0.000199 4.925e-05 6.5e-06 0 0 0 0 0 0 
1 0.950545 0.828059 0.59954 0.334755 0.149964 0.0601268 0.0235413 0.00897725 0.00328425 0.00129125 0.00063375 0.00033625 0.00013475 3.25e-05 4.5e-06 2.5e-07 0 0 0 
1 0.949504 0.82435 0.593648 0.328085 0.145277 0.0568623 0.021126 0.007684 0.00272675 0.00083325 0.00019375 2.525e-05 1.25e-06 0 0 0 0 0 0 
1 0.949597 0.825535 0.595926 0.330559 0.145382 0.0560428 0.0206613 0.00747075 0.002709 0.00111175 0.00058275 0.00038575 0.00029625 0.00022475 0.00015925 8.2e-05 1.725e-05 1e-06 0 
1 0.950402 0.828193 0.601503 0.336308 0.149399 0.0583488 0.0214963 0.007474 0.0025485 0.000871 0.0003295 0.0001195 3.2e-05 2e-06 0 0 0 0 0 
1 0.950009 0.826234 0.597044 0.332039 0.147184 0.05623 0.0195608 0.00656275 0.00211325 0.000681 0.000214 6.325e-05 1.6e-05 1.25e-06 0 0 0 0 0 
1 0.948976 0.823271 0.58975 0.322431 0.139345 0.0529908 0.0192213 0.00694225 0.00243575 0.00080675 0.0002345 4.7e-05 5.5e-06 0 0 0 0 0 0 
1 0.950283 0.827228 0.598696 0.332779 0.146498 0.0563 0.020643 0.007593 0.002789 0.00102575 0.00037525 0.0001355 4.45e-05 7e-06 2.5e-07 0 0 0 0 
1 0.949966 0.826068 0.596809 0.331675 0.14748 0.0581825 0.0218015 0.00787775 0.002719 0.000939 0.0003265 0.00010825 2.725e-05 3.75e-06 2.5e-07 0 0 0 0 
1 0.949224 0.82384 0.592465 0.327312 0.144537 0.0562425 0.0206115 0.00742475 0.00269075 0.0009715 0.0003625 9.95e-05 1.675e-05 5e-07 0 0 0 0 0 
1 0.950328 0.827755 0.599867 0.334893 0.149461 0.059186 0.02209 0.007973 0.002783 0.00092125 0.00026025 4.35e-05 3.25e-06 0 0 0 0 0 0 
1 0.949179 0.824215 0.592458 0.326026 0.141297 0.0536018 0.0191698 0.0065825 0.00226825 0.00079675 0.0002285 3.325e-05 5e-07 0 0 0 0 0 0 
1 0.949495 0.824547 0.594 0.329775 0.1462 0.0567455 0.0202473 0.00678875 0.0022995 0.00085775 0.00034675 0.00013 4.475e-05 1.025e-05 7.5e-07 0 0 0 0 
1 0.949135 0.823458 0.592031 0.326049 0.142498 0.054613 0.0196643 0.00675625 0.002197 0.00077975 0.0002955 0.0001075 2.975e-05 5e-06 0 0 0 0 0 
1 0.949998 0.826539 0.597509 0.331764 0.146034 0.0558153 0.02003 0.00706825 0.00243725 0.00078275 0.00021375 4.025e-05 3.25e-06 0 0 0 0 0 0 
1 0.949651 0.825327 0.596228 0.332917 0.150933 0.0616275 0.024121 0.008946 0.00333225 0.0012065 0.0003455 6.125e-05 3.75e-06 0 0 0 0 0 0 
1 0.950722 0.828722 0.60158 0.335878 0.149139 0.0585703 0.0219515 0.00794375 0.00276725 0.0008935 0.0002625 5.925e-05 6.75e-06 0 0 0 0 0 0 
1 0.950647 0.828491 0.601523 0.33584 0.148279 0.056881 0.020415 0.0070185 0.0023835 0.00085975 0.00031225 8.575e-05 9.75e-06 5e-07 0 0 0 0 0 
1 0.949604 0.824741 0.594013 0.32769 0.144054 0.055907 0.0203955 0.006969 0.00195125 0.00043675 7.025e-05 6.5e-06 0 0 0 0 0 0 0 
1 0.94978 0.825249 0.595549 0.329508 0.143888 0.0551705 0.0202543 0.007289 0.00252375 0.00078825 0.0001925 3.4e-05 2.75e-06 0 0 0 0 0 0 
1 0.949471 0.825067 0.595284 0.330195 0.146335 0.0579338 0.0222205 0.008535 0.0031205 0.00098575 0.00021075 3.525e-05 6.25e-06 2.5e-07 0 0 0 0 0 
1 0.949685 0.82549 0.595396 0.32874 0.1432 0.0536218 0.0186668 0.006446 0.00223625 0.0008195 0.00027725 6.325e-05 6.25e-06 0 0 0 0 0 0 
1 0.950205 0.8273 0.5997 0.334738 0.149104 0.0578598 0.0214953 0.00808225 0.002922 0.001024 0.00040825 0.00020925 0.0001015 3.975e-05 7.25e-06 2.5e-07 0 0 0 
1 0.949984 0.82631 0.596866 0.331112 0.145137 0.0555173 0.0203058 0.00760725 0.00274875 0.000864 0.00021975 4.775e-05 4.75e-06 0 0 0 0 0 0 
1 0.949443 0.824911 0.595073 0.331356 0.147917 0.0583973 0.022261 0.0084305 0.00323675 0.00122575 0.0004365 0.00017125 9.3e-05 5.375e-05 2.75e-05 8.5e-06 7.5e-07 0 0 
1 0.949283 0.824085 0.593148 0.327556 0.145198 0.057347 0.0216888 0.008317 0.00319675 0.00113675 0.00037725 0.000129 3.825e-05 6.25e-06 0 0 0 0 0 
1 0.949565 0.825127 0.595174 0.33024 0.145998 0.0572235 0.021314 0.00765475 0.00248825 0.00070925 0.000157 1.7e-05 0 0 0 0 0 0 0 
1 0.950065 0.826296 0.596671 0.331695 0.147783 0.0583558 0.0215465 0.007632 0.0025285 0.00084525 0.00028225 0.00010325 3.85e-05 8.25e-06 5e-07 0 0 0 0 
1 0.950657 0.828789 0.601671 0.337032 0.150848 0.0590933 0.0215578 0.0077075 0.0027625 0.00096475 0.0002835 7.525e-05 1.175e-05 2.5e-07 0 0 0 0 0 
1 0.950107 0.827151 0.599241 0.33655 0.152296 0.06125 0.023816 0.00918475 0.0035335 0.00135925 0.000519 0.00021175 6.3e-05 8.75e-06 7.5e-07 0 0 0 0 
1 0.950198 0.826944 0.598725 0.333757 0.148629 0.0587743 0.0225995 0.008542 0.00310525 0.001051 0.00031075 6.9e-05 6.5e-06 2.5e-07 0 0 0 0 0 
1 0.949966 0.82659 0.598199 0.33314 0.148116 0.0582648 0.022052 0.0080305 0.00263875 0.00081725 0.0002905 0.00010375 2.25e-05 2.5e-06 0 0 0 0 0 
1 0.949995 0.825987 0.59641 0.330159 0.144445 0.0550588 0.0195783 0.006404 0.001975 0.00061275 0.0001855 4.4e-05 6.25e-06 2.5e-07 0 0 0 0 0 
1 0.950272 0.826834 0.598404 0.334688 0.151449 0.0620713 0.0252913 0.0106335 0.0043915 0.001794 0.000734 0.0002445 4.275e-05 3.25e-06 0 0 0 0 0 
1 0.949512 0.825212 0.594772 0.329187 0.145342 0.0567058 0.0209353 0.007543 0.0028225 0.001201 0.000582 0.000272 0.00011375 4.2e-05 1.2e-05 1.25e-06 0 0 0 
1 0.949212 0.824515 0.594487 0.329649 0.145556 0.056624 0.0208273 0.00734675 0.00259525 0.00097825 0.00045625 0.00024425 0.0001225 4.075e-05 1.075e-05 1.25e-06 0 0 0 
1 0.950434 0.827426 0.599007 0.332639 0.146386 0.0560565 0.0200758 0.0068875 0.00235125 0.0007875 0.00026625 8.425e-05 1.725e-05 2e-06 0 0 0 0 0 
1 0.950121 0.826674 0.598086 0.33344 0.148956 0.0591515 0.0222468 0.00844325 0.00320275 0.00118375 0.00047225 0.00022725 0.000116 4.425e-05 8e-06 7.5e-07 0 0 0 
1 0.950715 0.828478 0.601744 0.337536 0.152975 0.0623705 0.0244318 0.0095215 0.003743 0.00141125 0.00047425 0.0001295 2.1e-05 5e-07 1.38778e-17 1.38778e-17 0 0 0 
1 0.950621 0.828044 0.600756 0.33638 0.15092 0.060067 0.022903 0.00871775 0.0034285 0.00128925 0.00043175 8.625e-05 1.25e-05 5e-07 0 0 0 0 0 
1 0.950085 0.827094 0.598484 0.333156 0.147231 0.0569188 0.0208055 0.0074005 0.0024715 0.00072475 0.0002005 5.975e-05 2.075e-05 5e-06 0 0 0 0 0 
1 0.949823 0.826038 0.59723 0.331493 0.145541 0.0558228 0.0199363 0.00658425 0.00194825 0.00053225 0.00013575 2.4e-05 1.25e-06 0 0 0 0 0 0 
1 0.95017 0.827344 0.598818 0.334263 0.149759 0.0602988 0.0234683 0.009148 0.003528 0.001406 0.000612 0.0002395 5.775e-05 7.25e-06 0 0 0 0 0 
1 0.949329 0.823994 0.592521 0.327752 0.144904 0.0563305 0.020667 0.00776225 0.0030105 0.00106625 0.0003675 0.00013325 5.375e-05 1.975e-05 2.5e-06 2.5e-07 0 0 0 
1 0.950478 0.827916 0.601151 0.337963 0.153276 0.0621223 0.0244925 0.00967925 0.00372275 0.001361 0.00047875 0.0001535 4.625e-05 8.75e-06 2.5e-07 0 0 0 0 
1 0.949713 0.825255 0.595133 0.329833 0.145674 0.056833 0.0209318 0.007651 0.00287525 0.001148 0.000494 0.00018425 4.625e-05 4.5e-06 5e-07 0 0 0 0 
1 0.950481 0.828425 0.60186 0.338734 0.153581 0.0626623 0.0248925 0.010077 0.004318 0.00200275 0.0010275 0.00059875 0.0003535 0.00017225 6.525e-05 1.4e-05 1e-06 0 0 
1 0.95035 0.827475 0.598608 0.332064 0.14627 0.0571335 0.021591 0.0082765 0.00319275 0.001228 0.00043925 0.00015025 4.35e-05 1.15e-05 1e-06 0 0 0 0 
1 0.950324 0.827947 0.600438 0.335874 0.149702 0.0583765 0.0207543 0.0066065 0.002031 0.000664 0.000184 4.25e-05 1.25e-06 0 0 0 0 0 0 
1 0.950107 0.826516 0.598052 0.33425 0.150605 0.0606995 0.0232675 0.0088945 0.003306 0.001227 0.0004485 0.000144 3.025e-05 1.25e-06 0 0 0 0 0 
1 0.950528 0.828461 0.60151 0.336957 0.149973 0.0581383 0.0210313 0.00751125 0.002874 0.00132275 0.00073325 0.000498 0.0003875 0.0002795 0.0001725 8.8e-05 2.375e-05 1.25e-06 0 
1 0.94993 0.826249 0.597941 0.335147 0.151353 0.060713 0.0228673 0.0080895 0.00281475 0.0010495 0.0003725 0.000107 3.125e-05 4.75e-06 5e-07 0 0 0 0 
1 0.949833 0.825911 0.596578 0.331748 0.148951 0.0601745 0.0231863 0.00848075 0.0030795 0.0012105 0.000484 0.000139 1.575e-05 5e-07 0 0 0 0 0 
1 0.949681 0.825445 0.595103 0.329779 0.146711 0.0581348 0.0217148 0.00789175 0.002984 0.00122975 0.00049975 0.00019575 0.000118 8.65e-05 5.575e-05 2.6e-05 2.5e-06 0 0 
1 0.950702 0.828439 0.601299 0.337377 0.151906 0.0608538 0.0232158 0.008611 0.00314575 0.001189 0.0005155 0.00023875 0.00010625 2.95e-05 2.75e-06 0 0 0 0 
1 0.950297 0.826885 0.598391 0.333427 0.147177 0.0563123 0.019599 0.006448 0.0020295 0.00063925 0.000242 0.00011425 4.525e-05 8e-06 5e-07 0 0 0 0 
1 0.950039 0.825772 0.595791 0.329837 0.145624 0.0570198 0.0211425 0.00777875 0.002753 0.0009365 0.0002995 9.7e-05 2.625e-05 3.25e-06 2.5e-07 0 0 0 0 
1 0.950444 0.827599 0.599231 0.334109 0.14777 0.0572773 0.0210893 0.0076425 0.00270175 0.0008175 0.00018825 2.925e-05 2.5e-06 2.5e-07 0 0 0 0 0 
1 0.950183 0.827083 0.598454 0.33366 0.148961 0.05957 0.023178 0.00902125 0.00377125 0.001705 0.00077375 0.0003155 0.00013125 6.6e-05 2.975e-05 4.75e-06 2.5e-07 0 0 
1 0.950458 0.827812 0.59992 0.334374 0.147066 0.0564495 0.0203745 0.007146 0.00236825 0.00067125 0.00015575 3.1e-05 5e-06 0 0 0 0 0 0 
1 0.949828 0.825645 0.595751 0.330795 0.147329 0.057731 0.0214608 0.0077295 0.00271925 0.00103375 0.00049675 0.00027425 0.0001105 2.2e-05 1.25e-06 0 0 0 0 
1 0.949347 0.824585 0.59346 0.32708 0.142724 0.0543818 0.0194773 0.006924 0.00242475 0.00076525 0.000216 6.175e-05 1.75e-05 1.25e-06 0 0 0 0 0 
1 0.949788 0.825717 0.595471 0.328758 0.144142 0.0555523 0.02059 0.007515 0.002634 0.000836 0.0002225 3.525e-05 4e-06 1.38778e-17 0 0 0 0 0 
1 0.950114 0.826077 0.597315 0.332863 0.148537 0.0592923 0.0231988 0.0096005 0.004351 0.00215125 0.00107725 0.0004985 0.0002015 6.775e-05 1.7e-05 7.5e-07 0 0 0 
1 0.949442 0.824527 0.594118 0.329121 0.14543 0.0556658 0.0193848 0.00661225 0.00238075 0.00091225 0.00034775 0.00013 4.45e-05 9.25e-06 2.5e-07 0 0 0 0 
1 0.950025 0.826043 0.59603 0.329995 0.144878 0.055722 0.0201675 0.007163 0.0026085 0.00094075 0.000315 8.075e-05 1.65e-05 2.5e-07 0 0 0 0 0 
1 0.950166 0.826948 0.597964 0.333461 0.149515 0.059666 0.02221 0.00759375 0.00239825 0.0007065 0.00017625 3.325e-05 2.5e-06 0 0 0 0 0 0 
1 0.950507 0.828219 0.600807 0.336423 0.151411 0.0612255 0.023978 0.009485 0.00382225 0.00148575 0.00053625 0.000136 1.475e-05 0 0 0 0 0 0 
1 0.949707 0.826126 0.596608 0.330215 0.144956 0.0562388 0.0210598 0.00821525 0.00345075 0.0014715 0.00063475 0.00027775 0.00012375 5.025e-05 1.125e-05 2.5e-07 0 0 0 
1 0.949886 0.825753 0.595829 0.32937 0.144047 0.0546283 0.0192098 0.0065115 0.0021445 0.000615 0.0001715 4.225e-05 4.25e-06 2.5e-07 0 0 0 0 0 
1 0.949134 0.823258 0.590938 0.325588 0.143759 0.0558495 0.0206548 0.00770175 0.0029865 0.001177 0.000486 0.00020275 6.975e-05 2.2e-05 7.5e-07 0 0 0 0 
1 0.950026 0.826598 0.597034 0.331689 0.146316 0.0561705 0.0198125 0.0065285 0.00195825 0.000473 7.65e-05 1.1e-05 1.5e-06 0 0 0 0 0 0 
1 0.949939 0.82646 0.59864 0.336409 0.152558 0.0619825 0.0240993 0.00926125 0.0035585 0.0012935 0.00045525 0.00017925 6.675e-05 1.85e-05 2.5e-06 2.5e-07 0 0 0 
1 0.95117 0.829697 0.603247 0.338026 0.151505 0.0606768 0.0234395 0.00912 0.0038925 0.00182 0.00088675 0.00038225 0.0001275 3.7e-05 1.05e-05 7.5e-07 0 0 0 
1 0.950427 0.82757 0.599829 0.335436 0.150198 0.0590495 0.0215713 0.00716975 0.002237 0.00065875 0.00018875 5.25e-05 7.25e-06 0 0 0 0 0 0 
1 0.949201 0.823712 0.591572 0.32526 0.141485 0.0540033 0.0194648 0.0066 0.002059 0.00052875 9.775e-05 8e-06 2.5e-07 0 0 0 0 0 0 
1 0.949421 0.824732 0.59365 0.32828 0.143353 0.0541023 0.0189013 0.00635375 0.0019325 0.0005225 0.000134 4.75e-05 1.95e-05 4.75e-06 2.5e-07 0 0 0 0 
1 0.949924 0.826253 0.595383 0.32755 0.140823 0.0520373 0.017724 0.005803 0.00180325 0.000512 0.00012275 1.35e-05 5e-07 0 0 0 0 0 0 
1 0.950223 0.826577 0.597581 0.331809 0.145858 0.0556483 0.019739 0.006836 0.002362 0.000809 0.000293 0.0001055 2.775e-05 3.25e-06 0 0 0 0 0 
1 0.950307 0.827759 0.59977 0.335942 0.15055 0.0589065 0.0214613 0.00749375 0.002504 0.00080125 0.0002905 0.000124 5.125e-05 2e-05 2.25e-06 0 0 0 0 
1 0.950138 0.826757 0.598268 0.333684 0.14958 0.0603643 0.023732 0.0093535 0.00379825 0.00148125 0.0005595 0.00018175 5.45e-05 1.2e-05 7.5e-07 0 0 0 0 
1 0.949945 0.826073 0.596654 0.330156 0.144237 0.0548865 0.0200495 0.007468 0.00255525 0.0007815 0.00017 9.75e-06 0 0 0 0 0 0 0 
1 0.950379 0.827216 0.599127 0.334587 0.14988 0.0598808 0.0227028 0.0083495 0.0030705 0.00115625 0.00047625 0.0002325 0.00012375 5e-05 1.025e-05 5e-07 0 0 0 
1 0.949538 0.824635 0.593904 0.328925 0.14517 0.0560778 0.0208573 0.0081015 0.00326625 0.00138625 0.0006215 0.00023675 5.95e-05 7.5e-06 0 0 0 0 0 
1 0.950307 0.826969 0.597679 0.331056 0.144622 0.0545125 0.0195025 0.0070235 0.00269675 0.00115825 0.00059525 0.0003325 0.000205 0.00013175 4.85e-05 1.05e-05 7.5e-07 0 0 
1 0.950281 0.827082 0.599257 0.336266 0.152426 0.0611525 0.0229648 0.00826825 0.002965 0.00107275 0.00041 0.00016575 6.025e-05 1.125e-05 2.5e-07 0 0 0 0 
1 0.949831 0.825886 0.596606 0.332028 0.148423 0.059311 0.022158 0.007601 0.002431 0.000767 0.0002255 8.45e-05 2.65e-05 2.75e-06 0 0 0 0 0 
1 0.949858 0.825917 0.595761 0.329227 0.144568 0.0563223 0.0214425 0.00836075 0.00332875 0.00134575 0.00052475 0.00019025 4.625e-05 1.025e-05 5e-07 0 0 0 0 
1 0.948766 0.822113 0.588618 0.321392 0.139226 0.0529283 0.0189293 0.006501 0.00217475 0.0006605 0.000234 8.65e-05 3.475e-05 7.75e-06 5e-07 0 0 0 0 
1 0.950402 0.82719 0.599035 0.33441 0.148855 0.0575868 0.0209358 0.007521 0.00268775 0.0009495 0.00028125 6.1e-05 4.5e-06 0 0 0 0 0 0 
1 0.949839 0.825922 0.596047 0.331398 0.147633 0.058332 0.0218303 0.0078745 0.00271675 0.0009335 0.00034 0.00012775 4.425e-05 9.5e-06 0 0 0 0 0 
1 0.949709 0.825676 0.595599 0.328668 0.143363 0.055142 0.020032 0.0069375 0.002378 0.00093825 0.000413 0.0001595 6.125e-05 2.35e-05 4e-06 0 0 0 0 
1 0.949817 0.8251 0.593817 0.326605 0.142754 0.0548183 0.0197353 0.00701375 0.0025865 0.00099075 0.000407 0.0002045 0.00010525 3.9e-05 6.5e-06 0 0 0 0 
1 0.949665 0.82504 0.593617 0.326865 0.141815 0.05392 0.019461 0.0067405 0.00239575 0.000953 0.00038225 0.00014275 4.9e-05 1.525e-05 2.5e-06 0 0 0 0 
1 0.950451 0.827771 0.599753 0.334845 0.148391 0.0575243 0.0209498 0.00739675 0.002499 0.00079125 0.0002025 2.95e-05 1e-06 0 0 0 0 0 0 
1 0.949541 0.824833 0.593561 0.328337 0.145155 0.0562563 0.020295 0.00717375 0.00249175 0.000808 0.000207 3.75e-05 5e-06 0 0 0 0 0 0 
1 0.949955 0.826078 0.595814 0.329323 0.145556 0.0570803 0.0215525 0.008297 0.003264 0.0012885 0.000449 0.0001055 8.5e-06 2.5e-07 0 0 0 0 0 
1 0.949757 0.825714 0.59533 0.328653 0.143137 0.0547053 0.0197948 0.0069235 0.0022125 0.000602 0.000123 1.025e-05 0 0 0 0 0 0 0 
1 0.949646 0.824996 0.594663 0.328614 0.144104 0.0556355 0.0205505 0.0071955 0.00233825 0.000629 0.0001295 1.6e-05 5e-07 0 0 0 0 0 0 
1 0.950173 0.827168 0.59872 0.334176 0.148854 0.0586693 0.0220958 0.00825875 0.003035 0.0011095 0.0003525 0.00010225 1.9e-05 2e-06 1.38778e-17 0 0 0 0 
1 0.94937 0.824357 0.5927 0.325121 0.141251 0.05391 0.0195298 0.007046 0.00262675 0.00103075 0.0004025 0.000163 8.575e-05 3.625e-05 4.75e-06 2.5e-07 0 0 0 
1 0.950192 0.82657 0.597883 0.333134 0.14753 0.057536 0.021419 0.007758 0.00274975 0.0009885 0.00037675 0.00014 3.2e-05 3.5e-06 0 0 0 0 0 
1 0.950309 0.827626 0.599535 0.335162 0.149902 0.059816 0.0228025 0.008342 0.00299325 0.0010235 0.00029675 4.725e-05 2.25e-06 0 0 0 0 0 0 
1 0.950307 0.827424 0.598946 0.333289 0.147441 0.0569695 0.0203793 0.0069975 0.0023175 0.00069375 0.0001795 3.95e-05 6e-06 1e-06 0 0 0 0 0 
1 0.94971 0.825827 0.596293 0.330988 0.146376 0.0572463 0.0213238 0.00788425 0.002905 0.000917 0.00025375 9.325e-05 3.7e-05 9e-06 2.5e-07 0 0 0 0 
1 0.950323 0.827367 0.600547 0.337284 0.152573 0.062092 0.0248175 0.0101843 0.00415225 0.0016305 0.00056625 0.0001685 3.575e-05 3.5e-06 0 0 0 0 0 
1 0.950241 0.827059 0.597654 0.330301 0.143655 0.0541373 0.0191198 0.00693025 0.00275925 0.00115275 0.000472 0.00020975 0.0001125 6.05e-05 2.75e-05 5.75e-06 2.5e-07 0 0 
1 0.949839 0.825725 0.595236 0.328959 0.14438 0.055552 0.0199045 0.0067555 0.00208825 0.00051625 7.8e-05 5.5e-06 0 0 0 0 0 0 0 
1 0.949711 0.824965 0.593709 0.325939 0.141004 0.0533773 0.0191035 0.006599 0.00231925 0.00082825 0.000315 0.0001175 3.65e-05 6e-06 2.5e-07 0 0 0 0 
1 0.949258 0.823887 0.592876 0.327065 0.143208 0.0552838 0.0207268 0.00778175 0.0027905 0.0008335 0.0002015 4.325e-05 8.75e-06 0 0 0 0 0 0 
1 0.949836 0.825552 0.595347 0.329321 0.144358 0.055201 0.0197925 0.00690175 0.00222725 0.000576 0.000104 1.25e-05 2.5e-07 0 0 0 0 0 0 
1 0.950144 0.826863 0.598395 0.334446 0.150528 0.0604593 0.023095 0.008697 0.00333275 0.0014105 0.00073025 0.0004235 0.0002365 0.00010575 2.2e-05 1e-06 0 0 0 
1 0.949495 0.825174 0.595592 0.330932 0.146893 0.057848 0.0215813 0.00783025 0.0028255 0.00108575 0.00049775 0.0002835 0.0001585 8.3e-05 2.475e-05 1e-06 0 0 0 
1 0.950485 0.827498 0.598418 0.331943 0.145501 0.0553613 0.0190723 0.0059575 0.001775 0.0006115 0.00024175 9.525e-05 3.4e-05 4.25e-06 0 0 0 0 0 
1 0.950186 0.826522 0.597426 0.332396 0.147026 0.0572395 0.020989 0.00771275 0.00304725 0.001318 0.0006345 0.0002945 0.000105 3.375e-05 5.25e-06 0 0 0 0 
1 0.95046 0.827897 0.600137 0.334935 0.149204 0.0581748 0.021047 0.007322 0.00259325 0.0010275 0.00049425 0.00028425 0.00016575 8.725e-05 2.925e-05 2e-06 0 0 0 
1 0.949602 0.825555 0.595095 0.329987 0.145855 0.0566598 0.0206593 0.007396 0.0025995 0.0009435 0.0003225 8.4e-05 1.425e-05 7.5e-07 0 0 0 0 0 
1 0.949408 0.824418 0.593313 0.325642 0.140761 0.0529145 0.0185368 0.006048 0.00184625 0.0005265 0.0001475 2.925e-05 3e-06 0 0 0 0 0 0 
1 0.949543 0.824944 0.595042 0.329218 0.144141 0.05491 0.0198173 0.007152 0.00266875 0.00098125 0.000401 0.00018275 7.925e-05 2.1e-05 3.25e-06 0 0 0 0 
1 0.949949 0.826079 0.595805 0.329563 0.144498 0.0554263 0.019779 0.00672925 0.0022975 0.00084225 0.00032825 0.000108 3.625e-05 1.35e-05 1.5e-06 0 0 0 0 
1 0.949705 0.825251 0.595227 0.328676 0.143198 0.054051 0.0189453 0.0060285 0.0018865 0.000683 0.000265 7.625e-05 1.4e-05 5e-07 0 0 0 0 0 
1 0.949749 0.825587 0.595837 0.331413 0.147705 0.0584548 0.0225118 0.0089925 0.00360475 0.0012875 0.0003665 6.6e-05 3e-06 0 0 0 0 0 0 
1 0.950843 0.82939 0.602735 0.338929 0.152506 0.0605515 0.0229058 0.00829375 0.00283175 0.0008535 0.00021725 5.475e-05 6.75e-06 0 0 0 0 0 0 
1 0.950395 0.827793 0.600701 0.338064 0.153133 0.0614065 0.023263 0.0082935 0.00268225 0.000728 0.000154 2.625e-05 6.75e-06 5e-07 0 0 0 0 0 
1 0.94967 0.825039 0.593514 0.327443 0.143592 0.0557505 0.0208783 0.00773625 0.00268625 0.00081475 0.00019475 3.15e-05 1.25e-06 0 0 0 0 0 0 
1 0.949987 0.826149 0.597262 0.331321 0.14562 0.0553343 0.0191828 0.006181 0.002007 0.00061675 0.0001595 2.475e-05 2e-06 0 0 0 0 0 0 
1 0.949345 0.824065 0.592409 0.325971 0.142709 0.0549948 0.019837 0.00703775 0.002507 0.00094125 0.00037 0.000125 3.225e-05 4.25e-06 5e-07 0 0 0 0 
1 0.94997 0.825834 0.595952 0.328925 0.143832 0.0552618 0.0199688 0.006805 0.00213325 0.00063225 0.00017325 5.85e-05 9.5e-06 0 0 0 0 0 0 
1 0.948746 0.822082 0.587925 0.319742 0.136141 0.050353 0.017374 0.0057155 0.001735 0.00046275 0.00010575 1.75e-05 7.5e-07 0 0 0 0 0 0 
1 0.950454 0.827755 0.599202 0.334122 0.148825 0.058358 0.0216593 0.007782 0.00275425 0.00087375 0.0002215 4.3e-05 3e-06 0 0 0 0 0 0 
1 0.950487 0.828153 0.601647 0.337696 0.151364 0.0593608 0.0218545 0.007826 0.00268025 0.0008065 0.00020925 4e-05 3.25e-06 2.5e-07 0 0 0 0 0 
1 0.949964 0.826328 0.597257 0.333105 0.148879 0.0588335 0.0223498 0.008288 0.0031085 0.0011995 0.0004695 0.00016775 3.5e-05 1.75e-06 0 0 0 0 0 
1 0.949871 0.825884 0.596043 0.331011 0.146803 0.0577913 0.0215538 0.00777575 0.0027395 0.0009115 0.000318 0.00011675 3.425e-05 5e-06 2.5e-07 0 0 0 0 
1 0.949864 0.825782 0.595717 0.329628 0.144355 0.0544005 0.0190168 0.0065895 0.002227 0.00066575 0.00015 1.9e-05 1.25e-06 0 0 0 0 0 0 
1 0.950672 0.828637 0.60224 0.33975 0.155046 0.0637838 0.0254528 0.0101295 0.004012 0.00151625 0.000463 0.000105 1.05e-05 2.5e-07 0 0 0 0 0 
1 0.950079 0.827003 0.597999 0.332651 0.14707 0.0574968 0.0216515 0.008253 0.003287 0.00141025 0.000695 0.00037725 0.0001995 7.875e-05 2e-05 5e-06 2.5e-07 0 0 
1 0.949446 0.82455 0.593304 0.326016 0.141667 0.0543568 0.0201628 0.007422 0.00285075 0.00115575 0.000527 0.00024525 0.0001145 4.325e-05 1.2e-05 1.75e-06 0 0 0 
1 0.949873 0.826208 0.597782 0.333839 0.149227 0.0589733 0.0224525 0.00845575 0.003136 0.0011125 0.00033175 6.425e-05 6.25e-06 1.38778e-17 0 0 0 0 0 
1 0.949368 0.824461 0.593822 0.328075 0.14469 0.0565768 0.0215128 0.00837575 0.00339 0.00152425 0.000678 0.0002315 4.425e-05 2.25e-06 0 0 0 0 0 
1 0.949422 0.824826 0.594392 0.329262 0.145832 0.05766 0.0219983 0.00820775 0.00300475 0.0010905 0.0003385 9.3e-05 2.425e-05 3.75e-06 0 0 0 0 0 
