1 0.90022 0.617684 0.210878 0.0271718 0.001968 0.000109 2.33333e-06 0 0 0 0 0 0 0 0 0 0 0 0 
1 0.900932 0.620108 0.213572 0.0274395 0.00173333 8.26667e-05 6.33333e-06 0 0 0 0 0 0 0 0 0 0 0 0 
1 0.899833 0.616682 0.21075 0.0269763 0.00183817 0.000143667 1.18333e-05 0 0 0 0 0 0 0 0 0 0 0 0 
1 0.900308 0.617912 0.209204 0.0255915 0.00147833 6.53333e-05 2.83333e-06 0 0 0 0 0 0 0 0 0 0 0 0 
1 0.899851 0.616846 0.208975 0.0257625 0.00158367 6.38333e-05 1.66667e-07 0 0 0 0 0 0 0 0 0 0 0 0 
1 0.899645 0.615961 0.208941 0.0256153 0.001516 7.03333e-05 3.83333e-06 0 0 0 0 0 0 0 0 0 0 0 0 
1 0.900679 0.618191 0.210407 0.0262777 0.00164183 6.66667e-05 8.33333e-07 0 0 0 0 0 0 0 0 0 0 0 0 
1 0.900337 0.617518 0.210197 0.0261648 0.00168717 8.61667e-05 2.16667e-06 0 0 0 0 0 0 0 0 0 0 0 0 
1 0.900123 0.617698 0.210206 0.0260382 0.00158567 5.73333e-05 0 0 0 0 0 0 0 0 0 0 0 0 0 
1 0.899456 0.615414 0.20833 0.0259182 0.00156383 7.91667e-05 3.5e-06 0 0 0 0 0 0 0 0 0 0 0 0 
1 0.899489 0.615145 0.206218 0.0243893 0.00148067 6.11667e-05 6.66667e-07 0 0 0 0 0 0 0 0 0 0 0 0 
1 0.899405 0.614824 0.20655 0.0247997 0.00140817 3.95e-05 0 0 0 0 0 0 0 0 0 0 0 0 0 
1 0.899791 0.616885 0.208976 0.0258987 0.00172117 0.000123667 1.06667e-05 0 0 0 0 0 0 0 0 0 0 0 0 
1 0.899372 0.615085 0.207135 0.0251938 0.00150017 6.15e-05 6.66667e-07 0 0 0 0 0 0 0 0 0 0 0 0 
1 0.899803 0.616537 0.208798 0.025368 0.00163467 7.06667e-05 6.66667e-07 0 0 0 0 0 0 0 0 0 0 0 0 
1 0.900237 0.616976 0.209765 0.0263967 0.00163717 6.76667e-05 6.66667e-07 0 0 0 0 0 0 0 0 0 0 0 0 
1 0.900692 0.619692 0.212204 0.0265475 0.00169133 9.03333e-05 2.5e-06 0 0 0 0 0 0 0 0 0 0 0 0 
1 0.899943 0.616757 0.208524 0.0255785 0.001653 7.26667e-05 1.33333e-06 0 0 0 0 0 0 0 0 0 0 0 0 
1 0.89937 0.615526 0.207385 0.0247177 0.0013835 4.63333e-05 1.66667e-07 0 0 0 0 0 0 0 0 0 0 0 0 
1 0.900363 0.61826 0.211481 0.026226 0.00153333 4.7e-05 3.33333e-07 0 0 0 0 0 0 0 0 0 0 0 0 
1 0.90006 0.616648 0.208938 0.026009 0.00169617 0.000121833 7.33333e-06 0 0 0 0 0 0 0 0 0 0 0 0 
1 0.900353 0.618003 0.210475 0.026209 0.001704 8.75e-05 1.16667e-06 0 0 0 0 0 0 0 0 0 0 0 0 
1 0.899295 0.614964 0.207274 0.0255268 0.00167717 9.1e-05 1.33333e-06 0 0 0 0 0 0 0 0 0 0 0 0 
1 0.900106 0.617389 0.20968 0.0259267 0.00161017 7.26667e-05 3.16667e-06 0 0 0 0 0 0 0 0 0 0 0 0 
1 0.900798 0.619627 0.212592 0.0272007 0.001909 0.000152833 1.58333e-05 3.33333e-07 0 0 0 0 0 0 0 0 0 0 0 
1 0.899523 0.615539 0.207984 0.0258037 0.0017405 7.98333e-05 1e-06 0 0 0 0 0 0 0 0 0 0 0 0 
1 0.899585 0.616084 0.208033 0.025624 0.00158683 6.35e-05 1.33333e-06 0 0 0 0 0 0 0 0 0 0 0 0 
1 0.900261 0.617393 0.209957 0.0259583 0.00149533 4.18333e-05 1.66667e-07 0 0 0 0 0 0 0 0 0 0 0 0 
1 0.900187 0.618114 0.21124 0.026526 0.00169167 9.3e-05 1e-06 0 0 0 0 0 0 0 0 0 0 0 0 
1 0.900022 0.617204 0.209256 0.026209 0.00185517 0.000132 4.5e-06 0 0 0 0 0 0 0 0 0 0 0 0 
1 0.899652 0.615666 0.206894 0.0247973 0.00140667 5.6e-05 1.33333e-06 0 0 0 0 0 0 0 0 0 0 0 0 
1 0.899805 0.616647 0.209584 0.0265453 0.0017395 7.95e-05 1.66667e-06 0 0 0 0 0 0 0 0 0 0 0 0 
1 0.899777 0.615892 0.208054 0.0250793 0.0013975 7.2e-05 3.66667e-06 0 0 0 0 0 0 0 0 0 0 0 0 
1 0.899452 0.615815 0.207264 0.0249993 0.00137933 4.3e-05 1.66667e-07 0 0 0 0 0 0 0 0 0 0 0 0 
1 0.900261 0.617939 0.210235 0.0257402 0.00156967 6.18333e-05 3.33333e-07 0 0 0 0 0 0 0 0 0 0 0 0 
1 0.899695 0.616202 0.207629 0.0249125 0.00141033 5.08333e-05 1.33333e-06 0 0 0 0 0 0 0 0 0 0 0 0 
1 0.900407 0.617981 0.209661 0.0254345 0.00137817 4.93333e-05 1.66667e-06 0 0 0 0 0 0 0 0 0 0 0 0 
1 0.899628 0.615425 0.206879 0.0249828 0.00139333 4.36667e-05 3.33333e-07 0 0 0 0 0 0 0 0 0 0 0 0 
1 0.899848 0.617146 0.209462 0.0257087 0.001477 7.13333e-05 8.33333e-07 0 0 0 0 0 0 0 0 0 0 0 0 
1 0.900969 0.620192 0.212723 0.0267572 0.00169967 9.38333e-05 2.16667e-06 1.66667e-07 0 0 0 0 0 0 0 0 0 0 0 
1 0.899854 0.61707 0.209647 0.0262875 0.00163933 6.41667e-05 1.16667e-06 0 0 0 0 0 0 0 0 0 0 0 0 
1 0.899517 0.615308 0.208368 0.0261185 0.00165567 6.01667e-05 1.16667e-06 0 0 0 0 0 0 0 0 0 0 0 0 
1 0.899799 0.616087 0.207982 0.025385 0.00141633 3.88333e-05 0 0 0 0 0 0 0 0 0 0 0 0 0 
1 0.899688 0.615888 0.207458 0.0252527 0.00152783 5.98333e-05 8.33333e-07 0 0 0 0 0 0 0 0 0 0 0 0 
1 0.89968 0.615214 0.207035 0.0247337 0.001276 4.11667e-05 5e-07 0 0 0 0 0 0 0 0 0 0 0 0 
1 0.899688 0.61593 0.208137 0.025819 0.00176017 0.000139833 1.43333e-05 1.66667e-07 0 0 0 0 0 0 0 0 0 0 0 
1 0.899396 0.615374 0.208393 0.0258542 0.00160117 9.45e-05 2e-06 0 0 0 0 0 0 0 0 0 0 0 0 
1 0.900144 0.617439 0.209631 0.0252877 0.00141867 5.23333e-05 1e-06 0 0 0 0 0 0 0 0 0 0 0 0 
1 0.89987 0.616126 0.207971 0.0255325 0.00161417 7.41667e-05 8.33333e-07 0 0 0 0 0 0 0 0 0 0 0 0 
1 0.900155 0.617339 0.20984 0.025941 0.00149217 6.08333e-05 1e-06 0 0 0 0 0 0 0 0 0 0 0 0 
1 0.899767 0.616672 0.209479 0.0263807 0.0016765 5.65e-05 0 0 0 0 0 0 0 0 0 0 0 0 0 
1 0.90025 0.617947 0.209793 0.0256177 0.00150717 0.000119333 2.63333e-05 3.5e-06 0 0 0 0 0 0 0 0 0 0 0 
1 0.900047 0.617051 0.208822 0.0250873 0.00131617 2.73333e-05 0 0 0 0 0 0 0 0 0 0 0 0 0 
1 0.899899 0.615837 0.207368 0.0252352 0.0014645 4.58333e-05 0 0 0 0 0 0 0 0 0 0 0 0 0 
1 0.900301 0.618008 0.210914 0.0265753 0.00182383 0.000146667 1.3e-05 6.66667e-07 0 0 0 0 0 0 0 0 0 0 0 
1 0.899751 0.616363 0.208526 0.0254558 0.001442 4.28333e-05 1.66667e-07 0 0 0 0 0 0 0 0 0 0 0 0 
1 0.900155 0.616747 0.208317 0.0255492 0.00164967 0.000112167 3.66667e-06 0 0 0 0 0 0 0 0 0 0 0 0 
1 0.899673 0.616291 0.20806 0.025695 0.0016205 7.83333e-05 2.33333e-06 0 0 0 0 0 0 0 0 0 0 0 0 
1 0.900121 0.616831 0.208623 0.0256035 0.001552 5.51667e-05 3.33333e-07 0 0 0 0 0 0 0 0 0 0 0 0 
1 0.899812 0.616761 0.20949 0.026611 0.0020425 0.000182333 8.66667e-06 0 0 0 0 0 0 0 0 0 0 0 0 
1 0.899599 0.615632 0.206673 0.0244778 0.00130683 3.48333e-05 1.66667e-07 0 0 0 0 0 0 0 0 0 0 0 0 
1 0.899563 0.614744 0.206318 0.0249048 0.00145067 4.95e-05 6.66667e-07 0 0 0 0 0 0 0 0 0 0 0 0 
1 0.900033 0.616984 0.209005 0.0251942 0.00152283 8.55e-05 4e-06 0 0 0 0 0 0 0 0 0 0 0 0 
1 0.899204 0.614433 0.20641 0.0250058 0.00146583 4.98333e-05 5e-07 0 0 0 0 0 0 0 0 0 0 0 0 
1 0.899946 0.616694 0.208979 0.025917 0.0015265 2.98333e-05 0 0 0 0 0 0 0 0 0 0 0 0 0 
1 0.899657 0.615392 0.207229 0.025405 0.001525 6.35e-05 3.33333e-07 0 0 0 0 0 0 0 0 0 0 0 0 
1 0.898972 0.614451 0.206578 0.0252302 0.0015675 4.35e-05 0 0 0 0 0 0 0 0 0 0 0 0 0 
1 0.900084 0.61757 0.209958 0.0263048 0.00176433 0.000131333 5.83333e-06 0 0 0 0 0 0 0 0 0 0 0 0 
1 0.900775 0.619542 0.211943 0.0265447 0.00164633 9.78333e-05 8.66667e-06 5e-07 0 0 0 0 0 0 0 0 0 0 0 
1 0.899886 0.616493 0.208341 0.0258068 0.001499 4.03333e-05 1.66667e-07 0 0 0 0 0 0 0 0 0 0 0 0 
1 0.899901 0.616719 0.209054 0.0256488 0.0014525 6.73333e-05 2.5e-06 0 0 0 0 0 0 0 0 0 0 0 0 
1 0.899917 0.616394 0.209633 0.026243 0.0016935 7.01667e-05 6.66667e-07 0 0 0 0 0 0 0 0 0 0 0 0 
1 0.900201 0.617523 0.20917 0.0258662 0.00159183 4.56667e-05 0 0 0 0 0 0 0 0 0 0 0 0 0 
1 0.900306 0.617959 0.209904 0.026212 0.00161167 6.85e-05 6.66667e-07 0 0 0 0 0 0 0 0 0 0 0 0 
1 0.900804 0.619208 0.210963 0.0260485 0.0016725 9.55e-05 1.5e-06 0 0 0 0 0 0 0 0 0 0 0 0 
1 0.900556 0.618821 0.211543 0.0263463 0.00153283 5.4e-05 3.33333e-07 0 0 0 0 0 0 0 0 0 0 0 0 
1 0.900322 0.618024 0.210079 0.0259535 0.0015335 5.46667e-05 1.66667e-07 0 0 0 0 0 0 0 0 0 0 0 0 
1 0.899422 0.61496 0.207211 0.0251965 0.00143867 6.36667e-05 1.33333e-06 0 0 0 0 0 0 0 0 0 0 0 0 
1 0.90016 0.617191 0.209189 0.0255515 0.00135917 3.18333e-05 1.66667e-07 0 0 0 0 0 0 0 0 0 0 0 0 
1 0.900246 0.617699 0.210386 0.026457 0.00142533 2.93333e-05 1.38778e-17 0 0 0 0 0 0 0 0 0 0 0 0 
1 0.90018 0.617547 0.210349 0.0263717 0.001715 8.68333e-05 1.66667e-06 0 0 0 0 0 0 0 0 0 0 0 0 
1 0.899552 0.61591 0.207625 0.02483 0.00133017 3.51667e-05 0 0 0 0 0 0 0 0 0 0 0 0 0 
1 0.900435 0.618252 0.210453 0.0256662 0.00134883 4.41667e-05 1.66667e-07 0 0 0 0 0 0 0 0 0 0 0 0 
1 0.900025 0.61695 0.208962 0.0258208 0.001797 0.000163 1.03333e-05 0 0 0 0 0 0 0 0 0 0 0 0 
1 0.90002 0.616792 0.207476 0.0250727 0.0015945 6.96667e-05 5e-07 0 0 0 0 0 0 0 0 0 0 0 0 
1 0.899386 0.615215 0.207713 0.0255142 0.00152917 5.33333e-05 1.66667e-07 0 0 0 0 0 0 0 0 0 0 0 0 
1 0.899386 0.615147 0.207455 0.0257308 0.00164933 9.41667e-05 4.33333e-06 0 0 0 0 0 0 0 0 0 0 0 0 
1 0.899912 0.615765 0.207695 0.025503 0.001566 6.6e-05 2.16667e-06 0 0 0 0 0 0 0 0 0 0 0 0 
1 0.900419 0.618487 0.211596 0.0269198 0.00184133 9.71667e-05 2e-06 0 0 0 0 0 0 0 0 0 0 0 0 
1 0.899516 0.615452 0.208019 0.0252807 0.00147833 5.41667e-05 5e-07 0 0 0 0 0 0 0 0 0 0 0 0 
1 0.90015 0.617617 0.210079 0.0259537 0.00145533 5.43333e-05 1e-06 0 0 0 0 0 0 0 0 0 0 0 0 
1 0.900387 0.618014 0.209627 0.0254833 0.00150667 9.01667e-05 5.5e-06 0 0 0 0 0 0 0 0 0 0 0 0 
1 0.899753 0.616348 0.208491 0.0252027 0.00144367 4.03333e-05 0 0 0 0 0 0 0 0 0 0 0 0 0 
1 0.899557 0.615083 0.207193 0.0251373 0.001492 6.3e-05 1.33333e-06 0 0 0 0 0 0 0 0 0 0 0 0 
1 0.899949 0.616998 0.209566 0.0256512 0.00137017 4.11667e-05 3.33333e-07 0 0 0 0 0 0 0 0 0 0 0 0 
1 0.900361 0.61872 0.211149 0.0266353 0.00181967 0.00017 2.88333e-05 1.83333e-06 0 0 0 0 0 0 0 0 0 0 0 
1 0.900205 0.618103 0.209929 0.0255808 0.00139183 3.43333e-05 0 0 0 0 0 0 0 0 0 0 0 0 0 
1 0.899815 0.61624 0.208665 0.0257007 0.001491 4.61667e-05 1.66667e-07 0 0 0 0 0 0 0 0 0 0 0 0 
1 0.899943 0.61661 0.208432 0.0252533 0.0015935 9.8e-05 4e-06 0 0 0 0 0 0 0 0 0 0 0 0 
1 0.899958 0.617055 0.208509 0.025226 0.0015155 6.81667e-05 1.5e-06 0 0 0 0 0 0 0 0 0 0 0 0 
1 0.899898 0.616732 0.209329 0.02593 0.00156483 5.16667e-05 0 0 0 0 0 0 0 0 0 0 0 0 0 
1 0.900598 0.618935 0.211887 0.0266847 0.00194183 0.000173667 1.75e-05 3.33333e-07 0 0 0 0 0 0 0 0 0 0 0 
1 0.900323 0.618301 0.211178 0.026403 0.001613 8.7e-05 1e-06 0 0 0 0 0 0 0 0 0 0 0 0 
1 0.90007 0.617119 0.209065 0.0259488 0.00184183 0.000137 6.66667e-06 1.66667e-07 0 0 0 0 0 0 0 0 0 0 0 
1 0.900841 0.619666 0.211753 0.0261447 0.00159383 7.8e-05 1.16667e-06 0 0 0 0 0 0 0 0 0 0 0 0 
1 0.900249 0.617813 0.210937 0.0267557 0.00185083 0.000103667 8.33333e-07 0 0 0 0 0 0 0 0 0 0 0 0 
1 0.900744 0.618924 0.211853 0.0271378 0.0016985 6.78333e-05 3e-06 0 0 0 0 0 0 0 0 0 0 0 0 
1 0.900232 0.617571 0.209019 0.0252638 0.00145933 7.41667e-05 1.33333e-06 0 0 0 0 0 0 0 0 0 0 0 0 
1 0.900756 0.619551 0.212037 0.0265892 0.00176733 0.0001605 4.43333e-05 1.21667e-05 3.33333e-07 0 0 0 0 0 0 0 0 0 0 
1 0.899643 0.616218 0.208772 0.0259313 0.0016345 5.78333e-05 8.33333e-07 0 0 0 0 0 0 0 0 0 0 0 0 
1 0.899899 0.61635 0.208744 0.025957 0.0016445 5.48333e-05 1.66667e-07 0 0 0 0 0 0 0 0 0 0 0 0 
1 0.900295 0.617849 0.210006 0.026363 0.00164967 5.95e-05 8.33333e-07 0 0 0 0 0 0 0 0 0 0 0 0 
1 0.899683 0.616059 0.208348 0.0254267 0.00150367 5.76667e-05 8.33333e-07 0 0 0 0 0 0 0 0 0 0 0 0 
1 0.900116 0.617459 0.20923 0.0260007 0.001615 5.8e-05 1.33333e-06 0 0 0 0 0 0 0 0 0 0 0 0 
1 0.900127 0.61735 0.209715 0.0255712 0.001399 3.61667e-05 3.33333e-07 0 0 0 0 0 0 0 0 0 0 0 0 
1 0.899612 0.615978 0.207478 0.0250823 0.00135483 5.18333e-05 1e-06 0 0 0 0 0 0 0 0 0 0 0 0 
1 0.900384 0.618002 0.209394 0.0253738 0.00148183 6.36667e-05 4.66667e-06 0 0 0 0 0 0 0 0 0 0 0 0 
1 0.900002 0.616806 0.208913 0.0259002 0.00169867 0.000102167 7.83333e-06 0 0 0 0 0 0 0 0 0 0 0 0 
1 0.899562 0.615671 0.206943 0.0247568 0.00134083 5.63333e-05 1.33333e-06 0 0 0 0 0 0 0 0 0 0 0 0 
1 0.900416 0.618627 0.211452 0.0269992 0.0019655 0.000155833 1.46667e-05 1.16667e-06 0 0 0 0 0 0 0 0 0 0 0 
1 0.899561 0.61577 0.206733 0.0248255 0.001475 6.75e-05 8.33333e-07 0 0 0 0 0 0 0 0 0 0 0 0 
1 0.900004 0.617152 0.209276 0.0258863 0.00161517 0.000103 3.16667e-06 0 0 0 0 0 0 0 0 0 0 0 0 
1 0.900634 0.619489 0.211713 0.0263487 0.00163417 7.48333e-05 1.66667e-07 0 0 0 0 0 0 0 0 0 0 0 0 
1 0.899569 0.616149 0.20839 0.0255128 0.001416 4.1e-05 3.33333e-07 0 0 0 0 0 0 0 0 0 0 0 0 
1 0.900161 0.617507 0.209766 0.0258097 0.00152033 8.56667e-05 1.4e-05 2.66667e-06 0 0 0 0 0 0 0 0 0 0 0 
1 0.899843 0.616287 0.208232 0.025958 0.00182467 0.000148167 9.16667e-06 1.66667e-07 0 0 0 0 0 0 0 0 0 0 0 
1 0.900338 0.617958 0.210883 0.0267182 0.001658 5.35e-05 6.66667e-07 0 0 0 0 0 0 0 0 0 0 0 0 
1 0.900308 0.617867 0.210272 0.0263812 0.001717 8.16667e-05 4e-06 0 0 0 0 0 0 0 0 0 0 0 0 
1 0.899924 0.616416 0.207123 0.0243802 0.001404 7.01667e-05 3.5e-06 1.66667e-07 0 0 0 0 0 0 0 0 0 0 0 
1 0.899254 0.614183 0.206727 0.0252245 0.00147583 5.1e-05 5e-07 0 0 0 0 0 0 0 0 0 0 0 0 
1 0.900304 0.618077 0.209901 0.0257445 0.0015175 5.7e-05 8.33333e-07 0 0 0 0 0 0 0 0 0 0 0 0 
1 0.900026 0.617242 0.209465 0.025972 0.00156983 4.93333e-05 0 0 0 0 0 0 0 0 0 0 0 0 0 
1 0.900187 0.617634 0.20881 0.0256243 0.0015695 5.4e-05 1.66667e-07 0 0 0 0 0 0 0 0 0 0 0 0 
1 0.899669 0.615984 0.208147 0.0257705 0.0015895 9.3e-05 3.33333e-06 0 0 0 0 0 0 0 0 0 0 0 0 
1 0.900251 0.616971 0.208701 0.0254022 0.00156167 8.55e-05 1e-06 0 0 0 0 0 0 0 0 0 0 0 0 
1 0.900031 0.617331 0.210502 0.0265828 0.00161733 8.86667e-05 8.83333e-06 0 0 0 0 0 0 0 0 0 0 0 0 
1 0.898938 0.614467 0.20717 0.0254658 0.00143033 4.11667e-05 3.33333e-07 0 0 0 0 0 0 0 0 0 0 0 0 
1 0.899547 0.615348 0.207322 0.0250213 0.00146783 4.06667e-05 0 0 0 0 0 0 0 0 0 0 0 0 0 
1 0.899955 0.616515 0.209806 0.0265032 0.00187783 0.000132833 2.33333e-05 6.83333e-06 0 0 0 0 0 0 0 0 0 0 0 
1 0.900331 0.617971 0.210696 0.026257 0.00182167 0.000174333 1.43333e-05 1.66667e-07 0 0 0 0 0 0 0 0 0 0 0 
1 0.900241 0.618317 0.210492 0.0261597 0.001679 5.78333e-05 1.66667e-07 0 0 0 0 0 0 0 0 0 0 0 0 
1 0.900026 0.617253 0.20957 0.026182 0.0015555 6.23333e-05 3.66667e-06 0 0 0 0 0 0 0 0 0 0 0 0 
1 0.900259 0.617556 0.208914 0.0248952 0.00130783 4.33333e-05 1.66667e-07 0 0 0 0 0 0 0 0 0 0 0 0 
1 0.900644 0.619222 0.211408 0.0265407 0.00164183 7.41667e-05 1.33333e-06 0 0 0 0 0 0 0 0 0 0 0 0 
1 0.899941 0.616525 0.208625 0.0258758 0.00160683 5.85e-05 2.66667e-06 0 0 0 0 0 0 0 0 0 0 0 0 
1 0.900211 0.617615 0.210736 0.0271282 0.00195667 0.000127667 6.5e-06 0 0 0 0 0 0 0 0 0 0 0 0 
1 0.900218 0.617583 0.210376 0.0263595 0.00174617 9.31667e-05 2.66667e-06 0 0 0 0 0 0 0 0 0 0 0 0 
1 0.899826 0.616404 0.208495 0.0257058 0.00147683 4.6e-05 0 0 0 0 0 0 0 0 0 0 0 0 0 
1 0.900657 0.619121 0.211718 0.0269152 0.00176667 0.000119 1.31667e-05 6.66667e-07 0 0 0 0 0 0 0 0 0 0 0 
1 0.89996 0.616076 0.207583 0.025037 0.00135883 4.85e-05 5e-07 0 0 0 0 0 0 0 0 0 0 0 0 
1 0.900502 0.618731 0.212201 0.0271833 0.00189817 9.71667e-05 2.33333e-06 0 0 0 0 0 0 0 0 0 0 0 0 
1 0.899994 0.616586 0.208725 0.025583 0.0015625 7.51667e-05 2e-06 0 0 0 0 0 0 0 0 0 0 0 0 
1 0.899497 0.614661 0.206115 0.0245733 0.00140183 6.61667e-05 1.83333e-06 0 0 0 0 0 0 0 0 0 0 0 0 
1 0.899762 0.616368 0.209028 0.026323 0.0017545 0.000126333 7.5e-06 0 0 0 0 0 0 0 0 0 0 0 0 
1 0.899749 0.616117 0.208123 0.0257883 0.00167917 9.25e-05 4.33333e-06 0 0 0 0 0 0 0 0 0 0 0 0 
1 0.900193 0.618355 0.21108 0.0262298 0.001605 9.65e-05 4.66667e-06 0 0 0 0 0 0 0 0 0 0 0 0 
1 0.900045 0.616915 0.209791 0.026612 0.00174217 7.86667e-05 1.16667e-06 0 0 0 0 0 0 0 0 0 0 0 0 
1 0.900082 0.617437 0.210023 0.0261183 0.00167767 9.95e-05 1.66667e-06 0 0 0 0 0 0 0 0 0 0 0 0 
1 0.900377 0.618414 0.211485 0.0264233 0.00158983 7.65e-05 1.33333e-06 0 0 0 0 0 0 0 0 0 0 0 0 
1 0.900018 0.616974 0.209093 0.0258472 0.00167317 7.9e-05 1.16667e-06 0 0 0 0 0 0 0 0 0 0 0 0 
1 0.899874 0.616212 0.208568 0.0258528 0.00159467 7.06667e-05 4e-06 0 0 0 0 0 0 0 0 0 0 0 0 
1 0.899263 0.615197 0.208117 0.0253988 0.0013975 3.21667e-05 1.66667e-07 0 0 0 0 0 0 0 0 0 0 0 0 
1 0.899072 0.61457 0.206264 0.025158 0.00161 7.11667e-05 1.83333e-06 0 0 0 0 0 0 0 0 0 0 0 0 
1 0.899288 0.614918 0.206837 0.0253108 0.00155667 8.46667e-05 3.16667e-06 0 0 0 0 0 0 0 0 0 0 0 0 
1 0.899505 0.615385 0.207005 0.0252252 0.00157783 7.03333e-05 5e-07 0 0 0 0 0 0 0 0 0 0 0 0 
1 0.900002 0.617274 0.210019 0.0262885 0.00147317 3.63333e-05 0 0 0 0 0 0 0 0 0 0 0 0 0 
1 0.900623 0.61884 0.210812 0.0261793 0.001612 8.73333e-05 2.5e-06 0 0 0 0 0 0 0 0 0 0 0 0 
1 0.900456 0.618249 0.211082 0.0267492 0.0017115 8.45e-05 6e-06 0 0 0 0 0 0 0 0 0 0 0 0 
1 0.900249 0.617293 0.209885 0.0267768 0.00175217 8.56667e-05 4.16667e-06 0 0 0 0 0 0 0 0 0 0 0 0 
1 0.899601 0.615808 0.207908 0.0257582 0.00153817 4.08333e-05 3.33333e-07 0 0 0 0 0 0 0 0 0 0 0 0 
1 0.899404 0.615278 0.206904 0.0248132 0.00146433 7.43333e-05 8.33333e-07 0 0 0 0 0 0 0 0 0 0 0 0 
1 0.899693 0.616669 0.209188 0.0257487 0.001526 5.41667e-05 3.33333e-07 0 0 0 0 0 0 0 0 0 0 0 0 
1 0.900465 0.61862 0.210646 0.02597 0.00167317 0.000119333 1.56667e-05 1e-06 0 0 0 0 0 0 0 0 0 0 0 
1 0.900551 0.618829 0.211217 0.026622 0.001821 0.000125667 3.83333e-06 0 0 0 0 0 0 0 0 0 0 0 0 
1 0.900215 0.617351 0.209002 0.025515 0.00152867 7.21667e-05 6.66667e-07 0 0 0 0 0 0 0 0 0 0 0 0 
1 0.900613 0.61903 0.212494 0.0272558 0.00180933 6.71667e-05 5e-07 0 0 0 0 0 0 0 0 0 0 0 0 
1 0.900105 0.616348 0.208632 0.0253795 0.00144483 5.55e-05 6.66667e-07 0 0 0 0 0 0 0 0 0 0 0 0 
1 0.899621 0.616322 0.208915 0.0259297 0.00160117 5.88333e-05 1.33333e-06 0 0 0 0 0 0 0 0 0 0 0 0 
1 0.898895 0.613871 0.205464 0.0241575 0.001366 6.86667e-05 6.66667e-07 0 0 0 0 0 0 0 0 0 0 0 0 
1 0.899461 0.615943 0.208598 0.0262027 0.001731 6.46667e-05 6.66667e-07 0 0 0 0 0 0 0 0 0 0 0 0 
1 0.899223 0.614882 0.206864 0.024867 0.0014825 5.61667e-05 6.66667e-07 0 0 0 0 0 0 0 0 0 0 0 0 
1 0.899839 0.616029 0.207717 0.0257488 0.001885 0.000150333 1.11667e-05 1.66667e-07 0 0 0 0 0 0 0 0 0 0 0 
1 0.900532 0.617888 0.20947 0.0252252 0.001612 9.28333e-05 2e-06 0 0 0 0 0 0 0 0 0 0 0 0 
1 0.900871 0.61983 0.212357 0.0266962 0.001601 5.46667e-05 1.66667e-06 0 0 0 0 0 0 0 0 0 0 0 0 
1 0.900527 0.618519 0.211797 0.0266707 0.00158717 6.08333e-05 1.83333e-06 0 0 0 0 0 0 0 0 0 0 0 0 
1 0.900051 0.617197 0.209369 0.0262507 0.00167817 0.0001255 1.63333e-05 5e-07 0 0 0 0 0 0 0 0 0 0 0 
1 0.900213 0.617839 0.209935 0.0262013 0.0017055 7.6e-05 1.66667e-07 0 0 0 0 0 0 0 0 0 0 0 0 
1 0.900424 0.618106 0.211222 0.0267765 0.001638 7.13333e-05 3.33333e-06 0 0 0 0 0 0 0 0 0 0 0 0 
1 0.899554 0.616474 0.209261 0.0264008 0.00177117 9.35e-05 2.16667e-06 0 0 0 0 0 0 0 0 0 0 0 0 
1 0.900305 0.617261 0.209078 0.0255293 0.00146717 6.13333e-05 2.5e-06 0 0 0 0 0 0 0 0 0 0 0 0 
1 0.899654 0.616009 0.208312 0.0254613 0.001533 5.51667e-05 6.66667e-07 0 0 0 0 0 0 0 0 0 0 0 0 
1 0.899854 0.61627 0.208821 0.0258657 0.0015165 5.51667e-05 0 0 0 0 0 0 0 0 0 0 0 0 0 
1 0.899994 0.616864 0.208537 0.0254863 0.0016075 5.86667e-05 1.66667e-07 0 0 0 0 0 0 0 0 0 0 0 0 
1 0.899876 0.616519 0.209152 0.0263252 0.001562 5.71667e-05 6.66667e-07 0 0 0 0 0 0 0 0 0 0 0 0 
1 0.899772 0.616593 0.209115 0.0262423 0.00171467 7.23333e-05 1.16667e-06 0 0 0 0 0 0 0 0 0 0 0 0 
1 0.900435 0.618023 0.210148 0.0261738 0.0016315 7.75e-05 1.66667e-06 0 0 0 0 0 0 0 0 0 0 0 0 
1 0.90031 0.617436 0.209377 0.0252768 0.00139367 3.9e-05 0 0 0 0 0 0 0 0 0 0 0 0 0 
1 0.899909 0.61651 0.208568 0.0259043 0.00168683 8.21667e-05 2e-06 0 0 0 0 0 0 0 0 0 0 0 0 
1 0.900364 0.618046 0.210318 0.0258247 0.00145567 3.78333e-05 1.66667e-07 0 0 0 0 0 0 0 0 0 0 0 0 
1 0.899202 0.615828 0.208914 0.0270053 0.001993 0.000129333 2.66667e-06 0 0 0 0 0 0 0 0 0 0 0 0 
1 0.900029 0.617597 0.210717 0.0269158 0.001841 9.15e-05 1.33333e-06 0 0 0 0 0 0 0 0 0 0 0 0 
1 0.89979 0.616595 0.209337 0.0262328 0.00163317 6.85e-05 1.5e-06 0 0 0 0 0 0 0 0 0 0 0 0 
1 0.900499 0.617907 0.209159 0.025386 0.001462 4.26667e-05 8.33333e-07 0 0 0 0 0 0 0 0 0 0 0 0 
1 0.900128 0.617694 0.209683 0.0256648 0.0015015 6.78333e-05 2.5e-06 0 0 0 0 0 0 0 0 0 0 0 0 
1 0.900248 0.617718 0.209944 0.0258935 0.00158733 4.6e-05 5e-07 0 0 0 0 0 0 0 0 0 0 0 0 
1 0.900303 0.618353 0.210305 0.0252657 0.001346 3.9e-05 3.33333e-07 0 0 0 0 0 0 0 0 0 0 0 0 
1 0.899627 0.61575 0.20792 0.0255187 0.00141083 4.83333e-05 1.66667e-07 0 0 0 0 0 0 0 0 0 0 0 0 
1 0.900088 0.616998 0.209341 0.025462 0.00145367 4.63333e-05 0 0 0 0 0 0 0 0 0 0 0 0 0 
1 0.899911 0.61596 0.207889 0.0254062 0.00160733 8.8e-05 1.83333e-06 0 0 0 0 0 0 0 0 0 0 0 0 
1 0.899387 0.616006 0.208882 0.0263548 0.001778 0.0001175 1.25e-05 8.33333e-07 0 0 0 0 0 0 0 0 0 0 0 
1 0.899852 0.61616 0.209443 0.0262295 0.00168117 7.16667e-05 3.33333e-07 0 0 0 0 0 0 0 0 0 0 0 0 
1 0.900037 0.617307 0.210495 0.0266838 0.00164967 4.5e-05 1.66667e-07 0 0 0 0 0 0 0 0 0 0 0 0 
1 0.900112 0.617323 0.20994 0.0261403 0.00160333 7.36667e-05 8.33333e-07 0 0 0 0 0 0 0 0 0 0 0 0 
1 0.900092 0.617059 0.209038 0.0256128 0.0014875 4.85e-05 5e-07 0 0 0 0 0 0 0 0 0 0 0 0 
1 0.900735 0.619908 0.212455 0.0269922 0.001745 0.000101167 3.83333e-06 0 0 0 0 0 0 0 0 0 0 0 0 
1 0.900227 0.617756 0.209411 0.0261087 0.001907 0.0001315 5.5e-06 0 0 0 0 0 0 0 0 0 0 0 0 
1 0.90023 0.617762 0.209839 0.0256098 0.001368 3.11667e-05 3.33333e-07 0 0 0 0 0 0 0 0 0 0 0 0 
1 0.900527 0.618974 0.211264 0.0260207 0.00142133 2.63333e-05 0 0 0 0 0 0 0 0 0 0 0 0 0 
1 0.900011 0.617385 0.210008 0.0262118 0.001589 5.56667e-05 8.33333e-07 0 0 0 0 0 0 0 0 0 0 0 0 
1 0.90026 0.617426 0.20968 0.025632 0.00154617 8.11667e-05 4.33333e-06 0 0 0 0 0 0 0 0 0 0 0 0 
1 0.900026 0.616991 0.208859 0.025512 0.001586 0.000100833 4.33333e-06 0 0 0 0 0 0 0 0 0 0 0 0 
1 0.899414 0.615986 0.207795 0.0245672 0.001324 4.28333e-05 0 0 0 0 0 0 0 0 0 0 0 0 0 
1 0.899269 0.614926 0.206649 0.0243333 0.001329 4.63333e-05 8.33333e-07 0 0 0 0 0 0 0 0 0 0 0 0 
1 0.900151 0.616898 0.207762 0.0249905 0.001503 7.56667e-05 6.66667e-06 1.66667e-07 0 0 0 0 0 0 0 0 0 0 0 
1 0.900034 0.617309 0.20914 0.0254227 0.00143333 5.43333e-05 1e-06 0 0 0 0 0 0 0 0 0 0 0 0 
1 0.900685 0.618738 0.211396 0.0263552 0.001664 6.7e-05 1e-06 0 0 0 0 0 0 0 0 0 0 0 0 
1 0.899622 0.616195 0.209059 0.0260022 0.00155317 5.21667e-05 1.66667e-07 0 0 0 0 0 0 0 0 0 0 0 0 
1 0.900105 0.617361 0.209706 0.0260547 0.00165767 0.000102 3.16667e-06 3.33333e-07 0 0 0 0 0 0 0 0 0 0 0 
1 0.900071 0.616786 0.209338 0.0255932 0.001636 0.000105 3.5e-06 0 0 0 0 0 0 0 0 0 0 0 0 
1 0.899677 0.616746 0.209239 0.025802 0.001561 0.000109333 8e-06 0 0 0 0 0 0 0 0 0 0 0 0 
1 0.900772 0.618446 0.21072 0.02559 0.00128833 2.3e-05 0 0 0 0 0 0 0 0 0 0 0 0 0 
1 0.900428 0.618076 0.209948 0.0258783 0.00157183 0.000107667 1.33333e-05 1.66667e-07 0 0 0 0 0 0 0 0 0 0 0 
1 0.899611 0.616189 0.20829 0.0252675 0.00151283 8.96667e-05 5.16667e-06 0 0 0 0 0 0 0 0 0 0 0 0 
1 0.899996 0.616834 0.208812 0.0254347 0.001493 5.16667e-05 5e-07 0 0 0 0 0 0 0 0 0 0 0 0 
1 0.899351 0.615151 0.207951 0.0255383 0.00140667 3.55e-05 3.33333e-07 0 0 0 0 0 0 0 0 0 0 0 0 
1 0.89997 0.617058 0.209168 0.0260427 0.0015315 8.26667e-05 2.5e-06 0 0 0 0 0 0 0 0 0 0 0 0 
1 0.899577 0.616014 0.208587 0.0254082 0.0014955 4.56667e-05 3.33333e-07 0 0 0 0 0 0 0 0 0 0 0 0 
1 0.900049 0.616997 0.209701 0.0264875 0.001621 4.98333e-05 3.33333e-07 0 0 0 0 0 0 0 0 0 0 0 0 
1 0.899706 0.615501 0.208048 0.025873 0.0016345 8.83333e-05 2.5e-06 0 0 0 0 0 0 0 0 0 0 0 0 
1 0.899649 0.616079 0.20789 0.0250575 0.0014845 5.35e-05 3.33333e-07 0 0 0 0 0 0 0 0 0 0 0 0 
1 0.900025 0.61691 0.209413 0.0260977 0.0017505 0.000111333 1.83333e-06 0 0 0 0 0 0 0 0 0 0 0 0 
1 0.900132 0.61729 0.209812 0.025994 0.001637 6.96667e-05 5e-07 0 0 0 0 0 0 0 0 0 0 0 0 
1 0.899365 0.614372 0.206601 0.0248598 0.00138667 5.93333e-05 1e-06 0 0 0 0 0 0 0 0 0 0 0 0 
1 0.899227 0.614576 0.207175 0.0257185 0.0018185 0.0001725 1.61667e-05 0 0 0 0 0 0 0 0 0 0 0 0 
1 0.899853 0.61613 0.20858 0.0257672 0.00162683 8.76667e-05 7.16667e-06 0 0 0 0 0 0 0 0 0 0 0 0 
