1 0.699496 0.32764 0.100007 0.022693 0.004494 0.000773 0.000123 1.5e-05 2e-06 0 0 0 0 0 0 0 0 0 0 
1 0.699705 0.32647 0.099472 0.022593 0.004302 0.00076 0.000114 1.2e-05 1e-06 0 0 0 0 0 0 0 0 0 0 
1 0.699551 0.327677 0.09928 0.022185 0.00426 0.000748 0.000119 1e-05 1e-06 0 0 0 0 0 0 0 0 0 0 
1 0.699683 0.327522 0.099469 0.022536 0.00444 0.000762 0.000158 3.9e-05 6e-06 5.19462e-17 0 0 0 0 0 0 0 0 0 
1 0.701018 0.329147 0.100433 0.022709 0.004421 0.000724 0.000125 1.8e-05 3e-06 4.5004e-17 0 0 0 0 0 0 0 0 0 
1 0.700165 0.328578 0.099195 0.022185 0.004281 0.000805 0.000167 4.1e-05 9e-06 0 0 0 0 0 0 0 0 0 0 
1 0.699465 0.326677 0.099428 0.022295 0.004313 0.000819 0.000161 3e-05 4e-06 0 0 0 0 0 0 0 0 0 0 
1 0.699658 0.327923 0.099204 0.02214 0.004196 0.000746 0.000137 3.4e-05 3e-06 2e-06 0 0 0 0 0 0 0 0 0 
1 0.70019 0.328012 0.099395 0.022786 0.004402 0.000806 0.000137 2.4e-05 2e-06 0 0 0 0 0 0 0 0 0 0 
1 0.699519 0.326543 0.098559 0.02221 0.004246 0.000772 0.00013 2.1e-05 1e-06 0 0 0 0 0 0 0 0 0 0 
1 0.700128 0.327529 0.098711 0.022069 0.004175 0.000682 0.000108 1.3e-05 3e-06 0 0 0 0 0 0 0 0 0 0 
1 0.69965 0.326712 0.098831 0.02195 0.004131 0.000739 0.000135 2.3e-05 2e-06 0 0 0 0 0 0 0 0 0 0 
1 0.699898 0.328155 0.099475 0.022354 0.004236 0.000739 0.000123 3.7e-05 1.5e-05 1e-05 5e-06 4e-06 3e-06 0 0 0 0 0 0 
1 0.700781 0.328057 0.099519 0.021917 0.004107 0.000712 0.000111 2e-05 2e-06 0 0 0 0 0 0 0 0 0 0 
1 0.699728 0.3281 0.099206 0.022224 0.004206 0.0007 0.000124 3.3e-05 9e-06 0 0 0 0 0 0 0 0 0 0 
1 0.699821 0.327249 0.097842 0.021727 0.004172 0.000695 0.000115 1.1e-05 1e-06 0 0 0 0 0 0 0 0 0 0 
1 0.700714 0.328443 0.09873 0.022197 0.004287 0.000771 0.00011 1.1e-05 1e-06 1e-06 0 0 0 0 0 0 0 0 0 
1 0.699519 0.327234 0.099349 0.022659 0.004514 0.000797 0.000152 3.6e-05 1.3e-05 1e-06 0 0 0 0 0 0 0 0 0 
1 0.699664 0.326679 0.09897 0.022387 0.004428 0.000788 0.000134 2.1e-05 1e-06 0 0 0 0 0 0 0 0 0 0 
1 0.700277 0.326642 0.098931 0.022077 0.00415 0.000726 8.5e-05 1.4e-05 1e-06 0 0 0 0 0 0 0 0 0 0 
1 0.699311 0.326452 0.098366 0.021733 0.00416 0.000663 0.000101 1.3e-05 4.33514e-18 0 0 0 0 0 0 0 0 0 0 
1 0.700017 0.326866 0.098856 0.022077 0.004344 0.000753 0.000138 1.7e-05 1e-06 0 0 0 0 0 0 0 0 0 0 
1 0.699608 0.326347 0.09926 0.022579 0.004342 0.000736 0.000147 2e-05 3e-06 2e-06 0 0 0 0 0 0 0 0 0 
1 0.699148 0.325781 0.098178 0.021939 0.004192 0.000733 9.5e-05 1.1e-05 2e-06 0 0 0 0 0 0 0 0 0 0 
1 0.699553 0.326818 0.098923 0.021941 0.004125 0.000768 0.000122 1.3e-05 3e-06 0 0 0 0 0 0 0 0 0 0 
1 0.70035 0.327175 0.098452 0.022154 0.00422 0.000753 0.000127 2.4e-05 6e-06 3e-06 2e-06 0 0 0 0 0 0 0 0 
1 0.699668 0.327872 0.099249 0.022164 0.004282 0.000744 0.00014 2.8e-05 4e-06 2e-06 0 0 0 0 0 0 0 0 0 
1 0.700862 0.32842 0.099168 0.022083 0.004279 0.000722 0.000141 2.9e-05 1.7e-05 1.1e-05 7e-06 2e-06 2.15256e-17 2.15253e-17 0 0 0 0 0 
1 0.699482 0.326922 0.099557 0.022456 0.004196 0.000804 0.000145 1.9e-05 1e-06 0 0 0 0 0 0 0 0 0 0 
1 0.699143 0.327322 0.098917 0.022141 0.004168 0.000735 0.00014 3.1e-05 5e-06 3e-06 1e-06 0 0 0 0 0 0 0 0 
1 0.700199 0.328034 0.099144 0.022237 0.004243 0.000728 0.000126 1.9e-05 3e-06 0 0 0 0 0 0 0 0 0 0 
1 0.699464 0.327313 0.098869 0.021892 0.004295 0.000736 9.4e-05 1.5e-05 7e-06 0 0 0 0 0 0 0 0 0 0 
1 0.700145 0.327512 0.099344 0.022289 0.004334 0.000792 0.000137 2.2e-05 2e-06 0 0 0 0 0 0 0 0 0 0 
1 0.699798 0.327593 0.099161 0.022194 0.004275 0.000752 0.000121 2.1e-05 3e-06 0 0 0 0 0 0 0 0 0 0 
1 0.700323 0.327896 0.0994 0.022665 0.00429 0.000745 0.000137 2.6e-05 7e-06 2e-06 0 0 0 0 0 0 0 0 0 
1 0.700021 0.327729 0.098907 0.021833 0.004087 0.000659 0.000126 1.6e-05 2e-06 0 0 0 0 0 0 0 0 0 0 
1 0.700336 0.328271 0.099529 0.022423 0.004345 0.000795 0.000139 1.6e-05 0 0 0 0 0 0 0 0 0 0 0 
1 0.700159 0.326996 0.098793 0.021809 0.004192 0.0007 0.000114 1e-05 1e-06 0 0 0 0 0 0 0 0 0 0 
1 0.699261 0.32687 0.099404 0.022331 0.004375 0.000826 0.000144 1.8e-05 2e-06 0 0 0 0 0 0 0 0 0 0 
1 0.699345 0.327244 0.099464 0.022218 0.004199 0.000707 0.000102 2.4e-05 6e-06 0 0 0 0 0 0 0 0 0 0 
1 0.70048 0.32814 0.099049 0.022238 0.004306 0.000722 0.000139 2.5e-05 7e-06 3.04412e-17 0 0 0 0 0 0 0 0 0 
1 0.700359 0.327776 0.098924 0.021854 0.004181 0.000706 0.000121 2.3e-05 5e-06 1e-06 0 0 0 0 0 0 0 0 0 
1 0.699693 0.327387 0.099106 0.022189 0.004187 0.000689 9.4e-05 1.4e-05 1e-06 0 0 0 0 0 0 0 0 0 0 
1 0.699582 0.327128 0.099527 0.022438 0.004325 0.000769 0.00015 2.2e-05 4e-06 0 0 0 0 0 0 0 0 0 0 
1 0.700828 0.327778 0.099105 0.021854 0.00417 0.000745 0.000129 2.5e-05 5.09168e-17 0 0 0 0 0 0 0 0 0 0 
1 0.699562 0.326907 0.098597 0.022108 0.004301 0.000777 0.000148 2.5e-05 3e-06 1e-06 0 0 0 0 0 0 0 0 0 
1 0.699883 0.328128 0.099439 0.022376 0.004287 0.000784 0.000128 2.3e-05 1.3e-05 9e-06 7e-06 2e-06 0 0 0 0 0 0 0 
1 0.699897 0.327503 0.099425 0.022118 0.004266 0.000727 0.000125 2.3e-05 5e-06 1e-06 0 0 0 0 0 0 0 0 0 
1 0.699449 0.327738 0.099217 0.022013 0.004144 0.000773 0.000137 1.4e-05 1e-06 0 0 0 0 0 0 0 0 0 0 
1 0.700519 0.328715 0.099414 0.022533 0.004382 0.000799 0.000128 1.2e-05 2e-06 0 0 0 0 0 0 0 0 0 0 
1 0.699518 0.326659 0.09821 0.022046 0.004024 0.000629 0.000104 2.1e-05 6e-06 1e-06 0 0 0 0 0 0 0 0 0 
1 0.699911 0.327171 0.099587 0.022477 0.004347 0.000787 0.000144 1.8e-05 3e-06 1e-06 0 0 0 0 0 0 0 0 0 
1 0.700258 0.327322 0.099023 0.022173 0.004217 0.000769 0.000121 2.8e-05 5.46471e-17 0 0 0 0 0 0 0 0 0 0 
1 0.699155 0.326982 0.099303 0.022357 0.004294 0.00084 0.000149 2.9e-05 6e-06 2e-06 0 0 0 0 0 0 0 0 0 
1 0.700278 0.327442 0.098949 0.022283 0.004324 0.000749 0.000124 2.1e-05 5e-06 0 0 0 0 0 0 0 0 0 0 
1 0.701166 0.327546 0.098876 0.02245 0.004219 0.000767 0.000145 1.5e-05 4.60193e-17 0 0 0 0 0 0 0 0 0 0 
1 0.701017 0.328613 0.100082 0.022705 0.004409 0.000864 0.000167 3e-05 8e-06 1e-06 0 0 0 0 0 0 0 0 0 
1 0.700164 0.327525 0.098435 0.022153 0.004054 0.000678 0.00011 2e-05 3e-06 0 0 0 0 0 0 0 0 0 0 
1 0.700381 0.32779 0.099498 0.022036 0.00432 0.000759 0.000122 1.7e-05 2e-06 4.08765e-17 0 0 0 0 0 0 0 0 0 
1 0.700517 0.327139 0.099093 0.022266 0.004342 0.000789 0.000139 2.1e-05 4e-06 0 0 0 0 0 0 0 0 0 0 
1 0.700514 0.327975 0.099046 0.022586 0.004389 0.000772 0.000137 2.1e-05 6e-06 1e-06 0 0 0 0 0 0 0 0 0 
1 0.699795 0.32775 0.098935 0.022192 0.004342 0.00078 0.000145 2e-05 2e-06 0 0 0 0 0 0 0 0 0 0 
1 0.700101 0.328506 0.09906 0.021889 0.00415 0.000744 0.000137 2.8e-05 5e-06 2e-06 5.55112e-17 0 0 0 0 0 0 0 0 
1 0.700625 0.326965 0.099343 0.022344 0.004274 0.000771 0.000139 3.1e-05 6e-06 1e-06 0 0 0 0 0 0 0 0 0 
1 0.699928 0.327327 0.09941 0.022284 0.004262 0.000819 0.000134 3e-05 9e-06 2e-06 1e-06 0 0 0 0 0 0 0 0 
1 0.699641 0.327017 0.098402 0.021884 0.004021 0.000667 0.000119 1.6e-05 2e-06 0 0 0 0 0 0 0 0 0 0 
1 0.700227 0.327971 0.099459 0.022169 0.004218 0.000726 0.000118 1.5e-05 5e-06 0 0 0 0 0 0 0 0 0 0 
1 0.698565 0.326854 0.098892 0.021957 0.004153 0.000703 0.000122 1.9e-05 1e-06 0 0 0 0 0 0 0 0 0 0 
1 0.700452 0.327467 0.098751 0.022034 0.004097 0.000718 0.000123 3.2e-05 5e-06 2e-06 0 0 0 0 0 0 0 0 0 
1 0.6992 0.327604 0.099206 0.022247 0.004231 0.00077 0.000119 1e-05 2e-06 0 0 0 0 0 0 0 0 0 0 
1 0.699775 0.328454 0.098361 0.021912 0.00407 0.00075 0.000135 1.7e-05 2e-06 0 0 0 0 0 0 0 0 0 0 
1 0.698896 0.327229 0.099205 0.021866 0.004108 0.000742 0.000118 1.5e-05 3e-06 2e-06 0 0 0 0 0 0 0 0 0 
1 0.699591 0.326544 0.099179 0.022298 0.004343 0.000715 0.00011 1e-05 1e-06 5.01701e-17 0 0 0 0 0 0 0 0 0 
1 0.699493 0.327549 0.099205 0.02244 0.004376 0.000766 0.000134 2.4e-05 6e-06 2e-06 4.88504e-17 0 0 0 0 0 0 0 0 
1 0.699534 0.327563 0.099512 0.022419 0.0042 0.000722 0.00012 2.4e-05 3e-06 1e-06 0 0 0 0 0 0 0 0 0 
1 0.701008 0.328016 0.099755 0.022358 0.00433 0.000766 0.000145 2.4e-05 4.68875e-18 0 0 0 0 0 0 0 0 0 0 
1 0.69909 0.326263 0.098257 0.022179 0.004161 0.0007 0.000106 1.2e-05 4e-06 0 0 0 0 0 0 0 0 0 0 
1 0.700207 0.327624 0.09909 0.022349 0.00423 0.000773 0.000145 3.2e-05 7e-06 2e-06 0 0 0 0 0 0 0 0 0 
1 0.700766 0.328772 0.100029 0.022657 0.004424 0.000819 0.000192 4.2e-05 1.2e-05 1e-06 5.05271e-17 0 0 0 0 0 0 0 0 
1 0.699771 0.326733 0.099071 0.022763 0.004496 0.000887 0.000169 2.6e-05 6e-06 0 0 0 0 0 0 0 0 0 0 
1 0.699979 0.327421 0.098775 0.022489 0.004278 0.000794 0.00014 2.6e-05 6e-06 2e-06 0 0 0 0 0 0 0 0 0 
1 0.701171 0.328704 0.099623 0.022332 0.004308 0.000761 0.000134 1.4e-05 3.87862e-17 0 0 0 0 0 0 0 0 0 0 
1 0.699926 0.326198 0.098384 0.021769 0.004148 0.000727 0.000148 3.2e-05 8e-06 0 0 0 0 0 0 0 0 0 0 
1 0.700819 0.328233 0.099603 0.022384 0.004215 0.000764 0.000124 2.2e-05 4e-06 1e-06 0 0 0 0 0 0 0 0 0 
1 0.700818 0.328508 0.100207 0.022477 0.004149 0.000692 0.000104 9e-06 1e-06 0 0 0 0 0 0 0 0 0 0 
1 0.69967 0.3265 0.098501 0.022228 0.004356 0.000734 0.000118 1.7e-05 2e-06 1e-06 0 0 0 0 0 0 0 0 0 
1 0.699013 0.32645 0.097994 0.021701 0.003958 0.000673 0.000132 2.1e-05 3e-06 1e-06 0 0 0 0 0 0 0 0 0 
1 0.699164 0.326731 0.098951 0.022243 0.004143 0.000739 0.000135 3e-05 6e-06 2e-06 1e-06 4.08376e-17 0 0 0 0 0 0 0 
1 0.701141 0.328492 0.099818 0.022424 0.004163 0.000698 0.000135 2.5e-05 6e-06 1e-06 0 0 0 0 0 0 0 0 0 
1 0.700885 0.329267 0.099947 0.022439 0.004294 0.000702 0.000115 1.8e-05 3e-06 0 0 0 0 0 0 0 0 0 0 
1 0.700449 0.327712 0.098722 0.021794 0.004029 0.000732 0.000115 1.9e-05 6e-06 2e-06 5.50429e-17 0 0 0 0 0 0 0 0 
1 0.701912 0.329523 0.099901 0.022891 0.004521 0.000771 0.000135 2.7e-05 5e-06 0 0 0 0 0 0 0 0 0 0 
1 0.698627 0.327221 0.098877 0.021923 0.00416 0.000701 0.000144 2.5e-05 2e-06 0 0 0 0 0 0 0 0 0 0 
1 0.698976 0.327 0.099236 0.022044 0.004091 0.000673 9.8e-05 1.6e-05 2e-06 0 0 0 0 0 0 0 0 0 0 
1 0.699533 0.326795 0.098403 0.021904 0.004161 0.000671 9.7e-05 5e-06 5.08074e-17 0 0 0 0 0 0 0 0 0 0 
1 0.699722 0.327969 0.100119 0.022717 0.004457 0.000831 0.000138 2.4e-05 3e-06 0 0 0 0 0 0 0 0 0 0 
1 0.699694 0.327525 0.098954 0.022042 0.004151 0.000701 0.000102 1.4e-05 2e-06 0 0 0 0 0 0 0 0 0 0 
1 0.699935 0.327801 0.099068 0.022058 0.004154 0.000706 0.000112 2.1e-05 2e-06 0 0 0 0 0 0 0 0 0 0 
1 0.700473 0.327804 0.099143 0.022045 0.004272 0.000756 0.000127 1.7e-05 3e-06 2.64333e-17 0 0 0 0 0 0 0 0 0 
1 0.701259 0.32887 0.099888 0.022764 0.00432 0.000803 0.000141 2.1e-05 0 0 0 0 0 0 0 0 0 0 0 
1 0.699096 0.32699 0.099176 0.022258 0.004235 0.000714 0.000103 8e-06 4.80238e-17 0 0 0 0 0 0 0 0 0 0 
1 0.700215 0.3273 0.098996 0.022484 0.004305 0.000774 0.000133 2.1e-05 0 0 0 0 0 0 0 0 0 0 0 
1 0.699597 0.327532 0.099615 0.022353 0.004257 0.000711 0.000126 2.2e-05 7e-06 1e-06 0 0 0 0 0 0 0 0 0 
1 0.699384 0.326381 0.09879 0.022093 0.004213 0.000759 0.000145 3.6e-05 1e-05 6e-06 1e-06 0 0 0 0 0 0 0 0 
1 0.699845 0.328228 0.099733 0.022255 0.004305 0.000805 0.000161 2.8e-05 6e-06 1e-06 0 0 0 0 0 0 0 0 0 
1 0.700083 0.327537 0.098821 0.021797 0.004165 0.000756 0.000172 3.3e-05 3e-06 0 0 0 0 0 0 0 0 0 0 
1 0.69946 0.327489 0.098878 0.022193 0.004199 0.000707 0.000117 2.4e-05 1e-05 2e-06 0 0 0 0 0 0 0 0 0 
1 0.70052 0.327828 0.09932 0.02214 0.004303 0.000783 0.000129 2e-05 6e-06 0 0 0 0 0 0 0 0 0 0 
1 0.699436 0.326859 0.099441 0.022769 0.004412 0.000804 0.000126 1.1e-05 1e-06 0 0 0 0 0 0 0 0 0 0 
1 0.7008 0.327903 0.098671 0.021985 0.00412 0.000719 0.000129 1.6e-05 2e-06 3.09958e-17 0 0 0 0 0 0 0 0 0 
1 0.699382 0.328311 0.099793 0.022432 0.004302 0.000787 0.000141 2.4e-05 5e-06 2e-06 2e-06 0 0 0 0 0 0 0 0 
1 0.700168 0.327422 0.099027 0.021992 0.004217 0.000789 0.000142 1.7e-05 8.71747e-18 0 0 0 0 0 0 0 0 0 0 
1 0.700063 0.327671 0.099031 0.022402 0.004366 0.00078 0.000155 1.9e-05 3e-06 1e-06 0 0 0 0 0 0 0 0 0 
1 0.700155 0.328023 0.099788 0.022402 0.004299 0.000748 0.000152 3.6e-05 1e-05 3e-06 0 0 0 0 0 0 0 0 0 
1 0.700522 0.327063 0.098882 0.022573 0.00433 0.000751 0.000125 1.6e-05 2e-06 0 0 0 0 0 0 0 0 0 0 
1 0.700383 0.327825 0.098996 0.022119 0.004214 0.000698 0.000117 2e-05 4e-06 0 0 0 0 0 0 0 0 0 0 
1 0.700338 0.328252 0.099596 0.022081 0.004198 0.000851 0.000136 2.1e-05 3e-06 1e-06 0 0 0 0 0 0 0 0 0 
1 0.699354 0.326597 0.098644 0.022221 0.00425 0.000762 0.00013 3.1e-05 8e-06 1e-06 0 0 0 0 0 0 0 0 0 
1 0.699959 0.327977 0.099817 0.022576 0.00447 0.000794 0.000135 2.6e-05 5e-06 5.50004e-18 0 0 0 0 0 0 0 0 0 
1 0.699707 0.326513 0.099054 0.02208 0.004238 0.000763 0.000148 2.3e-05 2e-06 0 0 0 0 0 0 0 0 0 0 
1 0.700857 0.328401 0.099662 0.022348 0.004213 0.000751 0.000136 2e-05 5e-06 2e-06 0 0 0 0 0 0 0 0 0 
1 0.700006 0.326532 0.098237 0.021832 0.004174 0.000733 0.000137 2.3e-05 5e-06 8.39967e-18 0 0 0 0 0 0 0 0 0 
1 0.700575 0.328207 0.099311 0.022074 0.004074 0.000734 0.000134 1.3e-05 2e-06 0 0 0 0 0 0 0 0 0 0 
1 0.699457 0.327582 0.099562 0.022457 0.004398 0.00077 0.000133 2.2e-05 5e-06 0 0 0 0 0 0 0 0 0 0 
1 0.701055 0.328551 0.099757 0.022645 0.004357 0.000833 0.000153 1.8e-05 5.48797e-17 0 0 0 0 0 0 0 0 0 0 
1 0.701257 0.327634 0.099517 0.022211 0.00416 0.000696 0.000118 9e-06 1.38575e-17 0 0 0 0 0 0 0 0 0 0 
1 0.700796 0.328185 0.099147 0.022294 0.004336 0.000786 0.000149 2.5e-05 8e-06 1e-06 0 0 0 0 0 0 0 0 0 
1 0.699968 0.328487 0.099562 0.0227 0.004381 0.000773 0.000142 2.3e-05 1e-06 0 0 0 0 0 0 0 0 0 0 
1 0.699401 0.32693 0.099108 0.022503 0.004388 0.000812 0.000146 2.9e-05 3e-06 0 0 0 0 0 0 0 0 0 0 
1 0.700866 0.328326 0.099418 0.022469 0.004266 0.000762 0.000139 1.8e-05 4e-06 0 0 0 0 0 0 0 0 0 0 
1 0.698937 0.32639 0.098526 0.021952 0.00424 0.000744 0.00013 1.6e-05 3e-06 0 0 0 0 0 0 0 0 0 0 
1 0.699501 0.326705 0.098841 0.022124 0.004147 0.000712 0.000103 1.6e-05 3e-06 0 0 0 0 0 0 0 0 0 0 
1 0.699997 0.326767 0.098802 0.021919 0.004147 0.000698 9.5e-05 1.3e-05 1.38323e-17 0 0 0 0 0 0 0 0 0 0 
1 0.698368 0.326734 0.098364 0.021943 0.004206 0.000689 0.000113 1.3e-05 3e-06 1e-06 0 0 0 0 0 0 0 0 0 
1 0.700397 0.328581 0.09952 0.022597 0.00429 0.000778 0.000121 1.8e-05 1e-06 0 0 0 0 0 0 0 0 0 0 
1 0.699005 0.326212 0.098239 0.02193 0.004078 0.000721 0.000105 1.8e-05 2e-06 0 0 0 0 0 0 0 0 0 0 
1 0.700012 0.328154 0.098529 0.021895 0.004106 0.000725 0.000112 1.5e-05 3e-06 2e-06 4.88723e-17 0 0 0 0 0 0 0 0 
1 0.700008 0.326136 0.09897 0.022089 0.004049 0.000729 0.000123 1.5e-05 3.54938e-17 0 0 0 0 0 0 0 0 0 0 
1 0.699817 0.326904 0.0987 0.022036 0.004176 0.000742 0.000148 2.4e-05 5e-06 0 0 0 0 0 0 0 0 0 0 
1 0.701227 0.328013 0.09909 0.022217 0.004219 0.000742 0.000139 2.5e-05 3e-06 0 0 0 0 0 0 0 0 0 0 
1 0.70029 0.327803 0.098991 0.022127 0.004167 0.000766 0.000108 1.4e-05 3e-06 1e-06 0 0 0 0 0 0 0 0 0 
1 0.700144 0.328168 0.099587 0.022247 0.004282 0.000721 0.000146 3.1e-05 5e-06 2.38259e-17 0 0 0 0 0 0 0 0 0 
1 0.700468 0.32794 0.099358 0.022103 0.004281 0.000758 0.000161 3.5e-05 1.1e-05 0 0 0 0 0 0 0 0 0 0 
1 0.699097 0.327287 0.098977 0.022181 0.004252 0.000748 0.000147 3.2e-05 2e-06 0 0 0 0 0 0 0 0 0 0 
1 0.699343 0.326791 0.099146 0.022156 0.004323 0.000715 0.000104 2e-05 1e-06 0 0 0 0 0 0 0 0 0 0 
1 0.700911 0.327885 0.099023 0.022381 0.004276 0.000732 0.000119 1.3e-05 5e-06 0 0 0 0 0 0 0 0 0 0 
1 0.700437 0.327534 0.09869 0.02182 0.004123 0.000748 0.000142 3.3e-05 3e-06 0 0 0 0 0 0 0 0 0 0 
1 0.699697 0.32659 0.098676 0.021982 0.004093 0.000721 0.000121 2.6e-05 9e-06 1e-06 0 0 0 0 0 0 0 0 0 
1 0.699357 0.326857 0.098952 0.021909 0.004195 0.000717 0.000108 1.8e-05 1e-06 1e-06 0 0 0 0 0 0 0 0 0 
1 0.700305 0.328601 0.099286 0.022235 0.004173 0.00074 0.000131 2.7e-05 7e-06 2e-06 1e-06 0 0 0 0 0 0 0 0 
1 0.699839 0.32776 0.098927 0.022032 0.004264 0.000742 0.00013 2.7e-05 1e-05 1.09279e-17 0 0 0 0 0 0 0 0 0 
1 0.700269 0.32761 0.098805 0.022134 0.004261 0.00072 0.00012 1.1e-05 1e-06 0 0 0 0 0 0 0 0 0 0 
1 0.700225 0.328027 0.099023 0.022046 0.004118 0.000671 0.00012 2.8e-05 1.1e-05 5e-06 1e-06 2.51765e-17 0 0 0 0 0 0 0 
1 0.699622 0.327734 0.099533 0.022526 0.004315 0.000748 0.000118 2e-05 2e-06 0 0 0 0 0 0 0 0 0 0 
1 0.700156 0.326943 0.098912 0.022097 0.004208 0.000719 0.000135 2.7e-05 5e-06 0 0 0 0 0 0 0 0 0 0 
1 0.699552 0.326479 0.098595 0.022113 0.004297 0.000771 0.0001 2.1e-05 2e-06 1.83442e-17 0 0 0 0 0 0 0 0 0 
1 0.700279 0.327674 0.099735 0.022545 0.004284 0.000758 0.000111 1.8e-05 4e-06 3e-06 1e-06 0 0 0 0 0 0 0 0 
1 0.699541 0.328127 0.099665 0.022706 0.004353 0.000775 0.000133 2.5e-05 6e-06 4e-06 1e-06 0 0 0 0 0 0 0 0 
1 0.699862 0.327997 0.099403 0.022308 0.004233 0.000727 0.000126 2.5e-05 4e-06 0 0 0 0 0 0 0 0 0 0 
1 0.700096 0.327814 0.09991 0.02245 0.00436 0.000812 0.00013 1.6e-05 1e-06 0 0 0 0 0 0 0 0 0 0 
1 0.698747 0.327035 0.099076 0.022259 0.004263 0.000733 0.000131 2.4e-05 5e-06 4e-06 1e-06 0 0 0 0 0 0 0 0 
1 0.699649 0.327265 0.099065 0.022168 0.004263 0.000788 0.000155 3.5e-05 6e-06 5e-06 1e-06 0 0 0 0 0 0 0 0 
1 0.700184 0.327821 0.098468 0.021904 0.004055 0.000665 7.9e-05 7e-06 1e-06 0 0 0 0 0 0 0 0 0 0 
1 0.699704 0.327086 0.098823 0.022193 0.004291 0.000794 0.000145 3.3e-05 3e-06 0 0 0 0 0 0 0 0 0 0 
1 0.699646 0.327048 0.098608 0.022 0.004265 0.000763 0.000168 3.5e-05 2e-06 0 0 0 0 0 0 0 0 0 0 
1 0.699631 0.327336 0.099393 0.022199 0.004135 0.000741 0.000147 3.3e-05 5e-06 0 0 0 0 0 0 0 0 0 0 
1 0.700965 0.328328 0.099989 0.022517 0.00432 0.000842 0.000158 2.9e-05 7e-06 1e-06 0 0 0 0 0 0 0 0 0 
1 0.699237 0.326468 0.098549 0.021939 0.004259 0.00077 0.000127 1.6e-05 5.55112e-17 0 0 0 0 0 0 0 0 0 0 
1 0.700642 0.32759 0.099309 0.022232 0.00437 0.00079 0.000125 2.4e-05 5e-06 2.60181e-17 0 0 0 0 0 0 0 0 0 
1 0.701265 0.328125 0.099265 0.022064 0.0042 0.000804 0.000178 3.9e-05 4e-06 4e-06 0 0 0 0 0 0 0 0 0 
1 0.698957 0.325779 0.098353 0.021938 0.004159 0.000769 0.000132 1.9e-05 3e-06 1e-06 0 0 0 0 0 0 0 0 0 
1 0.699283 0.326529 0.098995 0.02218 0.004079 0.000694 0.0001 1.3e-05 1e-06 0 0 0 0 0 0 0 0 0 0 
1 0.699407 0.327518 0.098961 0.022226 0.004272 0.00084 0.000161 4.2e-05 1.2e-05 4e-06 4.41588e-17 0 0 0 0 0 0 0 0 
1 0.698561 0.326321 0.098135 0.021776 0.00409 0.000699 0.00011 1.5e-05 1e-06 0 0 0 0 0 0 0 0 0 0 
1 0.700268 0.329033 0.0996 0.022114 0.004178 0.000726 0.000113 2.9e-05 9e-06 1e-06 2.54383e-17 0 0 0 0 0 0 0 0 
1 0.700818 0.327107 0.099126 0.0222 0.004315 0.000776 0.000154 1.8e-05 1e-06 1.12974e-17 0 0 0 0 0 0 0 0 0 
1 0.699928 0.327238 0.098252 0.021836 0.004089 0.000734 0.00013 1.8e-05 6e-06 0 0 0 0 0 0 0 0 0 0 
1 0.700451 0.327773 0.099357 0.022075 0.004136 0.000716 0.000144 2.1e-05 2e-06 1.54032e-17 0 0 0 0 0 0 0 0 0 
1 0.699466 0.327325 0.098902 0.022172 0.004235 0.000714 0.000123 9e-06 1e-06 0 0 0 0 0 0 0 0 0 0 
1 0.69981 0.327879 0.099343 0.022316 0.004129 0.000721 0.000133 2.5e-05 4e-06 0 0 0 0 0 0 0 0 0 0 
1 0.699747 0.326168 0.098507 0.022239 0.004357 0.000751 0.00013 2.4e-05 4e-06 1e-06 0 0 0 0 0 0 0 0 0 
1 0.700219 0.328412 0.099637 0.022252 0.004255 0.000768 0.000135 2.5e-05 6e-06 1e-06 0 0 0 0 0 0 0 0 0 
1 0.699363 0.327115 0.098633 0.021788 0.004018 0.000667 9.2e-05 2.3e-05 8e-06 1e-06 0 0 0 0 0 0 0 0 0 
1 0.699728 0.326859 0.098214 0.022138 0.004156 0.000772 0.000138 2.2e-05 4e-06 5.46294e-17 0 0 0 0 0 0 0 0 0 
1 0.699966 0.327464 0.098754 0.022421 0.004308 0.000771 0.000127 2.1e-05 4e-06 1e-06 0 0 0 0 0 0 0 0 0 
1 0.699831 0.327615 0.099105 0.021786 0.004128 0.000721 0.00011 2.6e-05 7e-06 5.55112e-17 0 0 0 0 0 0 0 0 0 
1 0.699613 0.326898 0.099022 0.022309 0.004324 0.00076 0.000126 1.4e-05 0 0 0 0 0 0 0 0 0 0 0 
1 0.700235 0.32753 0.098948 0.022547 0.004271 0.000764 0.000122 2e-05 2e-06 0 0 0 0 0 0 0 0 0 0 
1 0.701323 0.328279 0.099206 0.022177 0.004188 0.000702 0.000101 2e-05 3e-06 1e-06 0 0 0 0 0 0 0 0 0 
1 0.700416 0.327206 0.098764 0.021998 0.004207 0.000681 0.000122 2.4e-05 6e-06 0 0 0 0 0 0 0 0 0 0 
1 0.699552 0.326443 0.099258 0.022402 0.004255 0.000748 0.000101 1.6e-05 4e-06 0 0 0 0 0 0 0 0 0 0 
1 0.701123 0.328622 0.100154 0.02258 0.004331 0.000775 0.000138 1.7e-05 1e-06 0 0 0 0 0 0 0 0 0 0 
1 0.700949 0.327777 0.099694 0.022474 0.004196 0.000658 0.000106 6e-06 0 0 0 0 0 0 0 0 0 0 0 
1 0.698965 0.326109 0.098362 0.022233 0.004085 0.000695 0.000108 1.2e-05 3e-06 0 0 0 0 0 0 0 0 0 0 
1 0.699844 0.327303 0.098673 0.021875 0.004111 0.000766 0.00013 2.5e-05 7e-06 1e-06 0 0 0 0 0 0 0 0 0 
1 0.699481 0.326808 0.098496 0.021804 0.004038 0.000704 0.000147 2.9e-05 3e-06 0 0 0 0 0 0 0 0 0 0 
1 0.700099 0.328699 0.099897 0.022506 0.004337 0.000746 0.000155 2.7e-05 3e-06 0 0 0 0 0 0 0 0 0 0 
1 0.699876 0.327083 0.098488 0.021633 0.004033 0.000652 0.000104 1.9e-05 3e-06 2e-06 1e-06 0 0 0 0 0 0 0 0 
1 0.699777 0.328149 0.098739 0.021951 0.004134 0.000748 0.000134 1.8e-05 2e-06 0 0 0 0 0 0 0 0 0 0 
1 0.699695 0.328211 0.099542 0.022294 0.00422 0.000715 0.000125 1.4e-05 3e-06 0 0 0 0 0 0 0 0 0 0 
1 0.699939 0.328062 0.099323 0.022277 0.004231 0.000718 0.000102 1.1e-05 2e-06 0 0 0 0 0 0 0 0 0 0 
1 0.700019 0.327771 0.099308 0.022216 0.004175 0.000745 0.000165 3.3e-05 5e-06 0 0 0 0 0 0 0 0 0 0 
1 0.698857 0.326609 0.098625 0.022298 0.004278 0.000766 0.000157 2.2e-05 1e-05 1e-06 0 0 0 0 0 0 0 0 0 
1 0.701039 0.328361 0.099605 0.022071 0.004201 0.000739 0.000114 1.3e-05 2e-06 1e-06 0 0 0 0 0 0 0 0 0 
1 0.699829 0.327883 0.099583 0.02252 0.004246 0.00076 0.000118 1.5e-05 3e-06 0 0 0 0 0 0 0 0 0 0 
1 0.698676 0.327308 0.099067 0.022256 0.004135 0.000693 9.5e-05 1.6e-05 4.616e-17 4.616e-17 0 0 0 0 0 0 0 0 0 
1 0.699243 0.327463 0.099389 0.02235 0.004233 0.000765 0.000145 2.5e-05 6e-06 2e-06 0 0 0 0 0 0 0 0 0 
1 0.70003 0.327445 0.099858 0.022442 0.004222 0.000772 0.000119 1.7e-05 2e-06 4.07058e-17 0 0 0 0 0 0 0 0 0 
1 0.700414 0.327507 0.09996 0.022436 0.004305 0.000779 0.000143 2.4e-05 9e-06 4e-06 3e-06 0 0 0 0 0 0 0 0 
1 0.700811 0.328958 0.099756 0.022349 0.004308 0.000749 0.00011 1.2e-05 2e-06 0 0 0 0 0 0 0 0 0 0 
1 0.699076 0.326932 0.098961 0.022454 0.00437 0.000802 0.000177 2.9e-05 6e-06 0 0 0 0 0 0 0 0 0 0 
1 0.700226 0.327597 0.09984 0.022438 0.004346 0.000876 0.000166 3.1e-05 5e-06 0 0 0 0 0 0 0 0 0 0 
1 0.699236 0.326964 0.09884 0.022037 0.004158 0.000785 0.000176 2.6e-05 5e-06 0 0 0 0 0 0 0 0 0 0 
1 0.699851 0.326692 0.098387 0.021941 0.00418 0.000717 0.000139 2.8e-05 1.1e-05 1e-06 0 0 0 0 0 0 0 0 0 
1 0.699838 0.327787 0.099043 0.022384 0.00431 0.000768 0.000108 2e-05 4e-06 0 0 0 0 0 0 0 0 0 0 
1 0.700303 0.328332 0.099579 0.022333 0.004246 0.000703 0.000118 1.8e-05 4e-06 2e-06 0 0 0 0 0 0 0 0 0 
1 0.699998 0.327755 0.098812 0.022223 0.004248 0.000749 0.000131 2e-05 4e-06 0 0 0 0 0 0 0 0 0 0 
1 0.69963 0.32731 0.098377 0.022134 0.004152 0.000733 0.000132 2.8e-05 3e-06 0 0 0 0 0 0 0 0 0 0 
1 0.700446 0.327882 0.099093 0.022401 0.004311 0.000756 0.000138 2.7e-05 6e-06 2e-06 6.33937e-18 0 0 0 0 0 0 0 0 
1 0.700477 0.327924 0.099429 0.021991 0.00401 0.000617 7.7e-05 1.2e-05 1e-06 0 0 0 0 0 0 0 0 0 0 
1 0.700843 0.327131 0.098883 0.022211 0.004152 0.000733 0.000124 1.9e-05 2e-06 0 0 0 0 0 0 0 0 0 0 
1 0.699556 0.326674 0.09927 0.022095 0.004105 0.000713 0.000118 1.6e-05 4e-06 4e-06 1e-06 0 0 0 0 0 0 0 0 
1 0.700362 0.326942 0.098183 0.021859 0.004169 0.000733 9.9e-05 1.7e-05 3e-06 1e-06 0 0 0 0 0 0 0 0 0 
1 0.699682 0.326827 0.099663 0.022421 0.004372 0.000815 0.000136 1.7e-05 2.07176e-17 0 0 0 0 0 0 0 0 0 0 
1 0.701467 0.329304 0.10039 0.022491 0.004288 0.000747 0.000147 2.9e-05 4e-06 1e-06 0 0 0 0 0 0 0 0 0 
1 0.699626 0.326831 0.098975 0.022315 0.004295 0.000769 0.000132 1.4e-05 1e-06 0 0 0 0 0 0 0 0 0 0 
1 0.698998 0.326237 0.099099 0.021971 0.00413 0.000782 0.000142 2.5e-05 9e-06 2e-06 3.2517e-17 0 0 0 0 0 0 0 0 
1 0.69946 0.327215 0.099095 0.022362 0.004183 0.000722 0.000102 1.8e-05 1e-06 0 0 0 0 0 0 0 0 0 0 
1 0.700399 0.327599 0.099146 0.022104 0.004222 0.000714 0.000106 2.1e-05 3e-06 4.27308e-17 0 0 0 0 0 0 0 0 0 
1 0.699595 0.327576 0.099538 0.022305 0.004378 0.000764 0.000128 2.2e-05 3e-06 2e-06 0 0 0 0 0 0 0 0 0 
