1 0.949696 0.835167 0.648645 0.444571 0.281569 0.171178 0.102349 0.0610335 0.036332 0.021576 0.012831 0.007515 0.004307 0.0023895 0.001235 0.000599 0.000294 0.0001475 7.2e-05 
1 0.950254 0.836827 0.650844 0.447753 0.284099 0.173344 0.103924 0.061371 0.0361505 0.0209835 0.0121 0.0068005 0.0038295 0.0022025 0.001387 0.000902 0.000619 0.0004065 0.0002535 
1 0.950325 0.83784 0.653117 0.449602 0.286783 0.176039 0.105924 0.063076 0.03728 0.021848 0.0126635 0.007302 0.004255 0.002424 0.001316 0.0006825 0.0003725 0.000199 7.7e-05 
1 0.949812 0.835432 0.649034 0.444716 0.282019 0.173003 0.104886 0.063452 0.0383025 0.023032 0.0137245 0.008223 0.004941 0.002951 0.0018035 0.0011405 0.000722 0.000477 0.000315 
1 0.950449 0.837103 0.65147 0.448626 0.286264 0.176584 0.107834 0.065739 0.040331 0.0250995 0.0158725 0.0103345 0.0069455 0.0048855 0.0036145 0.0027705 0.002207 0.0017445 0.0013095 
1 0.949903 0.835344 0.648196 0.443575 0.280483 0.170353 0.101867 0.0607425 0.03596 0.0212695 0.012473 0.0070725 0.0041105 0.0023825 0.0014415 0.000874 0.0005855 0.000393 0.000239 
1 0.949965 0.836046 0.649797 0.4463 0.283709 0.173838 0.105482 0.064108 0.0394035 0.024497 0.015471 0.00999 0.0064615 0.004246 0.0027825 0.0017985 0.001175 0.0007555 0.0004635 
1 0.950034 0.835984 0.650416 0.446602 0.284032 0.174872 0.105898 0.063189 0.037616 0.0223715 0.0131995 0.007909 0.0048925 0.00313 0.0019945 0.0012365 0.0007415 0.0004035 0.0002155 
1 0.95017 0.837199 0.652429 0.449434 0.286261 0.17559 0.106563 0.06392 0.037935 0.0220635 0.012391 0.0067885 0.003768 0.002183 0.0012955 0.0007215 0.0003815 0.0001895 8.65e-05 
1 0.950649 0.838239 0.653028 0.448619 0.284276 0.173464 0.104821 0.063022 0.037498 0.0223075 0.012997 0.0075195 0.004445 0.002668 0.0015835 0.00099 0.0006215 0.0004175 0.0002945 
1 0.949843 0.836249 0.650359 0.447144 0.284915 0.175709 0.107485 0.0656155 0.0400495 0.024489 0.0148865 0.0090165 0.005341 0.003072 0.001638 0.0008185 0.0003945 0.000218 0.0001225 
1 0.950375 0.836904 0.65078 0.445504 0.28091 0.170314 0.101191 0.0590475 0.0339795 0.019423 0.0110425 0.006271 0.003558 0.0021605 0.001331 0.000823 0.000515 0.0003235 0.000178 
1 0.950455 0.837541 0.65235 0.449854 0.288069 0.178756 0.109616 0.06761 0.0417365 0.0260085 0.016516 0.010638 0.006873 0.004441 0.0028515 0.001826 0.0011505 0.0007215 0.0005135 
1 0.94962 0.835726 0.649492 0.44511 0.281665 0.172257 0.103817 0.0630695 0.0384795 0.0235625 0.0147445 0.009564 0.0063285 0.004129 0.0025915 0.001586 0.000951 0.000511 0.0002165 
1 0.949869 0.83574 0.649173 0.444756 0.281925 0.173204 0.104788 0.062946 0.0377325 0.022608 0.013598 0.0081555 0.004905 0.003005 0.001838 0.0011235 0.000685 0.0004305 0.000287 
1 0.950239 0.836868 0.650846 0.447699 0.284304 0.172904 0.103101 0.0605685 0.0355435 0.020694 0.0122755 0.007226 0.0040595 0.002176 0.001133 0.00056 0.000236 9.55e-05 3.95e-05 
1 0.950219 0.83692 0.650743 0.445978 0.282125 0.172312 0.103371 0.061532 0.036387 0.021373 0.0125405 0.0073545 0.0042145 0.0023415 0.001353 0.0008165 0.0004995 0.000319 0.000227 
1 0.949561 0.834239 0.645726 0.440421 0.277966 0.169774 0.102892 0.062408 0.037507 0.022058 0.0129465 0.007705 0.0046925 0.0029055 0.001809 0.0011675 0.0007505 0.0004655 0.000249 
1 0.950411 0.836568 0.651159 0.448281 0.286496 0.176972 0.108004 0.065295 0.039186 0.0235355 0.0139335 0.00798 0.0045225 0.002532 0.001333 0.000646 0.0002795 0.000143 6.85e-05 
1 0.950048 0.836525 0.651486 0.448486 0.285274 0.174697 0.105035 0.062628 0.0372265 0.0219585 0.0130265 0.0076275 0.0044195 0.0024675 0.0013835 0.0007445 0.000394 0.000218 0.0001115 
1 0.950294 0.837372 0.652686 0.45083 0.289763 0.180555 0.111581 0.0693505 0.0435575 0.027711 0.0181115 0.011758 0.007512 0.004788 0.0030795 0.0019975 0.001281 0.0008055 0.000513 
1 0.950805 0.83926 0.656028 0.455091 0.292199 0.181058 0.110432 0.0675985 0.041462 0.0251195 0.015128 0.008916 0.0051745 0.00293 0.0017335 0.001162 0.0008385 0.0006185 0.00044 
1 0.950021 0.836136 0.650259 0.446473 0.284025 0.174465 0.106064 0.0645095 0.039069 0.023818 0.0146965 0.0091415 0.005679 0.0034715 0.0020995 0.001284 0.0007495 0.000393 0.000191 
1 0.949909 0.836523 0.649566 0.443663 0.278324 0.167676 0.099371 0.0584495 0.0342635 0.019834 0.0115105 0.0066095 0.003877 0.0022895 0.0013665 0.000803 0.0004725 0.000261 0.0001215 
1 0.948848 0.832851 0.643992 0.438549 0.275779 0.167322 0.0992505 0.058842 0.0344665 0.0199215 0.011422 0.0067085 0.004095 0.002554 0.0015905 0.001034 0.0007155 0.000497 0.000332 
1 0.950518 0.83795 0.653116 0.45012 0.287547 0.177415 0.107636 0.0648055 0.0385905 0.0228215 0.013511 0.0081085 0.0048635 0.0028985 0.001646 0.0009315 0.0005155 0.0002305 9.8e-05 
1 0.949972 0.83632 0.650327 0.447156 0.283902 0.173329 0.104402 0.0627005 0.038094 0.023088 0.0138005 0.008306 0.0050315 0.0031345 0.002008 0.001265 0.0007815 0.0004885 0.0003225 
1 0.949499 0.834884 0.647871 0.442288 0.279159 0.171129 0.103785 0.0626565 0.037749 0.0226595 0.0137275 0.0084795 0.0053355 0.003386 0.0020955 0.001246 0.0007855 0.000505 0.000327 
1 0.950383 0.837014 0.650668 0.446412 0.282217 0.171372 0.102314 0.0608975 0.036497 0.0216725 0.0126875 0.0073925 0.0042685 0.002408 0.0013245 0.000719 0.000378 0.0002155 0.0001205 
1 0.950256 0.837317 0.65204 0.44923 0.285167 0.174349 0.104551 0.062458 0.0374025 0.022547 0.0133845 0.0079585 0.004669 0.002726 0.0015335 0.000791 0.0003635 0.0001375 3.05e-05 
1 0.950046 0.836179 0.649642 0.446658 0.284422 0.174571 0.10459 0.0622285 0.036814 0.0218025 0.012948 0.007518 0.0042715 0.002302 0.0011505 0.0005345 0.00025 9e-05 2.2e-05 
1 0.950337 0.837177 0.651685 0.448755 0.286263 0.176112 0.107018 0.064423 0.0388995 0.0237535 0.014379 0.0086015 0.005024 0.00291 0.0018115 0.0011495 0.0007355 0.000482 0.000281 
1 0.950541 0.837327 0.653243 0.450628 0.28699 0.175969 0.106227 0.06349 0.037906 0.0226005 0.0134495 0.0080125 0.004812 0.0028345 0.0016 0.000833 0.000379 0.000131 3.8e-05 
1 0.949055 0.83326 0.643818 0.437911 0.275278 0.167405 0.100817 0.0602635 0.0356 0.0210785 0.012577 0.007672 0.0048175 0.0030735 0.001996 0.001267 0.0008135 0.000512 0.000327 
1 0.950702 0.837946 0.65257 0.448924 0.285814 0.175363 0.1065 0.0640505 0.0382935 0.022677 0.013532 0.008166 0.004961 0.0030355 0.001793 0.0009675 0.0004915 0.000214 6.5e-05 
1 0.94978 0.834734 0.647094 0.441949 0.278574 0.170032 0.10322 0.062811 0.03816 0.0230225 0.013806 0.008316 0.0052315 0.003419 0.002284 0.0015195 0.0009595 0.000604 0.0003575 
1 0.949516 0.834698 0.646965 0.441787 0.277843 0.168026 0.100338 0.059698 0.0352795 0.0208115 0.0124395 0.0077255 0.004886 0.0031275 0.0019375 0.0012495 0.0008255 0.0005365 0.0003355 
1 0.950368 0.837324 0.652098 0.448666 0.285923 0.176005 0.107588 0.0655805 0.039999 0.024654 0.0153935 0.0097225 0.006281 0.0041495 0.002725 0.001741 0.0010545 0.000575 0.0003015 
1 0.94973 0.835031 0.647912 0.443675 0.280721 0.172248 0.104207 0.0625495 0.037419 0.0222595 0.013052 0.0076465 0.00452 0.002709 0.0015615 0.0008985 0.0005155 0.0003195 0.0001995 
1 0.949932 0.835842 0.649561 0.444811 0.281707 0.171577 0.102781 0.0608895 0.0356065 0.020613 0.0115325 0.0061945 0.003219 0.0015875 0.0007875 0.000408 0.0002375 0.000174 0.0001405 
1 0.949462 0.834769 0.646879 0.441256 0.278461 0.169728 0.102034 0.06184 0.037544 0.0229255 0.0141665 0.008556 0.0050555 0.0029075 0.001672 0.000947 0.000516 0.0002715 0.0001335 
1 0.950531 0.837794 0.653285 0.449823 0.285441 0.175017 0.106174 0.063786 0.0386285 0.0232555 0.013567 0.007849 0.0044575 0.0025415 0.001491 0.0009325 0.0005975 0.00037 0.0001955 
1 0.950432 0.837148 0.652093 0.449382 0.287974 0.178541 0.109532 0.0663055 0.0398165 0.023726 0.0141035 0.0083655 0.004839 0.002663 0.001272 0.000481 0.0001445 3.3e-05 7.5e-06 
1 0.950127 0.836488 0.650285 0.44598 0.282566 0.173427 0.105138 0.063586 0.0383265 0.023102 0.014198 0.008694 0.0053815 0.00331 0.0020755 0.001264 0.000761 0.000459 0.0002695 
1 0.950164 0.836903 0.65149 0.447927 0.284621 0.173955 0.104012 0.061054 0.0356105 0.0208325 0.012305 0.0073365 0.004394 0.002613 0.0015275 0.0008895 0.0005155 0.000307 0.000192 
1 0.950156 0.836731 0.651222 0.447909 0.284847 0.175119 0.106082 0.063548 0.0376845 0.022332 0.013072 0.0075595 0.004392 0.002623 0.0015805 0.0009825 0.000649 0.000458 0.0003345 
1 0.949995 0.836221 0.648664 0.443879 0.281525 0.172083 0.103727 0.062101 0.036586 0.021803 0.01306 0.007781 0.0047095 0.0028515 0.001685 0.000967 0.0005235 0.0002525 0.0001455 
1 0.949956 0.836544 0.650447 0.446547 0.283169 0.171942 0.103285 0.062089 0.0372755 0.022253 0.0131115 0.007652 0.0044855 0.002626 0.001518 0.0008335 0.000432 0.0002185 0.0001125 
1 0.949789 0.835353 0.648721 0.444857 0.282387 0.172851 0.104252 0.062521 0.037443 0.022561 0.013653 0.008376 0.0051735 0.003348 0.0023155 0.001691 0.0012875 0.000969 0.000744 
1 0.949537 0.83465 0.647035 0.442224 0.279489 0.170605 0.102762 0.061441 0.0366375 0.021915 0.013154 0.007808 0.0045505 0.0027325 0.00165 0.001024 0.00063 0.000345 0.000181 
1 0.949606 0.834763 0.64642 0.441541 0.278323 0.169068 0.101159 0.0600655 0.035418 0.020551 0.0119805 0.0069495 0.003964 0.0021775 0.0011445 0.000581 0.000289 0.0001375 7e-05 
1 0.950648 0.838058 0.653654 0.451289 0.288335 0.178295 0.108385 0.0658795 0.0400205 0.0246925 0.0153545 0.009785 0.0062405 0.003936 0.0024765 0.001529 0.000941 0.000591 0.0003875 
1 0.950382 0.837342 0.652059 0.449194 0.287559 0.176998 0.106726 0.064132 0.038441 0.0234895 0.014689 0.0093785 0.0059905 0.003818 0.0023705 0.001378 0.0007065 0.00031 0.0001065 
1 0.949496 0.834662 0.646406 0.441722 0.278199 0.169123 0.101765 0.0610365 0.0368205 0.0225635 0.0141265 0.008838 0.0054825 0.0032165 0.001758 0.000819 0.000316 0.000107 2.6e-05 
1 0.950455 0.837703 0.651886 0.448068 0.284759 0.174114 0.104723 0.062755 0.0375165 0.02225 0.0129805 0.007631 0.0043255 0.0023975 0.0012735 0.00062 0.000292 0.000121 5.1e-05 
1 0.950167 0.836425 0.651521 0.449496 0.288064 0.178869 0.110615 0.068812 0.042818 0.0267185 0.016917 0.010418 0.0062855 0.0037675 0.0023025 0.001382 0.000794 0.0004685 0.000275 
1 0.950766 0.838159 0.653909 0.451219 0.288774 0.178321 0.109011 0.066593 0.0409905 0.0255635 0.0160055 0.010084 0.006342 0.0039785 0.0025485 0.001671 0.0011195 0.0007455 0.0004625 
1 0.95039 0.837187 0.650932 0.446676 0.28252 0.171428 0.102507 0.061103 0.0367695 0.022038 0.013001 0.0076175 0.0045075 0.0026955 0.0016555 0.0010015 0.000619 0.0004055 0.000251 
1 0.950228 0.836987 0.65101 0.447757 0.28581 0.176415 0.107173 0.06437 0.0386425 0.0229835 0.013623 0.0081455 0.0050115 0.0031325 0.002034 0.0013995 0.001059 0.000849 0.0007115 
1 0.950098 0.836463 0.650212 0.446115 0.283581 0.173596 0.103953 0.0618175 0.036783 0.021595 0.0125995 0.0073305 0.0041895 0.002313 0.001232 0.000604 0.000267 8.95e-05 1.25e-05 
1 0.949914 0.83534 0.648556 0.443599 0.280301 0.170249 0.101529 0.0602025 0.035899 0.0216375 0.0133565 0.008255 0.0051125 0.003119 0.0018855 0.001083 0.000624 0.0003275 0.0001855 
1 0.949912 0.836228 0.649958 0.445519 0.28192 0.171765 0.103144 0.061315 0.036242 0.0215195 0.0129895 0.0078035 0.004658 0.002707 0.0014515 0.000686 0.000266 9.45e-05 2.3e-05 
1 0.949549 0.835198 0.648969 0.444657 0.28309 0.174881 0.106508 0.0648945 0.0399395 0.024974 0.015868 0.0100435 0.0063525 0.00412 0.0027175 0.001812 0.0012005 0.000809 0.000514 
1 0.949601 0.834562 0.647209 0.443002 0.280605 0.171125 0.103158 0.06183 0.037362 0.0224925 0.013881 0.008613 0.0054025 0.003386 0.0021335 0.0013295 0.0008515 0.000574 0.000404 
1 0.949807 0.835862 0.649617 0.445045 0.280359 0.169667 0.101481 0.060919 0.036796 0.02197 0.012721 0.007229 0.004032 0.0022215 0.0011765 0.000594 0.0002895 0.0001705 0.0001 
1 0.949706 0.835684 0.64887 0.444358 0.28112 0.172365 0.104865 0.0639385 0.038997 0.023604 0.014337 0.0090125 0.0057295 0.003606 0.002328 0.0014935 0.000942 0.00063 0.0004205 
1 0.950222 0.836609 0.650389 0.446593 0.283444 0.174054 0.10582 0.063826 0.0382785 0.022889 0.0135055 0.0078 0.0044835 0.0026545 0.001522 0.000808 0.0003865 0.0001495 5.45e-05 
1 0.94978 0.836298 0.650218 0.44503 0.280893 0.171021 0.102877 0.061975 0.037665 0.0230455 0.0142795 0.0088655 0.0054545 0.003264 0.0019035 0.0010575 0.0005725 0.000278 0.0001095 
1 0.949998 0.836787 0.650954 0.44735 0.283401 0.173031 0.104102 0.062398 0.037414 0.0226455 0.0140525 0.0087465 0.0054125 0.003247 0.0019015 0.001148 0.000719 0.000448 0.000283 
1 0.950279 0.837141 0.652225 0.448926 0.285654 0.17381 0.104301 0.061807 0.0367835 0.022231 0.0136755 0.0084735 0.005407 0.0035825 0.002439 0.001704 0.001227 0.00092 0.000693 
1 0.950492 0.83744 0.652606 0.449085 0.285749 0.175168 0.105905 0.063612 0.038181 0.023169 0.0141755 0.008461 0.0049735 0.0029065 0.0016895 0.0009605 0.000511 0.000244 0.000121 
1 0.949699 0.835228 0.648449 0.443591 0.28072 0.171214 0.103423 0.062631 0.038147 0.023422 0.0142755 0.0087205 0.00533 0.00322 0.00195 0.0011335 0.000639 0.0003605 0.000182 
1 0.950525 0.837858 0.651715 0.447455 0.282964 0.17226 0.103584 0.061653 0.036417 0.021615 0.012734 0.007446 0.004409 0.002701 0.0017255 0.0011565 0.000853 0.0006175 0.000403 
1 0.950508 0.837177 0.652127 0.449061 0.286244 0.176031 0.10703 0.0649845 0.0398695 0.024888 0.015859 0.0103365 0.00689 0.004737 0.0033375 0.0023845 0.001617 0.0010615 0.000723 
1 0.949794 0.835018 0.647183 0.443177 0.28007 0.170436 0.102425 0.061269 0.0362745 0.0213195 0.012423 0.0072525 0.0042555 0.002434 0.001329 0.000711 0.000351 0.000159 6.55e-05 
1 0.950579 0.837248 0.651312 0.447432 0.284399 0.173546 0.104174 0.062126 0.0367195 0.0217355 0.012847 0.0075885 0.0045075 0.002644 0.0015325 0.000872 0.0004575 0.000227 9.8e-05 
1 0.949486 0.835302 0.648259 0.443371 0.280574 0.171805 0.103601 0.062122 0.037252 0.022278 0.013278 0.0082145 0.0051705 0.0032525 0.0019885 0.0011835 0.0006115 0.000278 0.000113 
1 0.950809 0.838164 0.653698 0.450965 0.287792 0.176267 0.105894 0.063749 0.038983 0.0239725 0.014856 0.0089725 0.005501 0.003495 0.0023105 0.0014945 0.000924 0.000537 0.0002835 
1 0.949771 0.835384 0.647376 0.441184 0.277243 0.168524 0.100508 0.0591455 0.0338625 0.0189015 0.010356 0.0056535 0.003133 0.001791 0.0010465 0.000712 0.000488 0.000344 0.000246 
1 0.949191 0.833664 0.645765 0.440079 0.276966 0.168403 0.101499 0.0611585 0.037092 0.022579 0.0136585 0.0082865 0.0050465 0.0030265 0.001737 0.0009605 0.0005025 0.000254 0.0001195 
1 0.949651 0.835318 0.648099 0.443486 0.280159 0.169916 0.101764 0.060897 0.03647 0.0219895 0.013327 0.0083005 0.005371 0.003631 0.002542 0.001803 0.0011565 0.0006975 0.0003955 
1 0.949963 0.836032 0.649063 0.444305 0.280574 0.170243 0.101944 0.060562 0.0359355 0.0211725 0.012134 0.0069725 0.003955 0.0022155 0.0013075 0.0007685 0.000459 0.0003135 0.000244 
1 0.950318 0.836804 0.651685 0.448486 0.286531 0.177474 0.108928 0.0662845 0.0403485 0.024365 0.01464 0.008796 0.005406 0.0033595 0.002191 0.0014515 0.0009465 0.00056 0.0003045 
1 0.950468 0.83692 0.651241 0.448479 0.286027 0.175912 0.1063 0.064432 0.0390965 0.0236095 0.0141395 0.0083015 0.0046775 0.002587 0.0013865 0.000737 0.00039 0.000204 0.000111 
1 0.949718 0.835666 0.650091 0.446617 0.283232 0.173296 0.10471 0.0629845 0.03793 0.0226785 0.013537 0.008125 0.004985 0.0032065 0.002001 0.0012325 0.0007755 0.0004795 0.000304 
1 0.949356 0.834151 0.646242 0.44158 0.278187 0.168432 0.100422 0.0594355 0.0348225 0.02038 0.0118965 0.006885 0.003891 0.0021695 0.001202 0.0006795 0.0003555 0.000178 8.6e-05 
1 0.950951 0.838811 0.655135 0.453282 0.290921 0.180757 0.111759 0.06961 0.0434445 0.027078 0.016927 0.0107535 0.0067985 0.0044305 0.002917 0.0018885 0.00114 0.0006445 0.0003675 
1 0.949557 0.835132 0.648297 0.444421 0.281605 0.173091 0.105695 0.06432 0.0391185 0.023502 0.013891 0.008039 0.004724 0.0027755 0.001665 0.0010175 0.0006475 0.0004025 0.0002555 
1 0.950061 0.836052 0.64908 0.444974 0.281575 0.172095 0.103573 0.0620185 0.037133 0.0222445 0.0132685 0.007782 0.0043725 0.002489 0.001353 0.0007295 0.000368 0.000165 6.85e-05 
1 0.950258 0.837236 0.651789 0.448218 0.285025 0.176149 0.107414 0.065188 0.0391275 0.023591 0.014219 0.0085365 0.005096 0.0029345 0.0016995 0.0010355 0.0006415 0.000423 0.0002665 
1 0.949569 0.834966 0.647044 0.441819 0.277834 0.168036 0.100307 0.0592845 0.0349825 0.0206735 0.012075 0.0070435 0.004064 0.002352 0.0013035 0.000656 0.000273 9.55e-05 1.95e-05 
1 0.950029 0.83624 0.650399 0.446956 0.284541 0.174929 0.105847 0.063669 0.038539 0.0237095 0.014815 0.009299 0.005771 0.003503 0.002146 0.0013315 0.0007945 0.0004125 0.0001895 
1 0.949877 0.836197 0.649589 0.445777 0.28226 0.172537 0.103668 0.0621545 0.037217 0.022444 0.013802 0.0087295 0.005639 0.0037325 0.0024455 0.0015665 0.00097 0.000529 0.0002935 
1 0.949499 0.834033 0.646513 0.442055 0.279332 0.170197 0.102197 0.060879 0.036183 0.0212545 0.0124415 0.007281 0.0043005 0.0026715 0.001711 0.001083 0.000647 0.000381 0.000246 
1 0.949669 0.835396 0.648553 0.443487 0.280214 0.170277 0.101973 0.0608635 0.0362015 0.021776 0.013126 0.0078575 0.0046055 0.0026155 0.001377 0.000688 0.000313 0.0001265 4.55e-05 
1 0.950458 0.837765 0.653546 0.450289 0.286779 0.176459 0.107837 0.0660955 0.04084 0.0256555 0.0162345 0.0101185 0.00623 0.00373 0.002218 0.001254 0.0006885 0.0003355 0.000149 
1 0.950387 0.836239 0.649775 0.445103 0.28272 0.173239 0.104763 0.0632405 0.0382425 0.023043 0.013723 0.0082145 0.004916 0.0029965 0.001778 0.0010925 0.0006595 0.000374 0.000219 
1 0.94952 0.83517 0.648274 0.444779 0.281516 0.171147 0.102058 0.060721 0.036285 0.021747 0.0130575 0.00797 0.004961 0.003179 0.002092 0.0014325 0.000978 0.0006645 0.000406 
1 0.950064 0.836384 0.64967 0.44511 0.281917 0.172471 0.104321 0.0629855 0.03818 0.0231975 0.0140465 0.0088345 0.005789 0.0037775 0.0024715 0.0016785 0.001168 0.000834 0.000571 
1 0.948772 0.832723 0.643706 0.437817 0.275249 0.167555 0.100528 0.0598595 0.035936 0.021392 0.012793 0.007662 0.00469 0.0029555 0.001921 0.001204 0.0007025 0.000383 0.0001805 
1 0.950241 0.836271 0.650138 0.446094 0.282925 0.172552 0.103073 0.060519 0.0351405 0.020547 0.0119745 0.007131 0.0044235 0.002776 0.0017405 0.0010185 0.0005785 0.0003175 0.0001745 
1 0.950614 0.83715 0.651469 0.448503 0.285861 0.176304 0.107907 0.065627 0.039797 0.0240625 0.0147035 0.009137 0.0057245 0.003629 0.00228 0.001395 0.0008735 0.000586 0.0004195 
1 0.950899 0.838979 0.654766 0.452025 0.289342 0.179142 0.110061 0.0673725 0.0409735 0.0249705 0.015103 0.0090725 0.005495 0.003392 0.002124 0.0013695 0.0008895 0.000567 0.000367 
1 0.949582 0.835211 0.648437 0.44314 0.279405 0.169681 0.101485 0.060412 0.0360305 0.0214355 0.0129185 0.007957 0.005065 0.00323 0.002046 0.001234 0.0006585 0.000325 0.000149 
1 0.95019 0.836192 0.649996 0.447039 0.284983 0.175718 0.106887 0.0648785 0.0398565 0.0248495 0.0157 0.010201 0.006778 0.004556 0.003122 0.0020275 0.001225 0.0006675 0.0003235 
1 0.95056 0.837865 0.653219 0.450915 0.287558 0.176298 0.105941 0.0631795 0.037519 0.022001 0.012979 0.0077285 0.0047325 0.0029855 0.001886 0.00117 0.0006965 0.000429 0.000237 
1 0.949053 0.833294 0.64427 0.438595 0.274869 0.165937 0.0984335 0.057984 0.0343105 0.0206975 0.012573 0.0076145 0.004523 0.0027775 0.001754 0.001148 0.0007245 0.0004245 0.0002445 
1 0.949739 0.83536 0.647859 0.443203 0.279873 0.169767 0.100448 0.0589715 0.034736 0.020354 0.0120205 0.007074 0.0042845 0.002705 0.001782 0.0011355 0.0006815 0.000402 0.000232 
1 0.949133 0.83358 0.645051 0.438732 0.275275 0.165801 0.0984725 0.057861 0.033627 0.0191865 0.0107495 0.005977 0.0033455 0.001833 0.0010095 0.000515 0.000233 9.8e-05 2.9e-05 
1 0.949763 0.835363 0.648176 0.442477 0.278362 0.167684 0.098556 0.057101 0.032921 0.0190555 0.011108 0.0064325 0.003745 0.0022415 0.0014415 0.0009505 0.0006075 0.000379 0.0002515 
1 0.950276 0.837158 0.65215 0.449742 0.287745 0.177462 0.107803 0.065003 0.038972 0.0235885 0.014521 0.0089855 0.005553 0.0034245 0.0021735 0.0013525 0.0008035 0.000429 0.000219 
1 0.949741 0.835591 0.647575 0.441706 0.277808 0.168927 0.101507 0.0606525 0.0359295 0.0212255 0.012748 0.0076095 0.004407 0.0025675 0.00147 0.0008455 0.0004505 0.000227 0.0001165 
1 0.950018 0.835402 0.64738 0.441835 0.277214 0.167586 0.0998805 0.059948 0.0363245 0.022301 0.013861 0.008476 0.0052165 0.003323 0.0022615 0.001532 0.0010115 0.0006395 0.000352 
1 0.949526 0.834715 0.64698 0.44256 0.280925 0.172377 0.10501 0.063298 0.037867 0.0225275 0.0133605 0.008028 0.0048105 0.0028895 0.0017395 0.001105 0.000763 0.000531 0.0003715 
1 0.95036 0.837401 0.652905 0.450204 0.286873 0.175765 0.105904 0.0637795 0.0384185 0.023385 0.014212 0.008786 0.0054685 0.003299 0.0019245 0.0010825 0.0005985 0.0003475 0.0002005 
1 0.950017 0.836004 0.64837 0.443017 0.279653 0.17085 0.102629 0.061372 0.0363495 0.0213285 0.0125515 0.007514 0.0046165 0.0029885 0.0019205 0.001225 0.0007885 0.0005745 0.0004305 
1 0.950553 0.837678 0.652309 0.448459 0.284921 0.174707 0.105609 0.0634095 0.0376895 0.0220485 0.012764 0.0073785 0.0041385 0.0023235 0.0013305 0.000751 0.0004255 0.0002795 0.000208 
1 0.951099 0.838935 0.654392 0.451734 0.288772 0.178083 0.108125 0.0655295 0.039638 0.023796 0.0141175 0.0083205 0.00475 0.002574 0.0013125 0.000681 0.000375 0.000209 9.75e-05 
1 0.950389 0.837403 0.652779 0.450983 0.289225 0.180206 0.111332 0.0691265 0.042952 0.027114 0.01704 0.0107615 0.0068535 0.0044545 0.002933 0.0020145 0.001458 0.0011005 0.0008525 
1 0.950116 0.836122 0.650301 0.447399 0.285554 0.176683 0.108153 0.066132 0.0404375 0.024753 0.015274 0.0094755 0.005824 0.003515 0.0020565 0.001111 0.000594 0.00028 8.85e-05 
1 0.950011 0.836658 0.65102 0.448131 0.286011 0.175357 0.105507 0.063004 0.0375765 0.0223875 0.0134065 0.007986 0.0047505 0.0028525 0.0017675 0.0010745 0.0006915 0.000448 0.0002945 
1 0.950075 0.836241 0.649872 0.4467 0.284725 0.175495 0.106559 0.0642645 0.038733 0.0231195 0.013576 0.0079255 0.004747 0.0029805 0.0018525 0.0011185 0.000629 0.000323 0.0001745 
1 0.949334 0.834217 0.64587 0.440725 0.27859 0.170087 0.102345 0.0614715 0.0366385 0.021803 0.012965 0.0078195 0.004758 0.0028895 0.0017095 0.000948 0.0004865 0.0002535 0.0001245 
1 0.949923 0.836562 0.650622 0.447431 0.284583 0.174712 0.105983 0.0643195 0.038931 0.023498 0.014216 0.0085275 0.005269 0.0033305 0.00215 0.0013805 0.000863 0.0005185 0.000292 
1 0.950426 0.837488 0.651779 0.447806 0.28457 0.17396 0.105235 0.0638055 0.038908 0.023607 0.0142275 0.0085505 0.0052155 0.003246 0.0019715 0.001145 0.000595 0.000267 0.000105 
1 0.949858 0.835619 0.649072 0.445445 0.282579 0.172822 0.104211 0.0624195 0.0373915 0.0223675 0.0132105 0.0076365 0.0043145 0.0025125 0.0015745 0.0009605 0.000544 0.000281 0.0001395 
1 0.950057 0.836872 0.650834 0.447072 0.284025 0.173732 0.104439 0.062442 0.03699 0.0219945 0.013049 0.0077465 0.004659 0.0027325 0.0015325 0.00078 0.0003625 0.000128 2.95e-05 
1 0.949708 0.834526 0.646529 0.440686 0.276717 0.166668 0.0991395 0.0585795 0.034785 0.0208555 0.012468 0.0072735 0.004049 0.0021615 0.001073 0.000461 0.0001775 5.8e-05 1.5e-05 
1 0.950186 0.836817 0.651241 0.447422 0.284325 0.174701 0.105977 0.064308 0.0389535 0.0233245 0.0139985 0.0083075 0.004995 0.003093 0.002034 0.001431 0.0010395 0.0007395 0.0004955 
1 0.950462 0.837878 0.653254 0.4502 0.2886 0.178606 0.108986 0.065774 0.039726 0.023921 0.0142495 0.008399 0.004853 0.002723 0.001535 0.0008365 0.000484 0.000286 0.0001875 
1 0.950613 0.837595 0.652458 0.449254 0.28623 0.176335 0.107597 0.0657975 0.04044 0.024743 0.014771 0.008657 0.0048305 0.002683 0.0014145 0.000641 0.000241 6.2e-05 7e-06 
1 0.949302 0.83412 0.646537 0.441157 0.278041 0.168681 0.100924 0.060322 0.03567 0.02096 0.011982 0.006723 0.003585 0.001772 0.0008575 0.000453 0.000262 0.000154 7.25e-05 
1 0.95029 0.836763 0.650893 0.447625 0.285408 0.175782 0.106458 0.063899 0.0378555 0.0221615 0.0130455 0.0076455 0.004403 0.002477 0.0013355 0.0006265 0.0002535 7.9e-05 1.5e-05 
1 0.95059 0.838008 0.654043 0.451799 0.289662 0.178754 0.108294 0.0649175 0.0383935 0.02242 0.013173 0.0078225 0.0045795 0.002677 0.00157 0.000978 0.0006275 0.0003765 0.0002055 
1 0.950627 0.837937 0.652502 0.448528 0.285368 0.175331 0.106416 0.0639445 0.0383375 0.022977 0.014017 0.008803 0.005863 0.004053 0.002948 0.0022485 0.0016705 0.0011835 0.0008505 
1 0.948798 0.83293 0.644466 0.438447 0.275396 0.166325 0.0983075 0.057426 0.0331185 0.018926 0.0107945 0.00608 0.003377 0.0019065 0.001158 0.000745 0.000529 0.0004025 0.0003305 
1 0.95 0.835717 0.649003 0.444221 0.281104 0.171268 0.10285 0.06158 0.036571 0.021422 0.012346 0.006824 0.003666 0.0019405 0.000977 0.000475 0.000244 0.0001335 6.05e-05 
1 0.949648 0.835085 0.647232 0.441798 0.277864 0.168139 0.100127 0.058989 0.034785 0.02036 0.012104 0.007402 0.004585 0.0028695 0.001804 0.0011325 0.0007215 0.0004625 0.0002875 
1 0.94992 0.835817 0.648566 0.44422 0.280669 0.17052 0.102 0.0608265 0.0361745 0.0214095 0.0126905 0.007554 0.004492 0.0026915 0.0016305 0.001079 0.0007285 0.000443 0.000223 
1 0.950646 0.838323 0.65354 0.450624 0.288091 0.178082 0.109556 0.0675835 0.04199 0.026009 0.0160405 0.009859 0.0060185 0.003623 0.002139 0.001191 0.000616 0.000308 0.000148 
1 0.949584 0.835445 0.648575 0.443998 0.280948 0.171493 0.102961 0.0609045 0.0356465 0.020546 0.0118935 0.0067435 0.003791 0.002166 0.00128 0.000747 0.000422 0.000229 0.00012 
1 0.949891 0.835905 0.649724 0.446189 0.283477 0.173632 0.104867 0.062988 0.0378135 0.0228715 0.013885 0.0085265 0.005327 0.003323 0.002025 0.001223 0.000736 0.0004305 0.000245 
1 0.949809 0.835317 0.648873 0.445512 0.281721 0.171021 0.101552 0.060083 0.035334 0.0208115 0.0123085 0.0073795 0.004399 0.0026005 0.0014925 0.000896 0.000514 0.000271 0.000122 
1 0.949041 0.833201 0.643908 0.438397 0.27524 0.166818 0.099931 0.0597 0.035561 0.021189 0.012557 0.007281 0.004062 0.002192 0.001124 0.000555 0.0003175 0.0001825 8.95e-05 
1 0.949724 0.835204 0.648619 0.4446 0.282648 0.174686 0.10736 0.0660065 0.04099 0.025866 0.016602 0.0107505 0.0070215 0.0045185 0.002866 0.001713 0.000971 0.0005615 0.000329 
1 0.949569 0.834538 0.646876 0.442264 0.27947 0.170541 0.102416 0.060308 0.035221 0.020615 0.012162 0.007347 0.0045785 0.002934 0.0018835 0.0012 0.0007995 0.0005825 0.0004385 
1 0.950277 0.83778 0.652811 0.44946 0.286669 0.176095 0.106481 0.0635815 0.0376745 0.022129 0.012952 0.007593 0.004502 0.002674 0.0015685 0.000924 0.000556 0.0003595 0.00023 
1 0.950087 0.836521 0.649748 0.445982 0.28326 0.173525 0.104533 0.062669 0.037487 0.0220375 0.0126375 0.0070115 0.0037675 0.0020455 0.001156 0.0006875 0.0004815 0.0003685 0.00025 
1 0.949312 0.834378 0.646288 0.441007 0.277325 0.168208 0.100858 0.060588 0.0367305 0.022546 0.014008 0.0089635 0.005779 0.0037655 0.002466 0.0015815 0.000975 0.000614 0.0003745 
1 0.949974 0.836054 0.649603 0.445786 0.282874 0.17277 0.104945 0.063739 0.038625 0.023359 0.0142915 0.008879 0.0056485 0.00361 0.002292 0.0014695 0.0009505 0.000602 0.000366 
1 0.950213 0.835946 0.64904 0.443832 0.279428 0.169838 0.101873 0.061178 0.0368625 0.022251 0.013147 0.007548 0.0042395 0.0023825 0.0013885 0.0008655 0.00054 0.000339 0.000217 
1 0.949771 0.835277 0.648928 0.44532 0.28251 0.172996 0.104283 0.0624365 0.0372695 0.022214 0.013261 0.0079475 0.0046455 0.002743 0.0017195 0.001113 0.0007135 0.000477 0.000311 
1 0.949949 0.836074 0.65003 0.446121 0.283137 0.173595 0.104697 0.062584 0.0373585 0.0222475 0.0132 0.007872 0.0047795 0.0028475 0.001627 0.0008765 0.0004315 0.000181 5.9e-05 
1 0.950426 0.837519 0.652163 0.448897 0.28434 0.173305 0.104056 0.0626145 0.0378615 0.022768 0.0139115 0.008534 0.0052265 0.003196 0.001886 0.00103 0.0004415 0.000135 2.45e-05 
1 0.950652 0.837955 0.652836 0.449033 0.285504 0.17489 0.104893 0.062521 0.037375 0.022695 0.0141695 0.009224 0.0062795 0.0044415 0.0032645 0.002372 0.001708 0.0012095 0.000816 
1 0.950043 0.836394 0.649261 0.444009 0.280509 0.171379 0.103261 0.0623435 0.038077 0.0233845 0.0142195 0.008637 0.005172 0.0031555 0.0019595 0.001176 0.0006915 0.000372 0.0002125 
1 0.94951 0.834545 0.647554 0.443398 0.280788 0.172279 0.104344 0.063089 0.038318 0.0229645 0.014042 0.0084675 0.0049285 0.0027455 0.001515 0.000789 0.0003905 0.0002 0.000117 
1 0.950528 0.837572 0.651992 0.447082 0.283121 0.1727 0.102797 0.060736 0.035799 0.0211025 0.012608 0.00741 0.00425 0.002363 0.001237 0.000625 0.0003345 0.000191 0.000117 
1 0.949449 0.834783 0.647048 0.442607 0.279564 0.169314 0.100929 0.0600275 0.0358465 0.0212775 0.0125795 0.0074195 0.00443 0.002553 0.00141 0.000762 0.000449 0.0002815 0.0001695 
1 0.950028 0.836583 0.650505 0.447458 0.284156 0.173671 0.104888 0.0632645 0.038263 0.023108 0.014105 0.008661 0.0053925 0.003408 0.0021535 0.0012945 0.0007305 0.0003825 0.0001655 
1 0.949555 0.834721 0.647259 0.441997 0.278632 0.169004 0.101622 0.061171 0.0369855 0.0225985 0.0138525 0.008663 0.005674 0.0037065 0.002418 0.0015935 0.001034 0.000658 0.0004235 
1 0.950255 0.837244 0.651517 0.44738 0.282662 0.172372 0.103108 0.061653 0.0372375 0.0230365 0.014386 0.008958 0.005454 0.003295 0.00198 0.0012335 0.0007725 0.000458 0.000248 
1 0.949659 0.834951 0.647494 0.442385 0.279159 0.169476 0.101278 0.0602085 0.035529 0.0209045 0.012483 0.0073345 0.0043525 0.002548 0.0014595 0.0008415 0.0005275 0.000351 0.0002415 
1 0.950252 0.836637 0.650196 0.444949 0.281729 0.171774 0.102915 0.0606265 0.0353695 0.0202675 0.011725 0.0069055 0.0041115 0.00244 0.001435 0.0008855 0.0005065 0.0002745 0.0001175 
1 0.949607 0.834834 0.648552 0.444734 0.282705 0.174789 0.107784 0.0669455 0.0418915 0.026213 0.016438 0.010231 0.006309 0.003836 0.002325 0.001414 0.0008215 0.0004585 0.0002725 
1 0.950007 0.836063 0.649657 0.445059 0.281447 0.171532 0.103602 0.062272 0.0372395 0.022046 0.0127615 0.0071405 0.003886 0.00213 0.001199 0.000684 0.0003705 0.000163 6.1e-05 
1 0.949919 0.835652 0.649739 0.445029 0.282269 0.172179 0.103303 0.061451 0.036335 0.0216045 0.0129745 0.007974 0.004928 0.0031105 0.0019425 0.001195 0.0006955 0.000366 0.0001765 
1 0.950247 0.836414 0.650695 0.446792 0.283561 0.173103 0.103787 0.0611375 0.0357485 0.0206645 0.012373 0.007541 0.0047435 0.0031135 0.0020375 0.001281 0.000781 0.0004955 0.0002955 
1 0.950191 0.836009 0.648894 0.444525 0.280657 0.169893 0.100947 0.0596625 0.0350685 0.0207335 0.0121185 0.007181 0.0041515 0.002415 0.001327 0.0007055 0.0003985 0.000224 0.0001065 
1 0.950042 0.835781 0.648946 0.444587 0.280794 0.170336 0.101062 0.0588835 0.034183 0.0200895 0.011765 0.0070065 0.004158 0.00253 0.0015605 0.000954 0.000511 0.0002615 0.000132 
1 0.950537 0.83793 0.652869 0.451343 0.289684 0.180072 0.110991 0.0681145 0.0415485 0.025426 0.015531 0.009489 0.0056745 0.003463 0.0021815 0.001442 0.0009895 0.000676 0.0004375 
1 0.950254 0.836563 0.65114 0.449079 0.287201 0.178151 0.109372 0.066876 0.040963 0.0250815 0.0151855 0.008904 0.0050475 0.002727 0.0013405 0.0005925 0.000255 0.0001065 4.15e-05 
1 0.949798 0.835766 0.649364 0.445421 0.282325 0.172321 0.103459 0.061657 0.0370245 0.0223235 0.0136755 0.008537 0.005489 0.0037605 0.0027895 0.002139 0.0016455 0.0012825 0.0010075 
1 0.95025 0.836933 0.651376 0.447055 0.282698 0.172289 0.103602 0.0619255 0.036753 0.0215735 0.0125825 0.007192 0.004067 0.0022735 0.0013625 0.000809 0.000433 0.0002065 8.05e-05 
1 0.950219 0.837346 0.652087 0.44875 0.286076 0.176552 0.107776 0.0655675 0.039705 0.024029 0.01449 0.0087465 0.005186 0.003004 0.001712 0.001036 0.000641 0.000434 0.0003035 
1 0.94968 0.834418 0.647013 0.442181 0.278445 0.169479 0.101824 0.0606815 0.036142 0.021391 0.0126685 0.0074955 0.004515 0.0028015 0.001772 0.001102 0.000655 0.0003645 0.000194 
1 0.950634 0.83898 0.655872 0.454056 0.291047 0.181466 0.111277 0.0676055 0.041 0.0251455 0.015499 0.009593 0.005919 0.0035355 0.0020985 0.0012695 0.0007595 0.000447 0.0002785 
1 0.949855 0.835985 0.648814 0.445093 0.282791 0.173013 0.104706 0.06351 0.038974 0.0240065 0.014601 0.0087345 0.005186 0.0030215 0.00164 0.0008165 0.0003665 0.0001445 4.8e-05 
1 0.948956 0.833105 0.643637 0.437526 0.273948 0.165445 0.098149 0.0574485 0.033279 0.0189725 0.0107965 0.0060015 0.0033575 0.0020055 0.0012245 0.0007565 0.0004525 0.0002595 0.000125 
1 0.949604 0.835586 0.648646 0.444374 0.281376 0.171698 0.103539 0.062109 0.0375425 0.0228225 0.013789 0.008401 0.005141 0.003197 0.001838 0.0010675 0.000616 0.0003685 0.0002285 
1 0.949864 0.835701 0.6493 0.44536 0.282353 0.171786 0.103263 0.0618705 0.037337 0.02282 0.014268 0.0089065 0.0055545 0.003366 0.00191 0.0010415 0.0005605 0.0002885 0.0001545 
1 0.950633 0.838098 0.653751 0.452346 0.290781 0.180591 0.110842 0.067706 0.0413455 0.024838 0.014565 0.0082975 0.004665 0.0025925 0.0014615 0.0008735 0.0005215 0.000328 0.000217 
1 0.94977 0.835583 0.649334 0.445772 0.282022 0.170683 0.101431 0.0603955 0.0359305 0.0216595 0.013386 0.0085345 0.005627 0.0038325 0.0026725 0.0018445 0.001272 0.0008885 0.0006185 
1 0.949841 0.835338 0.648612 0.443269 0.279624 0.171018 0.103783 0.0624265 0.0376705 0.0229425 0.0141275 0.00893 0.005751 0.003742 0.002359 0.0014715 0.0008985 0.0005965 0.0004495 
1 0.949659 0.835245 0.647748 0.441554 0.27767 0.168259 0.100532 0.059862 0.035628 0.0214945 0.0129675 0.0079225 0.004802 0.0028345 0.0016585 0.000979 0.0005425 0.000257 0.0001195 
1 0.950858 0.8386 0.654479 0.451738 0.289351 0.178869 0.10869 0.0650655 0.0385985 0.022926 0.013571 0.0080195 0.004768 0.002731 0.001479 0.0007715 0.0003355 0.000131 4.8e-05 
1 0.949608 0.834459 0.645954 0.440337 0.277119 0.168039 0.100644 0.059726 0.0349885 0.0202025 0.0112965 0.0061905 0.0033325 0.001719 0.000808 0.0003495 0.0001255 3.35e-05 6.5e-06 
1 0.949837 0.834208 0.646744 0.442468 0.279349 0.16942 0.100888 0.0596415 0.0348825 0.020224 0.011615 0.006714 0.003912 0.002213 0.0011955 0.000639 0.000337 0.000157 7.05e-05 
1 0.949929 0.835923 0.650056 0.446182 0.284185 0.174728 0.105854 0.063188 0.0373095 0.021975 0.0130625 0.0077075 0.004487 0.002593 0.0015435 0.0008775 0.000447 0.0001925 5.15e-05 
1 0.950017 0.835787 0.648638 0.444179 0.281608 0.173598 0.106226 0.065042 0.040168 0.0248385 0.015457 0.0095865 0.0058945 0.003652 0.0022935 0.0014565 0.0008855 0.000518 0.0003035 
1 0.94966 0.835439 0.648842 0.444719 0.2826 0.17337 0.105342 0.0638495 0.0387185 0.023183 0.0139215 0.0084955 0.0052765 0.0033545 0.002155 0.001391 0.000897 0.0005795 0.0003825 
1 0.949597 0.834905 0.647075 0.440811 0.276433 0.166282 0.0984585 0.0580785 0.0343025 0.020084 0.0118705 0.007119 0.0042275 0.0024865 0.0014245 0.0008265 0.0005355 0.0003825 0.0003135 
1 0.949235 0.834207 0.646589 0.4414 0.27842 0.169476 0.101619 0.061095 0.037293 0.0231375 0.014792 0.0097375 0.006546 0.0044265 0.002986 0.001977 0.001317 0.0008685 0.0005425 
1 0.95046 0.837359 0.652326 0.44995 0.287541 0.177633 0.107826 0.065014 0.0391055 0.023432 0.0139255 0.0083945 0.00507 0.003046 0.0018555 0.0011225 0.000658 0.0003885 0.0001865 
1 0.949611 0.834926 0.647515 0.442503 0.279015 0.16985 0.102221 0.06073 0.0352105 0.0203225 0.01193 0.007163 0.0043065 0.0026325 0.0016145 0.000976 0.0006165 0.000409 0.000236 
1 0.949913 0.83618 0.64943 0.445914 0.282985 0.173613 0.105145 0.063323 0.0378625 0.0224015 0.0132005 0.007703 0.0045945 0.002795 0.0016445 0.0009905 0.0006045 0.000351 0.0001975 
1 0.950965 0.839246 0.656476 0.454626 0.292035 0.182314 0.112415 0.0688735 0.042237 0.0258755 0.015963 0.0099475 0.0063175 0.0040235 0.0025905 0.0016865 0.001088 0.000686 0.0004035 
1 0.950012 0.836734 0.651666 0.448653 0.285901 0.175635 0.106214 0.063552 0.037559 0.021954 0.012567 0.007145 0.004204 0.002563 0.001611 0.001027 0.00063 0.000406 0.000261 
1 0.950864 0.838779 0.654488 0.451918 0.288896 0.178205 0.108863 0.066366 0.040462 0.0246895 0.0154645 0.009929 0.0065325 0.0044295 0.0030205 0.002123 0.001456 0.001007 0.000715 
1 0.950348 0.837296 0.651742 0.44728 0.283563 0.173479 0.104465 0.0622145 0.036917 0.021932 0.0129885 0.0077685 0.0046675 0.0027975 0.0016275 0.0009845 0.000578 0.000309 0.0001565 
1 0.950464 0.837373 0.651348 0.447362 0.283895 0.174762 0.106726 0.065454 0.0396325 0.023944 0.014038 0.0081025 0.004671 0.0025775 0.0013745 0.0007315 0.0003765 0.000168 7.7e-05 
1 0.94987 0.835122 0.647649 0.443082 0.278685 0.168813 0.100484 0.0595735 0.035438 0.0211255 0.01269 0.0077285 0.0047605 0.0029535 0.001792 0.0010905 0.000697 0.0004485 0.0002835 
1 0.94955 0.834852 0.647338 0.441699 0.277965 0.168835 0.101556 0.0612265 0.0369915 0.0224505 0.0137375 0.0084435 0.0052835 0.003322 0.00202 0.0011775 0.000622 0.000287 0.000106 
1 0.949837 0.836246 0.649791 0.445287 0.281669 0.171684 0.10351 0.0624845 0.0377445 0.0226925 0.013688 0.0082935 0.0050625 0.0031615 0.002024 0.001299 0.0008455 0.0005785 0.0004195 
1 0.950199 0.836199 0.650489 0.448112 0.286273 0.177078 0.107618 0.065194 0.038943 0.0231135 0.013746 0.00813 0.004787 0.0027875 0.0016435 0.0009895 0.000605 0.000388 0.000224 
1 0.949894 0.836056 0.650172 0.445262 0.280422 0.169038 0.100234 0.059069 0.034686 0.020261 0.01184 0.006808 0.0039505 0.002282 0.0013305 0.0008065 0.0004845 0.0003025 0.0001955 
1 0.950143 0.836992 0.650525 0.445621 0.281605 0.171309 0.102285 0.060778 0.035949 0.0211395 0.012527 0.0075245 0.004493 0.00265 0.001606 0.0009895 0.000595 0.000311 0.0001725 
1 0.950088 0.836727 0.650976 0.447889 0.286208 0.176762 0.107865 0.065952 0.0404035 0.0249175 0.015415 0.0095645 0.0058925 0.0035415 0.0022185 0.0014375 0.00097 0.0006735 0.00049 
1 0.950689 0.838034 0.65321 0.450379 0.287695 0.177442 0.108028 0.065499 0.0398265 0.024318 0.014989 0.009153 0.005605 0.0034205 0.0020565 0.001245 0.00079 0.000536 0.00034 
1 0.950661 0.837697 0.652773 0.449446 0.286247 0.175567 0.106238 0.0638695 0.038649 0.0234495 0.0139535 0.0081455 0.0048345 0.002997 0.001886 0.0011485 0.0006715 0.000369 0.0002145 
1 0.949588 0.835013 0.648371 0.444395 0.281447 0.170325 0.10082 0.058073 0.033289 0.0189085 0.0106595 0.006058 0.003356 0.001853 0.0009745 0.000475 0.0002045 6.9e-05 1.45e-05 
1 0.948968 0.833648 0.64623 0.442681 0.280771 0.171419 0.1026 0.0606395 0.035246 0.0204295 0.011967 0.00697 0.004106 0.0023715 0.0013825 0.000824 0.0004835 0.0002975 0.000181 
1 0.950792 0.837849 0.652124 0.449443 0.285593 0.174525 0.104449 0.0617015 0.036315 0.02156 0.012959 0.008015 0.0050415 0.0032255 0.0021185 0.001398 0.0008805 0.000557 0.000338 
1 0.949888 0.836053 0.649755 0.44651 0.284434 0.175562 0.106995 0.0648625 0.0393325 0.0237725 0.0142295 0.008664 0.0053165 0.003268 0.0019535 0.001151 0.0006815 0.0004 0.000233 
1 0.950851 0.838385 0.653226 0.448854 0.285153 0.175083 0.106338 0.0642865 0.038788 0.0232765 0.013947 0.008456 0.005192 0.003214 0.0019855 0.0012 0.000706 0.000377 0.0001685 
1 0.950397 0.837363 0.651486 0.447622 0.284104 0.174266 0.106107 0.0644225 0.03937 0.0242275 0.0148105 0.009203 0.005731 0.0035395 0.002161 0.001347 0.0008305 0.000493 0.000304 
1 0.950054 0.835472 0.647511 0.441651 0.276986 0.166649 0.0984205 0.0579135 0.0339405 0.0197905 0.011504 0.006823 0.004138 0.0025925 0.0016325 0.0010165 0.000601 0.0003325 0.000155 
1 0.950101 0.83639 0.650026 0.446732 0.284548 0.175542 0.107447 0.0658855 0.0406935 0.0253915 0.0158675 0.009883 0.0060095 0.003556 0.0021145 0.001257 0.00071 0.000403 0.0002135 
1 0.949507 0.835073 0.647107 0.442314 0.278867 0.169134 0.100681 0.0592425 0.0343565 0.0196875 0.011268 0.0064625 0.003663 0.0019065 0.000869 0.0003805 0.00016 8.45e-05 4.95e-05 
1 0.950111 0.837477 0.651413 0.447591 0.284745 0.174408 0.105606 0.063504 0.038323 0.023125 0.014036 0.0085215 0.0052365 0.0031785 0.0018855 0.001122 0.000644 0.0003565 0.0001955 
1 0.950331 0.836437 0.650437 0.447184 0.284457 0.175361 0.107132 0.0651515 0.039308 0.0234765 0.014089 0.0085145 0.005122 0.0030395 0.0017855 0.0010785 0.0006415 0.00036 0.000165 
1 0.950332 0.837221 0.651763 0.447948 0.284593 0.174807 0.105398 0.062857 0.036709 0.0209185 0.0115685 0.0061715 0.003219 0.0016415 0.0007785 0.000342 0.0001465 5.9e-05 1.75e-05 
1 0.950796 0.837898 0.652476 0.449024 0.28625 0.176769 0.108058 0.0660745 0.040594 0.025156 0.01559 0.0096505 0.0059985 0.0038265 0.00247 0.001564 0.000959 0.000555 0.0002985 
1 0.950133 0.836539 0.650167 0.444812 0.28154 0.171892 0.103538 0.0619955 0.037184 0.022247 0.0131715 0.0076185 0.0042655 0.002359 0.001321 0.000781 0.000503 0.00033 0.0002085 
1 0.950185 0.836515 0.651406 0.449151 0.287739 0.178583 0.109893 0.0672535 0.040869 0.024565 0.014477 0.0084845 0.005056 0.0030105 0.001796 0.001047 0.0006155 0.0003725 0.0002295 
1 0.949533 0.835124 0.648726 0.445373 0.283686 0.174876 0.106691 0.0653105 0.040356 0.0250505 0.0158285 0.0098445 0.0061155 0.0036545 0.002074 0.001167 0.0006645 0.000394 0.0002355 
1 0.949905 0.835397 0.648868 0.444598 0.281604 0.172103 0.103933 0.0625035 0.0375255 0.0224615 0.013652 0.0085685 0.005576 0.003714 0.002512 0.001677 0.001102 0.000703 0.000439 
1 0.949647 0.835431 0.649235 0.446469 0.285622 0.17704 0.108243 0.0661765 0.0404325 0.024675 0.014823 0.0085075 0.0046775 0.002515 0.001295 0.000633 0.0002875 0.000107 2.8e-05 
1 0.949469 0.834417 0.647565 0.443891 0.28218 0.174382 0.106948 0.065425 0.0398415 0.023972 0.0142355 0.008568 0.0051305 0.003051 0.001829 0.0011385 0.00072 0.0004465 0.0002815 
1 0.950529 0.837831 0.652714 0.448291 0.28354 0.172572 0.103514 0.061633 0.0370135 0.022124 0.01306 0.0075505 0.004167 0.0023495 0.001305 0.0006875 0.000315 0.0001175 3.65e-05 
1 0.950608 0.837947 0.653329 0.450007 0.287361 0.177452 0.108407 0.066035 0.0403135 0.024528 0.014871 0.00918 0.0056135 0.003357 0.0018905 0.0009465 0.0004045 0.0001595 5.65e-05 
1 0.950143 0.837091 0.651298 0.447205 0.284515 0.175661 0.107967 0.0658365 0.0397285 0.0237295 0.014065 0.0084495 0.0052305 0.0032495 0.002004 0.001219 0.0007595 0.000436 0.000234 
