1 0.949312 0.820454 0.570055 0.274191 0.0890132 0.0221217 0.00498583 0.0011325 0.000237 3.95e-05 2.33333e-06 0 0 0 0 0 0 0 0 
1 0.949548 0.8215 0.571674 0.276227 0.0917095 0.0237433 0.00546183 0.00145583 0.000488 0.000158333 3.88333e-05 1.83333e-06 0 0 0 0 0 0 0 
1 0.949982 0.822398 0.573734 0.278151 0.0913213 0.0230257 0.00522317 0.00103133 0.000168333 1.61667e-05 5e-07 0 0 0 0 0 0 0 0 
1 0.950072 0.822822 0.57398 0.277829 0.0914907 0.0238735 0.00597617 0.00172983 0.000620833 0.0002575 8.65e-05 1.51667e-05 1.66667e-07 0 0 0 0 0 0 
1 0.950164 0.822925 0.573483 0.277162 0.0915807 0.0242253 0.0056825 0.00109717 0.000151667 8.5e-06 0 0 0 0 0 0 0 0 0 
1 0.949949 0.822406 0.574123 0.279586 0.0941388 0.0251757 0.00583933 0.001241 0.000249667 3.63333e-05 1.83333e-06 0 0 0 0 0 0 0 0 
1 0.949549 0.820687 0.569665 0.271973 0.0861552 0.0198345 0.00355317 0.000462 4.18333e-05 1e-06 0 0 0 0 0 0 0 0 0 
1 0.94969 0.821441 0.571767 0.276898 0.0926213 0.024527 0.00594117 0.00151017 0.0004305 8.95e-05 7.83333e-06 0 0 0 0 0 0 0 0 
1 0.949853 0.821718 0.572045 0.27584 0.089599 0.0221405 0.00441667 0.000657167 6.55e-05 6.66667e-07 0 0 0 0 0 0 0 0 0 
1 0.950041 0.823648 0.576889 0.282453 0.0947245 0.0243442 0.00549433 0.00116183 0.000290667 9.48333e-05 2.81667e-05 1.83333e-06 0 0 0 0 0 0 0 
1 0.950217 0.823499 0.576543 0.282961 0.0961208 0.0251725 0.0057655 0.00133717 0.000337333 7.06667e-05 9.16667e-06 1.66667e-07 0 0 0 0 0 0 0 
1 0.950396 0.823946 0.576545 0.280776 0.0929717 0.0233793 0.0050095 0.00107233 0.000182833 1.65e-05 3.33333e-07 0 0 0 0 0 0 0 0 
1 0.949776 0.821622 0.57154 0.274266 0.0882795 0.0220257 0.00517567 0.00131983 0.000329833 6.18333e-05 6e-06 0 0 0 0 0 0 0 0 
1 0.949853 0.82244 0.573837 0.278481 0.0916818 0.0230707 0.00504733 0.0009055 9e-05 2.33333e-06 0 0 0 0 0 0 0 0 0 
1 0.949218 0.820033 0.568332 0.271244 0.0868588 0.0214518 0.00495933 0.00115583 0.000276833 5.95e-05 1.33333e-05 1.66667e-07 0 0 0 0 0 0 0 
1 0.950444 0.824355 0.578158 0.283972 0.0953623 0.0243445 0.0050715 0.000809167 9.06667e-05 2e-06 0 0 0 0 0 0 0 0 0 
1 0.949998 0.822585 0.573244 0.277728 0.0922628 0.023676 0.0053725 0.00118983 0.000289 6.05e-05 4.66667e-06 0 0 0 0 0 0 0 0 
1 0.95005 0.822703 0.574785 0.279927 0.0940352 0.0252612 0.00660217 0.00176533 0.000505 0.0001665 4.9e-05 7.16667e-06 0 0 0 0 0 0 0 
1 0.950089 0.822709 0.573944 0.278512 0.0919113 0.023279 0.00513883 0.00108183 0.000209 2.88333e-05 3.16667e-06 3.33333e-07 0 0 0 0 0 0 0 
1 0.950564 0.823993 0.575723 0.279234 0.0927975 0.024368 0.00542467 0.000999833 0.000126 2.83333e-06 0 0 0 0 0 0 0 0 0 
1 0.949516 0.821118 0.571953 0.27743 0.0919953 0.0236052 0.00507367 0.000866667 0.0001445 2.33333e-05 4.16667e-06 1.66667e-07 0 0 0 0 0 0 0 
1 0.950533 0.824922 0.578458 0.283312 0.0950363 0.0250178 0.00627033 0.00154517 0.000315167 4.95e-05 3e-06 0 0 0 0 0 0 0 0 
1 0.949326 0.820968 0.571044 0.276918 0.0922922 0.0237497 0.0051955 0.000904833 8.81667e-05 2.33333e-06 0 0 0 0 0 0 0 0 0 
1 0.949859 0.822461 0.572801 0.276526 0.0909322 0.0229957 0.00480133 0.000807167 0.0001455 4.96667e-05 1.25e-05 1.33333e-06 0 0 0 0 0 0 0 
1 0.950252 0.822762 0.573212 0.276692 0.0910845 0.0229557 0.00484633 0.000953833 0.000159167 1.45e-05 5e-07 0 0 0 0 0 0 0 0 
1 0.949675 0.821301 0.571589 0.275877 0.0896267 0.0215943 0.00423 0.000671167 7.45e-05 5.5e-06 1.66667e-07 0 0 0 0 0 0 0 0 
1 0.950192 0.822972 0.574943 0.280667 0.094491 0.0252437 0.00604683 0.0014235 0.00035 5.76667e-05 3.16667e-06 3.33333e-07 0 0 0 0 0 0 0 
1 0.950222 0.823171 0.575011 0.280352 0.0936728 0.023882 0.005104 0.000932833 0.000146833 1.35e-05 5e-07 0 0 0 0 0 0 0 0 
1 0.951051 0.825889 0.579397 0.284441 0.096764 0.026514 0.00673617 0.00189083 0.000575833 0.0001255 9.83333e-06 1.66667e-07 0 0 0 0 0 0 0 
1 0.950305 0.823302 0.57588 0.28205 0.0960337 0.0260633 0.006027 0.00115 0.000149 6.66667e-06 0 0 0 0 0 0 0 0 0 
1 0.949872 0.82241 0.573292 0.277783 0.0920125 0.0246978 0.00622517 0.00148583 0.000311667 2.6e-05 8.33333e-07 1.38778e-17 0 0 0 0 0 0 0 
1 0.949831 0.822154 0.57234 0.276208 0.0902352 0.0223298 0.004529 0.000759333 9.88333e-05 5.83333e-06 1.38778e-17 0 0 0 0 0 0 0 0 
1 0.950065 0.822963 0.574514 0.278556 0.091054 0.0223705 0.00454717 0.000806167 0.000114167 1.08333e-05 0 0 0 0 0 0 0 0 0 
1 0.950027 0.822242 0.572939 0.276824 0.090794 0.0235035 0.00562733 0.001338 0.000298833 5.3e-05 3.66667e-06 0 0 0 0 0 0 0 0 
1 0.950021 0.822546 0.573613 0.276565 0.08892 0.0216185 0.00485617 0.001197 0.000345167 8.53333e-05 1.73333e-05 2.16667e-06 1.66667e-07 0 0 0 0 0 0 
1 0.950564 0.824554 0.578082 0.28275 0.0941522 0.0244087 0.0058155 0.00146867 0.000422 0.000133667 2.88333e-05 1.83333e-06 0 0 0 0 0 0 0 
1 0.949821 0.822273 0.573438 0.278036 0.0921745 0.0235935 0.00556567 0.00146067 0.000374333 4.1e-05 8.33333e-07 0 0 0 0 0 0 0 0 
1 0.950002 0.822496 0.574224 0.2789 0.0919643 0.0230847 0.00487233 0.000921 0.000142 9.33333e-06 0 0 0 0 0 0 0 0 0 
1 0.950877 0.82531 0.579653 0.284492 0.0944348 0.0236277 0.0048815 0.000939333 0.000134667 6.16667e-06 0 0 0 0 0 0 0 0 0 
1 0.949758 0.821931 0.572502 0.276048 0.0902853 0.0229737 0.00524783 0.001223 0.000311333 5.71667e-05 4.33333e-06 0 0 0 0 0 0 0 0 
1 0.950204 0.823199 0.575308 0.281109 0.0947143 0.0252788 0.00637767 0.0016115 0.000371 7.38333e-05 5.83333e-06 0 0 0 0 0 0 0 0 
1 0.949493 0.820795 0.570168 0.274366 0.0906252 0.0233288 0.00512433 0.000987333 0.000147833 1.01667e-05 0 0 0 0 0 0 0 0 0 
1 0.949648 0.821326 0.570879 0.275298 0.0906585 0.0234668 0.00542117 0.00129067 0.000336667 8.75e-05 1.06667e-05 8.33333e-07 0 0 0 0 0 0 0 
1 0.949763 0.821972 0.571776 0.274672 0.0890232 0.0222135 0.00500667 0.00122883 0.000347 8.73333e-05 1.18333e-05 1.66667e-07 0 0 0 0 0 0 0 
1 0.950544 0.824277 0.576956 0.281181 0.0931293 0.0246933 0.00641983 0.00163917 0.000406167 9.78333e-05 2.15e-05 1e-06 0 0 0 0 0 0 0 
1 0.949897 0.821864 0.572564 0.27818 0.0929437 0.0245693 0.00571817 0.00111817 0.0002245 4.53333e-05 3.83333e-06 0 0 0 0 0 0 0 0 
1 0.950348 0.82323 0.575294 0.280766 0.0945158 0.0249342 0.00607767 0.00154317 0.000538667 0.000240667 7.38333e-05 8.66667e-06 0 0 0 0 0 0 0 
1 0.949875 0.822573 0.573776 0.278365 0.0920773 0.023676 0.00544533 0.00117233 0.000221333 2.15e-05 0 0 0 0 0 0 0 0 0 
1 0.950317 0.824012 0.577027 0.281948 0.0936073 0.0242088 0.00592383 0.00155133 0.000423 8.61667e-05 1.08333e-05 0 0 0 0 0 0 0 0 
1 0.950098 0.823237 0.575454 0.279966 0.0927613 0.02395 0.00531 0.000974333 0.000143 1.85e-05 8.33333e-07 0 0 0 0 0 0 0 0 
1 0.950608 0.824787 0.57835 0.284052 0.0958977 0.0254222 0.00630533 0.00170783 0.0004425 5.41667e-05 1.5e-06 0 0 0 0 0 0 0 0 
1 0.950766 0.825041 0.578652 0.283662 0.0959335 0.0259175 0.00620767 0.00123767 0.000153667 6.16667e-06 0 0 0 0 0 0 0 0 0 
1 0.950054 0.822998 0.575224 0.281421 0.094337 0.0243763 0.00528183 0.0010055 0.000138 7.66667e-06 1.38778e-17 0 0 0 0 0 0 0 0 
1 0.950495 0.824049 0.575207 0.277368 0.090482 0.022943 0.00517217 0.0010505 0.000153333 6.66667e-06 1.66667e-07 0 0 0 0 0 0 0 0 
1 0.949639 0.82119 0.570813 0.274779 0.0908623 0.024165 0.00608667 0.00140383 0.0002775 5.75e-05 1.08333e-05 3.33333e-07 0 0 0 0 0 0 0 
1 0.950088 0.822663 0.574209 0.279188 0.0919065 0.022789 0.00488517 0.00121067 0.000575333 0.000367833 0.000226833 0.000103167 2.4e-05 1.66667e-06 0 0 0 0 0 
1 0.950454 0.824115 0.576482 0.280346 0.0918375 0.0230812 0.00530117 0.00131633 0.000413 0.000144333 4.16667e-05 6.33333e-06 0 0 0 0 0 0 0 
1 0.950024 0.822474 0.573389 0.276751 0.0903975 0.022729 0.0052435 0.00113733 0.000216 3.31667e-05 2.83333e-06 0 0 0 0 0 0 0 0 
1 0.949163 0.819914 0.568708 0.2729 0.0880258 0.0212465 0.00445683 0.000806 0.000110667 5e-06 0 0 0 0 0 0 0 0 0 
1 0.950177 0.823103 0.57477 0.279924 0.0929655 0.0240533 0.0053455 0.000970833 0.000159 2.95e-05 2.16667e-06 0 0 0 0 0 0 0 0 
1 0.949937 0.822451 0.573152 0.27686 0.090176 0.0229512 0.00545067 0.001216 0.000193333 1.26667e-05 8.33333e-07 0 0 0 0 0 0 0 0 
1 0.949609 0.821455 0.572525 0.278374 0.0935837 0.0248943 0.00584433 0.00131283 0.0003215 6.23333e-05 5e-06 0 0 0 0 0 0 0 0 
1 0.95013 0.822719 0.574045 0.278697 0.0916817 0.0228017 0.0048255 0.000996833 0.000180833 2.18333e-05 6.66667e-07 0 0 0 0 0 0 0 0 
1 0.949942 0.822343 0.573739 0.278343 0.092866 0.02418 0.0057015 0.00143233 0.000469833 0.000170667 3.53333e-05 1e-06 0 0 0 0 0 0 0 
1 0.94957 0.820855 0.570131 0.272874 0.0875015 0.02126 0.00435017 0.000736833 9.33333e-05 6.83333e-06 0 0 0 0 0 0 0 0 0 
1 0.949883 0.822664 0.57443 0.277759 0.0906678 0.023269 0.00576283 0.0013135 0.000241833 3.68333e-05 4.16667e-06 0 0 0 0 0 0 0 0 
1 0.949731 0.82182 0.572376 0.27765 0.092313 0.0238302 0.00552767 0.00130417 0.000299667 6.31667e-05 8.83333e-06 5e-07 0 0 0 0 0 0 0 
1 0.950412 0.824159 0.577026 0.28235 0.0951545 0.0251173 0.00576333 0.00108867 0.000137333 5.16667e-06 0 0 0 0 0 0 0 0 0 
1 0.949882 0.822054 0.572867 0.277929 0.0925543 0.0248625 0.00637883 0.00181583 0.000668833 0.0002905 9.71667e-05 1.46667e-05 6.66667e-07 0 0 0 0 0 0 
1 0.9505 0.824293 0.577803 0.282527 0.0945248 0.0249478 0.00588067 0.001246 0.000211 2.03333e-05 3.33333e-07 0 0 0 0 0 0 0 0 
1 0.950124 0.822685 0.573882 0.277403 0.0910717 0.0234915 0.00526767 0.000952167 0.000104333 7.33333e-06 5e-07 0 0 0 0 0 0 0 0 
1 0.949811 0.82194 0.572729 0.277781 0.092403 0.0243993 0.0056425 0.00105467 0.000131 9.5e-06 0 0 0 0 0 0 0 0 0 
1 0.950437 0.823938 0.577816 0.284011 0.0966303 0.0254965 0.00594817 0.00142617 0.000371333 9.26667e-05 1.23333e-05 1.66667e-07 0 0 0 0 0 0 0 
1 0.94898 0.819384 0.568267 0.272734 0.0903598 0.0243992 0.0063075 0.00160867 0.000374833 7.78333e-05 1.05e-05 6.66667e-07 0 0 0 0 0 0 0 
1 0.94986 0.821791 0.571249 0.274269 0.0896347 0.0235355 0.00594717 0.00152167 0.000326 4.58333e-05 2.66667e-06 0 0 0 0 0 0 0 0 
1 0.949407 0.82109 0.571308 0.276349 0.0918868 0.0239812 0.0053955 0.00111317 0.000195167 1.85e-05 0 0 0 0 0 0 0 0 0 
1 0.950028 0.822867 0.574473 0.278538 0.0919518 0.0242072 0.00601283 0.00137633 0.000238667 3.63333e-05 4.16667e-06 0 0 0 0 0 0 0 0 
1 0.95016 0.823154 0.574797 0.280022 0.0947328 0.0260543 0.00664767 0.00148917 0.000224333 2.03333e-05 1.16667e-06 0 0 0 0 0 0 0 0 
1 0.950363 0.824019 0.576795 0.281591 0.0940942 0.0239962 0.0052665 0.0010615 0.0001705 1.56667e-05 5e-07 0 0 0 0 0 0 0 0 
1 0.949796 0.82177 0.572142 0.276116 0.0900758 0.0222995 0.00482033 0.00101767 0.000165 1.26667e-05 1.66667e-07 0 0 0 0 0 0 0 0 
1 0.949282 0.820418 0.569722 0.273767 0.088966 0.021763 0.004548 0.00084 9.35e-05 4.16667e-06 0 0 0 0 0 0 0 0 0 
1 0.949926 0.822113 0.572516 0.275883 0.0900965 0.0226537 0.00490433 0.00100817 0.000163667 1.25e-05 1.38778e-17 0 0 0 0 0 0 0 0 
1 0.949971 0.823 0.574719 0.278658 0.091498 0.0234908 0.0057095 0.00138517 0.000316333 4.43333e-05 3.66667e-06 5e-07 0 0 0 0 0 0 0 
1 0.949592 0.821151 0.571276 0.276664 0.0926247 0.0249405 0.006249 0.00162667 0.000449667 0.000111667 1.6e-05 6.66667e-07 0 0 0 0 0 0 0 
1 0.949767 0.822085 0.572648 0.277374 0.0916365 0.0231898 0.00533233 0.00110667 0.000183 2.56667e-05 1e-06 0 0 0 0 0 0 0 0 
1 0.950615 0.824638 0.578123 0.283938 0.0956052 0.0247217 0.00543133 0.00100133 0.000115833 7.66667e-06 0 0 0 0 0 0 0 0 0 
1 0.949726 0.821807 0.572918 0.278091 0.0932425 0.0246273 0.00582467 0.00143467 0.000453 0.000175667 4.4e-05 4.16667e-06 0 0 0 0 0 0 0 
1 0.950333 0.823419 0.57539 0.279502 0.0921617 0.0233342 0.00538667 0.00131067 0.000323667 4.85e-05 1e-06 0 0 0 0 0 0 0 0 
1 0.94982 0.822297 0.573637 0.279633 0.0943017 0.025117 0.00619333 0.00173833 0.000628333 0.0002315 5.96667e-05 5.5e-06 1.66667e-07 0 0 0 0 0 0 
1 0.94994 0.822293 0.573269 0.276471 0.0887078 0.0212377 0.00414867 0.000727667 0.000123333 1.95e-05 1.5e-06 0 0 0 0 0 0 0 0 
1 0.949982 0.82224 0.573622 0.278842 0.0927538 0.0237883 0.00514217 0.000943 0.000164667 2.01667e-05 1.16667e-06 0 0 0 0 0 0 0 0 
1 0.950329 0.823443 0.575024 0.278167 0.0899913 0.021845 0.00439033 0.0008245 0.000149333 1.05e-05 0 0 0 0 0 0 0 0 0 
1 0.949448 0.820703 0.569594 0.272912 0.088407 0.022332 0.00527033 0.0013155 0.000341833 7.6e-05 4.5e-06 0 0 0 0 0 0 0 0 
1 0.949855 0.822151 0.572993 0.275963 0.0890997 0.0218645 0.00477267 0.000949667 0.000123167 5.66667e-06 1.66667e-07 0 0 0 0 0 0 0 0 
1 0.950279 0.823477 0.575795 0.280607 0.092903 0.0233215 0.00511233 0.000994 0.000166833 2.01667e-05 1.16667e-06 0 0 0 0 0 0 0 0 
1 0.949156 0.819486 0.566971 0.269513 0.085309 0.0204845 0.00447533 0.0008825 0.0001375 1.91667e-05 2.5e-06 0 0 0 0 0 0 0 0 
1 0.950054 0.822343 0.573637 0.27844 0.0927757 0.0239683 0.005378 0.00105267 0.000163 1.68333e-05 1.66667e-06 4.16334e-17 0 0 0 0 0 0 0 
1 0.949684 0.821929 0.573598 0.280168 0.0944442 0.0246788 0.00565783 0.00132167 0.000289667 3.63333e-05 8.33333e-07 0 0 0 0 0 0 0 0 
1 0.950587 0.824585 0.578657 0.284301 0.0967457 0.0260995 0.00657367 0.001637 0.000414 7.48333e-05 4.83333e-06 0 0 0 0 0 0 0 0 
1 0.950177 0.82291 0.574496 0.279115 0.0939123 0.025267 0.00615733 0.0013525 0.0002055 1.36667e-05 1.66667e-07 0 0 0 0 0 0 0 0 
1 0.95114 0.826084 0.580732 0.286462 0.0981407 0.0268083 0.00674117 0.00154683 0.000254333 2.58333e-05 6.66667e-07 0 0 0 0 0 0 0 0 
1 0.950667 0.82438 0.578055 0.283257 0.0957717 0.0264505 0.00716383 0.00192983 0.000408333 5.95e-05 3e-06 0 0 0 0 0 0 0 0 
1 0.95002 0.823007 0.574658 0.27879 0.0926432 0.0248318 0.00599633 0.00124183 0.0001895 2.11667e-05 1.16667e-06 0 0 0 0 0 0 0 0 
1 0.950059 0.822973 0.574059 0.277936 0.0921168 0.0245413 0.00625917 0.00180667 0.000654333 0.000233167 6.25e-05 4.5e-06 0 0 0 0 0 0 0 
1 0.950064 0.823098 0.575144 0.279192 0.0928838 0.0244548 0.00628083 0.0018055 0.000515333 0.000168 5.43333e-05 6.83333e-06 0 0 0 0 0 0 0 
1 0.949523 0.820804 0.571157 0.274864 0.0895807 0.0227512 0.00495933 0.000946333 0.000156667 1.68333e-05 3.33333e-07 0 0 0 0 0 0 0 0 
1 0.950114 0.822963 0.574724 0.278972 0.0929097 0.0249373 0.00631017 0.00148983 0.000280833 2.18333e-05 6.66667e-07 0 0 0 0 0 0 0 0 
1 0.950695 0.825018 0.578564 0.283273 0.094921 0.0245353 0.0055985 0.00117967 0.000227833 2.35e-05 3.33333e-07 0 0 0 0 0 0 0 0 
1 0.950075 0.822692 0.575086 0.281469 0.0955325 0.0258955 0.00654433 0.00171617 0.000562667 0.000192833 6.03333e-05 1.96667e-05 5.33333e-06 0 0 0 0 0 0 
1 0.949985 0.822699 0.573369 0.276703 0.0897685 0.0219563 0.0045015 0.000740833 9.96667e-05 8.33333e-06 4.16334e-17 0 0 0 0 0 0 0 0 
1 0.950422 0.823923 0.575998 0.279454 0.0924558 0.0242498 0.00567833 0.00112583 0.000200667 3e-05 1e-06 0 0 0 0 0 0 0 0 
1 0.949546 0.821387 0.571266 0.274486 0.0891117 0.0221448 0.0049015 0.00102183 0.000166 1.48333e-05 1.66667e-07 0 0 0 0 0 0 0 0 
1 0.950209 0.823393 0.575209 0.279307 0.0914305 0.0224858 0.00470083 0.0008095 9.5e-05 3.83333e-06 0 0 0 0 0 0 0 0 0 
1 0.950123 0.823055 0.574687 0.278012 0.090522 0.0221698 0.00465267 0.000843833 0.000116167 7.5e-06 0 0 0 0 0 0 0 0 0 
1 0.949533 0.820818 0.570129 0.274626 0.0905122 0.0234078 0.00565483 0.001345 0.0002945 5.45e-05 2.5e-06 0 0 0 0 0 0 0 0 
1 0.950554 0.824213 0.577143 0.282081 0.0931292 0.0233965 0.00516283 0.000955667 0.0001255 1.2e-05 5e-07 0 0 0 0 0 0 0 0 
1 0.949391 0.820852 0.570875 0.275193 0.0906592 0.0233838 0.005581 0.00136867 0.000243667 1.85e-05 5e-07 0 0 0 0 0 0 0 0 
1 0.950058 0.82266 0.574016 0.278817 0.0933093 0.0253403 0.00652933 0.00171683 0.000469167 0.000144333 3.85e-05 3.66667e-06 0 0 0 0 0 0 0 
1 0.94969 0.821493 0.571903 0.276841 0.0907278 0.0225732 0.00490117 0.00108017 0.0002295 4.05e-05 1.33333e-06 0 0 0 0 0 0 0 0 
1 0.94991 0.822043 0.572927 0.277033 0.0908592 0.022767 0.00500883 0.0010575 0.0001745 1.23333e-05 1.66667e-07 0 0 0 0 0 0 0 0 
1 0.950605 0.824944 0.579164 0.28553 0.0977467 0.0270963 0.0069445 0.0017045 0.000411 0.000107833 2.65e-05 2.66667e-06 0 0 0 0 0 0 0 
1 0.949651 0.821506 0.57144 0.275186 0.089264 0.0220355 0.00468167 0.000844333 0.000120833 8.5e-06 9.71445e-17 1.38778e-17 0 0 0 0 0 0 0 
1 0.949711 0.821984 0.572304 0.275932 0.0909392 0.0233625 0.00549917 0.00129633 0.0003185 6.45e-05 5.83333e-06 1.66667e-07 0 0 0 0 0 0 0 
1 0.949841 0.822384 0.573728 0.279495 0.0938707 0.0244883 0.00559817 0.001231 0.000243667 4.03333e-05 4.66667e-06 2.41453e-18 0 0 0 0 0 0 0 
1 0.950172 0.822569 0.574278 0.279133 0.0920395 0.023704 0.00545383 0.00111233 0.0001635 9.66667e-06 0 0 0 0 0 0 0 0 0 
1 0.950031 0.822552 0.573855 0.278739 0.093204 0.0247918 0.0059755 0.00131833 0.000216667 2.21667e-05 1.33333e-06 0 0 0 0 0 0 0 0 
1 0.950347 0.824121 0.577522 0.283843 0.0960662 0.025277 0.005888 0.0013325 0.000356 0.0001395 6.56667e-05 2.33333e-05 2.33333e-06 3.33333e-07 0 0 0 0 0 
1 0.949656 0.821497 0.571408 0.275329 0.0893732 0.02185 0.00461283 0.000875667 0.000154 2.75e-05 3e-06 0 0 0 0 0 0 0 0 
1 0.949978 0.822662 0.574644 0.27889 0.0922748 0.0235488 0.00507883 0.000973 0.000151667 1.6e-05 1.5e-06 0 0 0 0 0 0 0 0 
1 0.949845 0.822748 0.574717 0.279724 0.0931922 0.0245162 0.0061045 0.00155867 0.000418 0.000128333 3.25e-05 3.33333e-06 0 0 0 0 0 0 0 
1 0.949507 0.821332 0.571006 0.273897 0.0878295 0.0209588 0.00413267 0.000733 0.000109667 1.01667e-05 3.33333e-07 0 0 0 0 0 0 0 0 
1 0.949609 0.821896 0.57226 0.27633 0.0909925 0.0233548 0.00544317 0.00128717 0.000278167 4.98333e-05 3.5e-06 0 0 0 0 0 0 0 0 
1 0.95008 0.823035 0.575078 0.280399 0.0943802 0.024971 0.00565217 0.00101867 0.0001275 8.83333e-06 1.66667e-07 0 0 0 0 0 0 0 0 
1 0.949984 0.822684 0.57398 0.27892 0.0935457 0.0250077 0.00612367 0.00149467 0.000316167 4.78333e-05 1.33333e-06 0 0 0 0 0 0 0 0 
1 0.949611 0.821235 0.570185 0.273894 0.089259 0.0229148 0.0056125 0.00140217 0.000339167 6.55e-05 6.66667e-06 0 0 0 0 0 0 0 0 
1 0.950324 0.823631 0.57627 0.280842 0.0935817 0.0243325 0.00576867 0.00129083 0.000232 4.15e-05 4.16667e-06 0 0 0 0 0 0 0 0 
1 0.950731 0.82471 0.578331 0.283484 0.0943663 0.0237925 0.00494333 0.00085 8.78333e-05 1.5e-06 0 0 0 0 0 0 0 0 0 
1 0.950108 0.822702 0.573782 0.278201 0.0920848 0.0234263 0.0051865 0.0011315 0.0002685 7.85e-05 2.08333e-05 3.33333e-06 0 0 0 0 0 0 0 
1 0.949019 0.819112 0.567321 0.272 0.0891883 0.0231315 0.00550167 0.001298 0.000317667 5.46667e-05 3.66667e-06 0 0 0 0 0 0 0 0 
1 0.95102 0.82619 0.581067 0.286597 0.0975287 0.0267233 0.00665083 0.00150167 0.000336333 8.33333e-05 1.16667e-05 1.66667e-07 0 0 0 0 0 0 0 
1 0.949145 0.819642 0.567401 0.27096 0.0880928 0.022539 0.00501417 0.00106333 0.000196833 2.3e-05 3.33333e-07 0 0 0 0 0 0 0 0 
1 0.949874 0.822459 0.574095 0.280007 0.094747 0.0255298 0.005916 0.0011505 0.000150333 8.66667e-06 1.38778e-17 0 0 0 0 0 0 0 0 
1 0.949952 0.822159 0.573076 0.27715 0.0917233 0.0241825 0.00602767 0.00157333 0.0004445 0.0001225 1.93333e-05 8.33333e-07 0 0 0 0 0 0 0 
1 0.950528 0.824712 0.57835 0.283599 0.0962757 0.0256242 0.00584533 0.001144 0.000285 0.000148667 8.06667e-05 2.81667e-05 3.16667e-06 0 0 0 0 0 0 
1 0.950565 0.824074 0.576554 0.279856 0.0921633 0.0238445 0.00574167 0.00141767 0.000364833 8.43333e-05 1.33333e-05 3.33333e-07 0 0 0 0 0 0 0 
1 0.949535 0.820947 0.569329 0.271734 0.088066 0.0230818 0.00588833 0.00156133 0.000381333 8.03333e-05 1.31667e-05 6.66667e-07 0 0 0 0 0 0 0 
1 0.949891 0.82206 0.573113 0.276935 0.0905167 0.0234172 0.00575867 0.00137883 0.000357 0.000108667 2.75e-05 1e-06 0 0 0 0 0 0 0 
1 0.950018 0.822493 0.573167 0.277185 0.0908015 0.022697 0.0047055 0.000840333 0.000116333 1.18333e-05 3.33333e-07 0 0 0 0 0 0 0 0 
1 0.950256 0.823585 0.57485 0.278606 0.0911782 0.0230255 0.0053585 0.001207 0.000241333 3.05e-05 1.33333e-06 0 0 0 0 0 0 0 0 
1 0.949491 0.821023 0.570714 0.275237 0.0907412 0.0235 0.00534067 0.00117267 0.000253333 4.95e-05 6.83333e-06 3.33333e-07 0 0 0 0 0 0 0 
1 0.94981 0.822378 0.573298 0.276911 0.0905052 0.022788 0.00521367 0.00116117 0.000187833 1.9e-05 8.33333e-07 0 0 0 0 0 0 0 0 
1 0.949977 0.822664 0.574809 0.280505 0.0937503 0.02417 0.00537867 0.00110733 0.000170833 8.16667e-06 0 0 0 0 0 0 0 0 0 
1 0.949731 0.822018 0.572826 0.276676 0.0911627 0.0234383 0.00509083 0.000887667 9.21667e-05 1.33333e-06 1.38778e-17 0 0 0 0 0 0 0 0 
1 0.94993 0.822796 0.574074 0.279034 0.0929088 0.0242742 0.00578083 0.001265 0.000268833 4.73333e-05 4.33333e-06 0 0 0 0 0 0 0 0 
1 0.950685 0.824984 0.578445 0.283025 0.0942715 0.0243523 0.00575283 0.00148583 0.000398167 9.21667e-05 9.83333e-06 0 0 0 0 0 0 0 0 
1 0.950156 0.823167 0.575206 0.280504 0.0939812 0.0248547 0.00567167 0.00105583 0.000147167 1.68333e-05 3.33333e-07 0 0 0 0 0 0 0 0 
1 0.95052 0.824177 0.576145 0.279574 0.0923917 0.0235393 0.0051375 0.000960333 0.000104 4.83333e-06 0 0 0 0 0 0 0 0 0 
1 0.949836 0.822498 0.573708 0.278639 0.0921383 0.0237537 0.00569833 0.001369 0.000274 2.7e-05 3.33333e-07 0 0 0 0 0 0 0 0 
1 0.950138 0.822674 0.574724 0.28132 0.0960373 0.0259977 0.00619467 0.0014145 0.000273167 3.46667e-05 1.33333e-06 0 0 0 0 0 0 0 0 
1 0.950897 0.825894 0.58031 0.285751 0.0968178 0.025569 0.005986 0.00129067 0.000239167 3.48333e-05 2.83333e-06 0 0 0 0 0 0 0 0 
1 0.950432 0.823614 0.575772 0.280782 0.0940677 0.0251793 0.00648717 0.00177117 0.0005345 0.000146833 2.91667e-05 1.83333e-06 0 0 0 0 0 0 0 
1 0.949736 0.822069 0.571718 0.275321 0.090118 0.0234292 0.00559867 0.001313 0.000337 6.91667e-05 4.66667e-06 3.33333e-07 0 0 0 0 0 0 0 
1 0.949727 0.82158 0.57211 0.277332 0.092514 0.0240847 0.00542283 0.00105083 0.000159 1.03333e-05 0 0 0 0 0 0 0 0 0 
1 0.949358 0.820935 0.570646 0.275296 0.0915438 0.0247878 0.00648533 0.00180667 0.000587333 0.000236667 8.41667e-05 1.46667e-05 1.66667e-07 0 0 0 0 0 0 
1 0.949308 0.820442 0.569248 0.272135 0.0879267 0.0222595 0.00522233 0.00137667 0.0004175 0.0001205 2.48333e-05 3.33333e-06 0 0 0 0 0 0 0 
1 0.949754 0.821835 0.572814 0.276883 0.0903687 0.022345 0.00490167 0.00118833 0.000450833 0.0002325 8.5e-05 1.2e-05 5e-07 0 0 0 0 0 0 
1 0.950148 0.822931 0.574757 0.279519 0.0940112 0.0247258 0.0054635 0.00103883 0.000131333 3.66667e-06 9.71445e-17 1.38778e-17 0 0 0 0 0 0 0 
1 0.950297 0.823619 0.575613 0.280149 0.093576 0.0246315 0.00567433 0.00102517 0.000112167 5.33333e-06 0 0 0 0 0 0 0 0 0 
1 0.950348 0.824111 0.576866 0.282511 0.0944045 0.0242737 0.00558367 0.0013285 0.000345167 6.31667e-05 6.16667e-06 0 0 0 0 0 0 0 0 
1 0.949568 0.821483 0.570756 0.273873 0.0879753 0.0210288 0.00422983 0.0007925 0.000152333 2.88333e-05 1.33333e-06 0 0 0 0 0 0 0 0 
1 0.94931 0.820307 0.569468 0.273426 0.088885 0.0225322 0.00517183 0.0012995 0.00047 0.00022 7.11667e-05 6.83333e-06 0 0 0 0 0 0 0 
1 0.949617 0.821323 0.571376 0.275629 0.0901182 0.022309 0.00464033 0.000819333 9.83333e-05 4.66667e-06 1.38778e-17 0 0 0 0 0 0 0 0 
1 0.951243 0.826377 0.581632 0.286574 0.0968755 0.025407 0.00591383 0.00130733 0.000249833 2.91667e-05 1.83333e-06 3.33333e-07 0 0 0 0 0 0 0 
1 0.949585 0.821059 0.570678 0.273749 0.088671 0.0227975 0.00537367 0.0011935 0.000242833 2.96667e-05 1.33333e-06 0 0 0 0 0 0 0 0 
1 0.95048 0.824039 0.576959 0.282818 0.0955537 0.0251398 0.00573883 0.00124333 0.000273 4.63333e-05 6.16667e-06 0 0 0 0 0 0 0 0 
1 0.950311 0.823593 0.575484 0.279475 0.0918658 0.0231128 0.0050485 0.001036 0.000150167 6.5e-06 0 0 0 0 0 0 0 0 0 
1 0.949387 0.820659 0.569674 0.272889 0.0884342 0.0222388 0.00539417 0.00154233 0.000465 0.000136 3.4e-05 2.83333e-06 0 0 0 0 0 0 0 
1 0.949822 0.822204 0.572721 0.276 0.089859 0.02211 0.00451833 0.000791833 0.000104167 3.83333e-06 0 0 0 0 0 0 0 0 0 
1 0.950212 0.823209 0.575006 0.279054 0.0920887 0.0230922 0.00487783 0.0009435 0.00012 6.33333e-06 0 0 0 0 0 0 0 0 0 
1 0.949438 0.820438 0.569165 0.271738 0.0868935 0.0211432 0.00443833 0.000842667 0.00013 1.5e-05 1.66667e-07 0 0 0 0 0 0 0 0 
1 0.949332 0.819909 0.568348 0.272256 0.0892952 0.0233123 0.00556767 0.00145667 0.0004395 0.000122667 2.61667e-05 1e-06 0 0 0 0 0 0 0 
1 0.950766 0.824962 0.57858 0.284758 0.0971723 0.0261933 0.00643183 0.00144417 0.000260833 3.35e-05 2.83333e-06 0 0 0 0 0 0 0 0 
1 0.950151 0.823445 0.57603 0.281115 0.0942315 0.0243007 0.00508467 0.000830333 0.000116167 9.16667e-06 1.66667e-07 0 0 0 0 0 0 0 0 
1 0.949796 0.822051 0.573202 0.277254 0.0910482 0.0232972 0.0055195 0.00135833 0.000318833 4.03333e-05 5e-07 0 0 0 0 0 0 0 0 
1 0.949472 0.821049 0.571022 0.276369 0.0924042 0.0245717 0.00593983 0.00134233 0.000309667 5.05e-05 2.83333e-06 0 0 0 0 0 0 0 0 
1 0.950106 0.822476 0.573961 0.279186 0.0933922 0.0241117 0.00571867 0.00146633 0.000435833 0.000132833 2.08333e-05 1e-06 0 0 0 0 0 0 0 
1 0.95011 0.823217 0.575731 0.281254 0.0948488 0.0252383 0.006044 0.00140133 0.000321167 4.98333e-05 2.33333e-06 0 0 0 0 0 0 0 0 
1 0.950712 0.82502 0.578601 0.283871 0.096085 0.0254155 0.005779 0.00116367 0.0002705 0.000102667 4.05e-05 5.5e-06 0 0 0 0 0 0 0 
1 0.95039 0.824037 0.577409 0.283863 0.0977115 0.0262462 0.00587317 0.0010585 0.000125167 6.83333e-06 0 0 0 0 0 0 0 0 0 
1 0.949946 0.822068 0.573207 0.278827 0.0937125 0.0254752 0.006589 0.00188867 0.000655667 0.000232667 6.51667e-05 7.5e-06 6.66667e-07 0 0 0 0 0 0 
1 0.949549 0.821169 0.570972 0.274141 0.0886555 0.0219787 0.004881 0.00110717 0.000253667 4.1e-05 2.66667e-06 0 0 0 0 0 0 0 0 
1 0.949911 0.822073 0.572489 0.276104 0.089262 0.0216893 0.00439433 0.000711333 7.05e-05 1.5e-06 1.66667e-07 0 0 0 0 0 0 0 0 
1 0.950315 0.823786 0.576708 0.281896 0.0944748 0.0251648 0.00630733 0.00164667 0.0004315 6.4e-05 2.16667e-06 0 0 0 0 0 0 0 0 
1 0.94952 0.820899 0.571109 0.275164 0.0893777 0.0215088 0.00415717 0.000645 6.01667e-05 2.33333e-06 0 0 0 0 0 0 0 0 0 
1 0.950307 0.823634 0.57548 0.279157 0.0916502 0.023257 0.00532 0.00128817 0.000289667 4.28333e-05 4.83333e-06 0 0 0 0 0 0 0 0 
1 0.950587 0.824515 0.577457 0.280945 0.0924863 0.0231625 0.00487817 0.000997 0.0002785 9.51667e-05 1.98333e-05 1.16667e-06 0 0 0 0 0 0 0 
1 0.950278 0.823861 0.57583 0.280613 0.0939432 0.0244615 0.00553333 0.00120533 0.000226333 2e-05 1.66667e-07 0 0 0 0 0 0 0 0 
1 0.950241 0.823426 0.575225 0.279449 0.092166 0.0234167 0.00530217 0.001234 0.0002645 3.33333e-05 5e-07 0 0 0 0 0 0 0 0 
1 0.949944 0.822557 0.573299 0.27672 0.0903188 0.022388 0.0048595 0.0010305 0.000204167 4.98333e-05 1.41667e-05 1.33333e-06 0 0 0 0 0 0 0 
1 0.949742 0.8215 0.571506 0.275159 0.090322 0.023312 0.005332 0.00124633 0.000356667 7.85e-05 8.16667e-06 0 0 0 0 0 0 0 0 
1 0.94995 0.822575 0.574055 0.279213 0.093128 0.0240947 0.00507883 0.000769167 6.78333e-05 3.83333e-06 1.66667e-07 0 0 0 0 0 0 0 0 
1 0.949933 0.822956 0.575513 0.281075 0.095789 0.026312 0.0064345 0.0013995 0.000214333 1.2e-05 0 0 0 0 0 0 0 0 0 
1 0.949886 0.822337 0.573457 0.277336 0.09158 0.0244195 0.006295 0.00165933 0.000454333 0.000125167 2.9e-05 5.5e-06 5e-07 0 0 0 0 0 0 
1 0.949886 0.822317 0.57298 0.27717 0.091469 0.0230582 0.00488633 0.000891 0.000133167 1.4e-05 3.33333e-07 0 0 0 0 0 0 0 0 
1 0.950461 0.823734 0.577356 0.283669 0.0960303 0.025335 0.00599783 0.00128917 0.000233 2.15e-05 5e-07 0 0 0 0 0 0 0 0 
1 0.949891 0.822239 0.572894 0.276626 0.0903162 0.0224658 0.00476583 0.000838 0.000105833 7.66667e-06 0 0 0 0 0 0 0 0 0 
1 0.949352 0.820218 0.569252 0.273585 0.0896957 0.0227982 0.0050175 0.00103733 0.000271833 6.28333e-05 9.83333e-06 3.33333e-07 0 0 0 0 0 0 0 
1 0.949811 0.822226 0.572756 0.275891 0.0894878 0.022262 0.00485683 0.000950333 0.000250667 9.55e-05 2.66667e-05 3.5e-06 0 0 0 0 0 0 0 
1 0.950587 0.824979 0.578268 0.28429 0.0958613 0.0243683 0.0050865 0.000902667 0.0001245 1.35e-05 3.33333e-07 0 0 0 0 0 0 0 0 
1 0.949091 0.819443 0.567711 0.27073 0.0873595 0.0223643 0.00548517 0.00156817 0.0004975 0.000119167 1.33333e-05 1.66667e-07 0 0 0 0 0 0 0 
1 0.950299 0.823521 0.575945 0.281453 0.094975 0.0260523 0.00665033 0.00146267 0.000294167 4.61667e-05 2e-06 0 0 0 0 0 0 0 0 
1 0.950438 0.824158 0.576933 0.281577 0.0933473 0.0236552 0.00502283 0.0009225 0.000135 1.16667e-05 3.33333e-07 0 0 0 0 0 0 0 0 
1 0.949898 0.822446 0.573848 0.280198 0.0949815 0.0257097 0.00604117 0.0011315 0.000185333 2.36667e-05 5e-07 0 0 0 0 0 0 0 0 
1 0.950329 0.82345 0.576034 0.281776 0.0959585 0.0263648 0.00660633 0.00157133 0.000321667 4.65e-05 6.5e-06 0 0 0 0 0 0 0 0 
1 0.949271 0.82041 0.569975 0.274214 0.0890475 0.0224003 0.0049395 0.001035 0.000230833 6.18333e-05 1.05e-05 1.66667e-07 0 0 0 0 0 0 0 
1 0.94997 0.822685 0.574448 0.281129 0.0961065 0.0276007 0.00774083 0.0022885 0.0005815 9.65e-05 5.33333e-06 0 0 0 0 0 0 0 0 
1 0.950144 0.823478 0.575533 0.280293 0.0930032 0.0236592 0.00540967 0.0011135 0.000187833 2.01667e-05 1.33333e-06 0 0 0 0 0 0 0 0 
1 0.949839 0.821846 0.572596 0.277636 0.092133 0.0239375 0.00551733 0.00111283 0.000165333 1.36667e-05 5e-07 0 0 0 0 0 0 0 0 
1 0.950766 0.825312 0.579943 0.287182 0.0995802 0.0271652 0.00623417 0.001327 0.000367833 0.000150333 3.86667e-05 1.16667e-06 0 0 0 0 0 0 0 
1 0.949483 0.82097 0.571204 0.27533 0.0908222 0.0235682 0.00549217 0.0011575 0.000212167 1.4e-05 1.66667e-07 0 0 0 0 0 0 0 0 
1 0.949955 0.822272 0.573634 0.278058 0.0912563 0.0231232 0.005038 0.0008475 0.000111833 1.51667e-05 5e-07 0 0 0 0 0 0 0 0 
1 0.949734 0.821655 0.571673 0.274582 0.0888852 0.0222882 0.004618 0.000694 7.8e-05 9.83333e-06 3.33333e-07 0 0 0 0 0 0 0 0 
1 0.950116 0.822949 0.574137 0.277333 0.0900597 0.022533 0.004985 0.00100467 0.000159833 1.18333e-05 0 0 0 0 0 0 0 0 0 
1 0.949434 0.821097 0.571939 0.276701 0.0907713 0.0227147 0.00498483 0.000977667 0.0001795 2.28333e-05 5e-07 0 0 0 0 0 0 0 0 
1 0.949787 0.821585 0.572422 0.276011 0.0902315 0.0224505 0.00495333 0.00106067 0.000264833 5.35e-05 4e-06 0 0 0 0 0 0 0 0 
1 0.950318 0.823746 0.576126 0.281089 0.094297 0.0250907 0.00604567 0.00140667 0.000309667 4.6e-05 3e-06 0 0 0 0 0 0 0 0 
1 0.95016 0.82292 0.574734 0.279065 0.0921542 0.0235143 0.00551483 0.00130633 0.000225167 2.25e-05 0 0 0 0 0 0 0 0 0 
1 0.950291 0.823786 0.57571 0.279105 0.091854 0.0238118 0.00578917 0.00136267 0.000309167 5.85e-05 9.5e-06 3.33333e-07 0 0 0 0 0 0 0 
1 0.950253 0.823196 0.574964 0.280224 0.0938047 0.0246435 0.00575917 0.00133583 0.000386667 0.0001375 3.88333e-05 6.66667e-06 3.33333e-07 0 0 0 0 0 0 
1 0.949855 0.821639 0.571591 0.275581 0.090169 0.0226893 0.00504467 0.00109183 0.0002305 2.68333e-05 3.33333e-07 0 0 0 0 0 0 0 0 
