1 0.699294 0.194491 0.00513367 5.66667e-06 0 0 0 0 0 0 0 0 0 0 0 0 0 0 0 
1 0.70004 0.195427 0.00527133 6.66667e-06 0 0 0 0 0 0 0 0 0 0 0 0 0 0 0 
1 0.699839 0.19496 0.00508267 4.66667e-06 0 0 0 0 0 0 0 0 0 0 0 0 0 0 0 
1 0.700145 0.195441 0.0052785 4.5e-06 0 0 0 0 0 0 0 0 0 0 0 0 0 0 0 
1 0.699956 0.195218 0.00521883 4.5e-06 0 0 0 0 0 0 0 0 0 0 0 0 0 0 0 
1 0.70014 0.194766 0.005134 6.33333e-06 0 0 0 0 0 0 0 0 0 0 0 0 0 0 0 
1 0.699766 0.19447 0.00511133 3.16667e-06 0 0 0 0 0 0 0 0 0 0 0 0 0 0 0 
1 0.699602 0.194486 0.00512733 6.66667e-06 0 0 0 0 0 0 0 0 0 0 0 0 0 0 0 
1 0.700676 0.195145 0.00524717 5.33333e-06 0 0 0 0 0 0 0 0 0 0 0 0 0 0 0 
1 0.699862 0.194745 0.00521933 8.16667e-06 0 0 0 0 0 0 0 0 0 0 0 0 0 0 0 
1 0.699643 0.19524 0.005185 6e-06 0 0 0 0 0 0 0 0 0 0 0 0 0 0 0 
1 0.69987 0.194858 0.00515333 4e-06 0 0 0 0 0 0 0 0 0 0 0 0 0 0 0 
1 0.699183 0.19424 0.0051425 6.16667e-06 0 0 0 0 0 0 0 0 0 0 0 0 0 0 0 
1 0.69971 0.194773 0.005134 5e-06 0 0 0 0 0 0 0 0 0 0 0 0 0 0 0 
1 0.69966 0.19487 0.0051695 6.83333e-06 0 0 0 0 0 0 0 0 0 0 0 0 0 0 0 
1 0.700245 0.195571 0.0051905 4.66667e-06 0 0 0 0 0 0 0 0 0 0 0 0 0 0 0 
1 0.700384 0.195468 0.00532217 5.83333e-06 0 0 0 0 0 0 0 0 0 0 0 0 0 0 0 
1 0.700099 0.195439 0.00531467 6e-06 0 0 0 0 0 0 0 0 0 0 0 0 0 0 0 
1 0.700257 0.195257 0.0052305 3.16667e-06 0 0 0 0 0 0 0 0 0 0 0 0 0 0 0 
1 0.700118 0.195457 0.00519633 4.33333e-06 0 0 0 0 0 0 0 0 0 0 0 0 0 0 0 
1 0.7002 0.195083 0.0051775 3.66667e-06 0 0 0 0 0 0 0 0 0 0 0 0 0 0 0 
1 0.700432 0.195055 0.00524517 5.83333e-06 0 0 0 0 0 0 0 0 0 0 0 0 0 0 0 
1 0.700215 0.195283 0.00524733 8.16667e-06 0 0 0 0 0 0 0 0 0 0 0 0 0 0 0 
1 0.70034 0.1957 0.00525517 5e-06 0 0 0 0 0 0 0 0 0 0 0 0 0 0 0 
1 0.700366 0.195668 0.005276 4.16667e-06 0 0 0 0 0 0 0 0 0 0 0 0 0 0 0 
1 0.700087 0.195398 0.00523833 6.16667e-06 0 0 0 0 0 0 0 0 0 0 0 0 0 0 0 
1 0.699757 0.194806 0.00512417 6.5e-06 0 0 0 0 0 0 0 0 0 0 0 0 0 0 0 
1 0.700162 0.195462 0.00526767 6e-06 0 0 0 0 0 0 0 0 0 0 0 0 0 0 0 
1 0.699776 0.194491 0.005119 5.33333e-06 0 0 0 0 0 0 0 0 0 0 0 0 0 0 0 
1 0.700426 0.19547 0.00525233 4.33333e-06 0 0 0 0 0 0 0 0 0 0 0 0 0 0 0 
1 0.699984 0.195129 0.00525233 5.83333e-06 0 0 0 0 0 0 0 0 0 0 0 0 0 0 0 
1 0.70061 0.195875 0.00523933 6.83333e-06 0 0 0 0 0 0 0 0 0 0 0 0 0 0 0 
1 0.700755 0.195951 0.005318 4.83333e-06 0 0 0 0 0 0 0 0 0 0 0 0 0 0 0 
1 0.700131 0.195153 0.00516517 6e-06 0 0 0 0 0 0 0 0 0 0 0 0 0 0 0 
1 0.699739 0.194977 0.0052245 5.66667e-06 0 0 0 0 0 0 0 0 0 0 0 0 0 0 0 
1 0.699397 0.19434 0.00512567 8.83333e-06 0 0 0 0 0 0 0 0 0 0 0 0 0 0 0 
1 0.700035 0.19558 0.00525667 6.16667e-06 0 0 0 0 0 0 0 0 0 0 0 0 0 0 0 
1 0.699991 0.195254 0.005254 6.83333e-06 0 0 0 0 0 0 0 0 0 0 0 0 0 0 0 
1 0.699881 0.194902 0.00509983 5e-06 0 0 0 0 0 0 0 0 0 0 0 0 0 0 0 
1 0.700434 0.195651 0.0053035 6.33333e-06 0 0 0 0 0 0 0 0 0 0 0 0 0 0 0 
1 0.70016 0.195147 0.0052445 4.66667e-06 0 0 0 0 0 0 0 0 0 0 0 0 0 0 0 
1 0.699785 0.194974 0.00525433 4.16667e-06 0 0 0 0 0 0 0 0 0 0 0 0 0 0 0 
1 0.700501 0.195863 0.00522933 3e-06 0 0 0 0 0 0 0 0 0 0 0 0 0 0 0 
1 0.700256 0.195176 0.00515483 5.66667e-06 0 0 0 0 0 0 0 0 0 0 0 0 0 0 0 
1 0.700416 0.195322 0.00518617 6.16667e-06 0 0 0 0 0 0 0 0 0 0 0 0 0 0 0 
1 0.700234 0.195211 0.00520133 8.16667e-06 0 0 0 0 0 0 0 0 0 0 0 0 0 0 0 
1 0.700162 0.194778 0.00520583 4e-06 0 0 0 0 0 0 0 0 0 0 0 0 0 0 0 
1 0.700257 0.195168 0.00522283 5.66667e-06 0 0 0 0 0 0 0 0 0 0 0 0 0 0 0 
1 0.700383 0.195542 0.00521233 4.83333e-06 0 0 0 0 0 0 0 0 0 0 0 0 0 0 0 
1 0.700543 0.195366 0.00525433 3.33333e-06 0 0 0 0 0 0 0 0 0 0 0 0 0 0 0 
1 0.699742 0.195296 0.00519783 8e-06 0 0 0 0 0 0 0 0 0 0 0 0 0 0 0 
1 0.70047 0.195764 0.005337 8e-06 0 0 0 0 0 0 0 0 0 0 0 0 0 0 0 
1 0.700263 0.195547 0.00526567 6.83333e-06 0 0 0 0 0 0 0 0 0 0 0 0 0 0 0 
1 0.700545 0.195811 0.005252 6e-06 0 0 0 0 0 0 0 0 0 0 0 0 0 0 0 
1 0.700207 0.19576 0.00525183 5.33333e-06 0 0 0 0 0 0 0 0 0 0 0 0 0 0 0 
1 0.699827 0.194876 0.00514633 5.66667e-06 0 0 0 0 0 0 0 0 0 0 0 0 0 0 0 
1 0.699383 0.194854 0.00514067 5.66667e-06 0 0 0 0 0 0 0 0 0 0 0 0 0 0 0 
1 0.700262 0.195579 0.00524733 4.83333e-06 0 0 0 0 0 0 0 0 0 0 0 0 0 0 0 
1 0.699885 0.195018 0.00521667 5.33333e-06 0 0 0 0 0 0 0 0 0 0 0 0 0 0 0 
1 0.699757 0.194669 0.00514667 4e-06 0 0 0 0 0 0 0 0 0 0 0 0 0 0 0 
1 0.699531 0.194212 0.00519717 5.33333e-06 0 0 0 0 0 0 0 0 0 0 0 0 0 0 0 
1 0.699412 0.194545 0.0050795 5.33333e-06 0 0 0 0 0 0 0 0 0 0 0 0 0 0 0 
1 0.70028 0.195554 0.0053155 6.83333e-06 0 0 0 0 0 0 0 0 0 0 0 0 0 0 0 
1 0.70047 0.195577 0.0052445 5.66667e-06 0 0 0 0 0 0 0 0 0 0 0 0 0 0 0 
1 0.699691 0.194627 0.0051695 5.83333e-06 0 0 0 0 0 0 0 0 0 0 0 0 0 0 0 
1 0.699802 0.194862 0.0052495 5.5e-06 0 0 0 0 0 0 0 0 0 0 0 0 0 0 0 
1 0.699514 0.193829 0.00508317 5e-06 0 0 0 0 0 0 0 0 0 0 0 0 0 0 0 
1 0.699731 0.194826 0.00513667 4e-06 0 0 0 0 0 0 0 0 0 0 0 0 0 0 0 
1 0.699887 0.194666 0.00521783 7.33333e-06 0 0 0 0 0 0 0 0 0 0 0 0 0 0 0 
1 0.699574 0.194525 0.00523967 9.5e-06 0 0 0 0 0 0 0 0 0 0 0 0 0 0 0 
1 0.700548 0.195146 0.0051775 5.66667e-06 0 0 0 0 0 0 0 0 0 0 0 0 0 0 0 
1 0.700006 0.194647 0.00512017 5.33333e-06 0 0 0 0 0 0 0 0 0 0 0 0 0 0 0 
1 0.69919 0.194657 0.005199 6.5e-06 0 0 0 0 0 0 0 0 0 0 0 0 0 0 0 
1 0.699843 0.195115 0.00516783 7.83333e-06 0 0 0 0 0 0 0 0 0 0 0 0 0 0 0 
1 0.700005 0.19513 0.005198 3.66667e-06 0 0 0 0 0 0 0 0 0 0 0 0 0 0 0 
1 0.700078 0.195064 0.005236 5.5e-06 0 0 0 0 0 0 0 0 0 0 0 0 0 0 0 
1 0.700003 0.195581 0.00526583 6.83333e-06 0 0 0 0 0 0 0 0 0 0 0 0 0 0 0 
1 0.700189 0.195668 0.005305 4e-06 0 0 0 0 0 0 0 0 0 0 0 0 0 0 0 
1 0.700068 0.195104 0.00515217 6e-06 0 0 0 0 0 0 0 0 0 0 0 0 0 0 0 
1 0.700131 0.195664 0.00527267 7.83333e-06 0 0 0 0 0 0 0 0 0 0 0 0 0 0 0 
1 0.699433 0.194623 0.00518717 4.66667e-06 0 0 0 0 0 0 0 0 0 0 0 0 0 0 0 
1 0.700129 0.194969 0.00509583 5.33333e-06 0 0 0 0 0 0 0 0 0 0 0 0 0 0 0 
1 0.699726 0.19415 0.00507217 4.66667e-06 0 0 0 0 0 0 0 0 0 0 0 0 0 0 0 
1 0.700148 0.195115 0.0051565 5e-06 0 0 0 0 0 0 0 0 0 0 0 0 0 0 0 
1 0.700242 0.195014 0.00528767 4.5e-06 0 0 0 0 0 0 0 0 0 0 0 0 0 0 0 
1 0.700037 0.195075 0.00518117 2.83333e-06 0 0 0 0 0 0 0 0 0 0 0 0 0 0 0 
1 0.700155 0.195117 0.005123 7e-06 0 0 0 0 0 0 0 0 0 0 0 0 0 0 0 
1 0.699529 0.194304 0.00514333 4.83333e-06 0 0 0 0 0 0 0 0 0 0 0 0 0 0 0 
1 0.699805 0.194603 0.0051735 4.66667e-06 0 0 0 0 0 0 0 0 0 0 0 0 0 0 0 
1 0.699474 0.195108 0.00522083 5.83333e-06 0 0 0 0 0 0 0 0 0 0 0 0 0 0 0 
1 0.699933 0.195182 0.00523783 6.83333e-06 0 0 0 0 0 0 0 0 0 0 0 0 0 0 0 
1 0.700355 0.195117 0.00523367 3e-06 0 0 0 0 0 0 0 0 0 0 0 0 0 0 0 
1 0.700211 0.195164 0.00522483 7.33333e-06 0 0 0 0 0 0 0 0 0 0 0 0 0 0 0 
1 0.699875 0.195159 0.005196 6.16667e-06 0 0 0 0 0 0 0 0 0 0 0 0 0 0 0 
1 0.699845 0.194878 0.00522317 4.66667e-06 0 0 0 0 0 0 0 0 0 0 0 0 0 0 0 
1 0.700265 0.195419 0.005175 4.33333e-06 0 0 0 0 0 0 0 0 0 0 0 0 0 0 0 
1 0.699808 0.194405 0.0051025 4.33333e-06 0 0 0 0 0 0 0 0 0 0 0 0 0 0 0 
1 0.700174 0.195199 0.00521667 5.33333e-06 0 0 0 0 0 0 0 0 0 0 0 0 0 0 0 
1 0.700155 0.195028 0.00516967 4.16667e-06 0 0 0 0 0 0 0 0 0 0 0 0 0 0 0 
1 0.699599 0.194512 0.005196 5.5e-06 0 0 0 0 0 0 0 0 0 0 0 0 0 0 0 
1 0.699717 0.194352 0.00503683 3.33333e-06 0 0 0 0 0 0 0 0 0 0 0 0 0 0 0 
1 0.700121 0.195228 0.00518033 7.66667e-06 0 0 0 0 0 0 0 0 0 0 0 0 0 0 0 
1 0.699666 0.194576 0.00509933 5.5e-06 0 0 0 0 0 0 0 0 0 0 0 0 0 0 0 
1 0.699599 0.194677 0.00513733 4.66667e-06 0 0 0 0 0 0 0 0 0 0 0 0 0 0 0 
1 0.700498 0.195724 0.00528867 4.33333e-06 0 0 0 0 0 0 0 0 0 0 0 0 0 0 0 
1 0.700346 0.19536 0.00523817 3e-06 0 0 0 0 0 0 0 0 0 0 0 0 0 0 0 
1 0.699837 0.194553 0.00511983 5.5e-06 0 0 0 0 0 0 0 0 0 0 0 0 0 0 0 
1 0.699802 0.195087 0.00521417 6e-06 0 0 0 0 0 0 0 0 0 0 0 0 0 0 0 
1 0.700061 0.194919 0.00518967 5.33333e-06 0 0 0 0 0 0 0 0 0 0 0 0 0 0 0 
1 0.700255 0.195561 0.00530733 7e-06 0 0 0 0 0 0 0 0 0 0 0 0 0 0 0 
1 0.699935 0.195594 0.00526983 6.16667e-06 0 0 0 0 0 0 0 0 0 0 0 0 0 0 0 
1 0.699409 0.194779 0.0052285 6.16667e-06 0 0 0 0 0 0 0 0 0 0 0 0 0 0 0 
1 0.699713 0.194446 0.00507867 5.83333e-06 0 0 0 0 0 0 0 0 0 0 0 0 0 0 0 
1 0.700175 0.194952 0.0052135 5.5e-06 0 0 0 0 0 0 0 0 0 0 0 0 0 0 0 
1 0.699234 0.194508 0.00518617 5.5e-06 0 0 0 0 0 0 0 0 0 0 0 0 0 0 0 
1 0.700101 0.195737 0.00525833 5.83333e-06 0 0 0 0 0 0 0 0 0 0 0 0 0 0 0 
1 0.699616 0.194515 0.0051195 4.83333e-06 0 0 0 0 0 0 0 0 0 0 0 0 0 0 0 
1 0.699484 0.194479 0.00509817 7.16667e-06 0 0 0 0 0 0 0 0 0 0 0 0 0 0 0 
1 0.699909 0.195353 0.00517617 3.83333e-06 0 0 0 0 0 0 0 0 0 0 0 0 0 0 0 
1 0.700045 0.195287 0.00525483 4e-06 0 0 0 0 0 0 0 0 0 0 0 0 0 0 0 
1 0.699651 0.194299 0.00503317 5.66667e-06 0 0 0 0 0 0 0 0 0 0 0 0 0 0 0 
1 0.700229 0.195728 0.005244 7.5e-06 0 0 0 0 0 0 0 0 0 0 0 0 0 0 0 
1 0.69974 0.194914 0.00519833 3.83333e-06 0 0 0 0 0 0 0 0 0 0 0 0 0 0 0 
1 0.699684 0.19506 0.0052385 5.83333e-06 0 0 0 0 0 0 0 0 0 0 0 0 0 0 0 
1 0.70007 0.195472 0.00538833 6e-06 0 0 0 0 0 0 0 0 0 0 0 0 0 0 0 
1 0.699868 0.194802 0.005171 7.33333e-06 0 0 0 0 0 0 0 0 0 0 0 0 0 0 0 
1 0.699989 0.194925 0.00512733 5e-06 0 0 0 0 0 0 0 0 0 0 0 0 0 0 0 
1 0.699768 0.194837 0.005137 5.16667e-06 0 0 0 0 0 0 0 0 0 0 0 0 0 0 0 
1 0.700186 0.194752 0.005159 4.33333e-06 0 0 0 0 0 0 0 0 0 0 0 0 0 0 0 
1 0.699866 0.195447 0.00521333 6.66667e-06 0 0 0 0 0 0 0 0 0 0 0 0 0 0 0 
1 0.699867 0.194924 0.005143 6.5e-06 0 0 0 0 0 0 0 0 0 0 0 0 0 0 0 
1 0.700175 0.195121 0.00513417 3.5e-06 0 0 0 0 0 0 0 0 0 0 0 0 0 0 0 
1 0.699662 0.194506 0.00512233 6e-06 0 0 0 0 0 0 0 0 0 0 0 0 0 0 0 
1 0.700241 0.195309 0.00517567 4.16667e-06 0 0 0 0 0 0 0 0 0 0 0 0 0 0 0 
1 0.700223 0.195543 0.00522817 3.66667e-06 0 0 0 0 0 0 0 0 0 0 0 0 0 0 0 
1 0.699616 0.194384 0.00509983 4.66667e-06 0 0 0 0 0 0 0 0 0 0 0 0 0 0 0 
1 0.700571 0.195306 0.0051735 3.5e-06 0 0 0 0 0 0 0 0 0 0 0 0 0 0 0 
1 0.700173 0.195539 0.00519767 4.83333e-06 0 0 0 0 0 0 0 0 0 0 0 0 0 0 0 
1 0.700027 0.195253 0.00522 5.16667e-06 0 0 0 0 0 0 0 0 0 0 0 0 0 0 0 
1 0.700143 0.194906 0.00513967 4e-06 0 0 0 0 0 0 0 0 0 0 0 0 0 0 0 
1 0.699982 0.194949 0.00519267 4.5e-06 0 0 0 0 0 0 0 0 0 0 0 0 0 0 0 
1 0.699553 0.195028 0.00527217 5.16667e-06 0 0 0 0 0 0 0 0 0 0 0 0 0 0 0 
1 0.699763 0.194578 0.00519333 5.33333e-06 0 0 0 0 0 0 0 0 0 0 0 0 0 0 0 
1 0.699758 0.194938 0.0051465 9.66667e-06 0 0 0 0 0 0 0 0 0 0 0 0 0 0 0 
1 0.699676 0.194927 0.0051325 4e-06 0 0 0 0 0 0 0 0 0 0 0 0 0 0 0 
1 0.699948 0.194978 0.00525033 5.33333e-06 0 0 0 0 0 0 0 0 0 0 0 0 0 0 0 
1 0.699368 0.194413 0.005169 3e-06 0 0 0 0 0 0 0 0 0 0 0 0 0 0 0 
1 0.700532 0.195676 0.00518683 6.83333e-06 0 0 0 0 0 0 0 0 0 0 0 0 0 0 0 
1 0.701327 0.196678 0.00538233 4.66667e-06 0 0 0 0 0 0 0 0 0 0 0 0 0 0 0 
1 0.700095 0.195245 0.00519333 4.83333e-06 0 0 0 0 0 0 0 0 0 0 0 0 0 0 0 
1 0.700114 0.194905 0.005121 3.5e-06 0 0 0 0 0 0 0 0 0 0 0 0 0 0 0 
1 0.699928 0.194769 0.0051195 3.16667e-06 0 0 0 0 0 0 0 0 0 0 0 0 0 0 0 
1 0.699495 0.194294 0.00512233 4.5e-06 0 0 0 0 0 0 0 0 0 0 0 0 0 0 0 
1 0.699949 0.195095 0.00525117 5e-06 0 0 0 0 0 0 0 0 0 0 0 0 0 0 0 
1 0.700555 0.196304 0.00533533 4.83333e-06 0 0 0 0 0 0 0 0 0 0 0 0 0 0 0 
1 0.700842 0.196274 0.00534933 9.66667e-06 0 0 0 0 0 0 0 0 0 0 0 0 0 0 0 
1 0.699835 0.194518 0.00509083 4.16667e-06 0 0 0 0 0 0 0 0 0 0 0 0 0 0 0 
1 0.699764 0.194813 0.00519567 5.16667e-06 0 0 0 0 0 0 0 0 0 0 0 0 0 0 0 
1 0.699851 0.1948 0.00519567 3.5e-06 0 0 0 0 0 0 0 0 0 0 0 0 0 0 0 
1 0.699888 0.195066 0.005213 4.83333e-06 0 0 0 0 0 0 0 0 0 0 0 0 0 0 0 
1 0.699639 0.194701 0.00520283 7e-06 0 0 0 0 0 0 0 0 0 0 0 0 0 0 0 
1 0.699949 0.194707 0.00511483 4e-06 0 0 0 0 0 0 0 0 0 0 0 0 0 0 0 
1 0.699963 0.194896 0.00518767 7.33333e-06 0 0 0 0 0 0 0 0 0 0 0 0 0 0 0 
1 0.699651 0.195103 0.0051805 4.5e-06 0 0 0 0 0 0 0 0 0 0 0 0 0 0 0 
1 0.700144 0.194876 0.00514983 5e-06 0 0 0 0 0 0 0 0 0 0 0 0 0 0 0 
1 0.699885 0.195037 0.00513883 5.33333e-06 0 0 0 0 0 0 0 0 0 0 0 0 0 0 0 
1 0.699531 0.194277 0.00515117 4.33333e-06 0 0 0 0 0 0 0 0 0 0 0 0 0 0 0 
1 0.700214 0.19519 0.005154 5.16667e-06 0 0 0 0 0 0 0 0 0 0 0 0 0 0 0 
1 0.699901 0.19515 0.00526367 6.5e-06 0 0 0 0 0 0 0 0 0 0 0 0 0 0 0 
1 0.700324 0.195254 0.00519183 7.66667e-06 0 0 0 0 0 0 0 0 0 0 0 0 0 0 0 
1 0.699743 0.194479 0.0051345 5.66667e-06 0 0 0 0 0 0 0 0 0 0 0 0 0 0 0 
1 0.699466 0.194273 0.00508 6.5e-06 0 0 0 0 0 0 0 0 0 0 0 0 0 0 0 
1 0.699895 0.195135 0.00524583 5.83333e-06 0 0 0 0 0 0 0 0 0 0 0 0 0 0 0 
1 0.699807 0.194979 0.00520133 6.5e-06 0 0 0 0 0 0 0 0 0 0 0 0 0 0 0 
1 0.700058 0.195289 0.00528683 8e-06 0 0 0 0 0 0 0 0 0 0 0 0 0 0 0 
1 0.699603 0.194665 0.00511067 4.33333e-06 0 0 0 0 0 0 0 0 0 0 0 0 0 0 0 
1 0.700989 0.195746 0.00528 3.66667e-06 0 0 0 0 0 0 0 0 0 0 0 0 0 0 0 
1 0.699757 0.194858 0.0052345 7.83333e-06 0 0 0 0 0 0 0 0 0 0 0 0 0 0 0 
1 0.700651 0.195998 0.00530417 5.16667e-06 0 0 0 0 0 0 0 0 0 0 0 0 0 0 0 
1 0.699589 0.194464 0.00513217 3.66667e-06 0 0 0 0 0 0 0 0 0 0 0 0 0 0 0 
1 0.69976 0.194909 0.00514467 3.5e-06 0 0 0 0 0 0 0 0 0 0 0 0 0 0 0 
1 0.700434 0.195721 0.00532867 4.16667e-06 0 0 0 0 0 0 0 0 0 0 0 0 0 0 0 
1 0.700007 0.195014 0.00508067 4.33333e-06 0 0 0 0 0 0 0 0 0 0 0 0 0 0 0 
1 0.699563 0.194452 0.00516383 3.16667e-06 0 0 0 0 0 0 0 0 0 0 0 0 0 0 0 
1 0.700209 0.194825 0.005159 5.16667e-06 0 0 0 0 0 0 0 0 0 0 0 0 0 0 0 
1 0.700083 0.195153 0.00529217 4.83333e-06 0 0 0 0 0 0 0 0 0 0 0 0 0 0 0 
1 0.700529 0.195392 0.00518533 4.33333e-06 0 0 0 0 0 0 0 0 0 0 0 0 0 0 0 
1 0.699402 0.194559 0.0051865 5.66667e-06 0 0 0 0 0 0 0 0 0 0 0 0 0 0 0 
1 0.699589 0.195127 0.00523917 6.5e-06 0 0 0 0 0 0 0 0 0 0 0 0 0 0 0 
1 0.700243 0.195199 0.00527617 5.33333e-06 0 0 0 0 0 0 0 0 0 0 0 0 0 0 0 
1 0.700087 0.19565 0.00520483 3e-06 0 0 0 0 0 0 0 0 0 0 0 0 0 0 0 
1 0.699869 0.194852 0.00524033 7e-06 0 0 0 0 0 0 0 0 0 0 0 0 0 0 0 
1 0.700235 0.194968 0.00511133 4.66667e-06 0 0 0 0 0 0 0 0 0 0 0 0 0 0 0 
1 0.700693 0.195838 0.00518767 7e-06 0 0 0 0 0 0 0 0 0 0 0 0 0 0 0 
1 0.700181 0.19509 0.00514167 3.16667e-06 0 0 0 0 0 0 0 0 0 0 0 0 0 0 0 
1 0.700172 0.195018 0.005219 6e-06 0 0 0 0 0 0 0 0 0 0 0 0 0 0 0 
1 0.700278 0.19568 0.00527933 3.33333e-06 0 0 0 0 0 0 0 0 0 0 0 0 0 0 0 
1 0.69975 0.194891 0.005177 4.33333e-06 0 0 0 0 0 0 0 0 0 0 0 0 0 0 0 
1 0.699842 0.194845 0.00518167 6.5e-06 0 0 0 0 0 0 0 0 0 0 0 0 0 0 0 
1 0.700438 0.195549 0.00512917 3.33333e-06 0 0 0 0 0 0 0 0 0 0 0 0 0 0 0 
1 0.699638 0.194825 0.00514833 3.66667e-06 0 0 0 0 0 0 0 0 0 0 0 0 0 0 0 
1 0.699404 0.194311 0.00516467 4.66667e-06 0 0 0 0 0 0 0 0 0 0 0 0 0 0 0 
1 0.700783 0.19585 0.00526033 6.83333e-06 0 0 0 0 0 0 0 0 0 0 0 0 0 0 0 
1 0.700306 0.195174 0.00514867 3.66667e-06 0 0 0 0 0 0 0 0 0 0 0 0 0 0 0 
1 0.699773 0.194709 0.00519717 3.66667e-06 0 0 0 0 0 0 0 0 0 0 0 0 0 0 0 
1 0.700663 0.195436 0.0051595 5.5e-06 0 0 0 0 0 0 0 0 0 0 0 0 0 0 0 
1 0.699819 0.194503 0.00514633 4.33333e-06 0 0 0 0 0 0 0 0 0 0 0 0 0 0 0 
1 0.699951 0.195306 0.00525917 5.33333e-06 0 0 0 0 0 0 0 0 0 0 0 0 0 0 0 
1 0.700226 0.195406 0.00521217 5.66667e-06 0 0 0 0 0 0 0 0 0 0 0 0 0 0 0 
1 0.700224 0.194874 0.0052035 5.66667e-06 0 0 0 0 0 0 0 0 0 0 0 0 0 0 0 
1 0.699758 0.194729 0.00507367 4.33333e-06 0 0 0 0 0 0 0 0 0 0 0 0 0 0 0 
1 0.699959 0.195429 0.00530383 6.5e-06 0 0 0 0 0 0 0 0 0 0 0 0 0 0 0 
1 0.700313 0.195352 0.00522033 4.33333e-06 0 0 0 0 0 0 0 0 0 0 0 0 0 0 0 
1 0.700306 0.195558 0.0052535 4e-06 0 0 0 0 0 0 0 0 0 0 0 0 0 0 0 
1 0.700809 0.196287 0.00522867 4.16667e-06 0 0 0 0 0 0 0 0 0 0 0 0 0 0 0 
1 0.700214 0.195322 0.00525183 4.5e-06 0 0 0 0 0 0 0 0 0 0 0 0 0 0 0 
1 0.700115 0.19515 0.00527033 6.33333e-06 0 0 0 0 0 0 0 0 0 0 0 0 0 0 0 
1 0.69983 0.195096 0.005167 4.16667e-06 0 0 0 0 0 0 0 0 0 0 0 0 0 0 0 
1 0.700247 0.195241 0.0052375 6.16667e-06 0 0 0 0 0 0 0 0 0 0 0 0 0 0 0 
1 0.700012 0.195001 0.0051115 4.16667e-06 0 0 0 0 0 0 0 0 0 0 0 0 0 0 0 
1 0.700394 0.195393 0.00516533 7e-06 0 0 0 0 0 0 0 0 0 0 0 0 0 0 0 
1 0.700155 0.195773 0.00528717 5.5e-06 0 0 0 0 0 0 0 0 0 0 0 0 0 0 0 
1 0.700358 0.19546 0.005192 5.83333e-06 0 0 0 0 0 0 0 0 0 0 0 0 0 0 0 
1 0.700122 0.194831 0.0051385 2.83333e-06 0 0 0 0 0 0 0 0 0 0 0 0 0 0 0 
1 0.699841 0.194954 0.005106 5.33333e-06 0 0 0 0 0 0 0 0 0 0 0 0 0 0 0 
1 0.699636 0.195197 0.0051975 5.5e-06 0 0 0 0 0 0 0 0 0 0 0 0 0 0 0 
1 0.700249 0.195608 0.00526183 7.66667e-06 0 0 0 0 0 0 0 0 0 0 0 0 0 0 0 
1 0.699601 0.194645 0.005102 3.66667e-06 0 0 0 0 0 0 0 0 0 0 0 0 0 0 0 
1 0.70007 0.19533 0.0052375 6e-06 0 0 0 0 0 0 0 0 0 0 0 0 0 0 0 
1 0.700198 0.195147 0.00518417 4.83333e-06 0 0 0 0 0 0 0 0 0 0 0 0 0 0 0 
1 0.699422 0.194245 0.00504283 5.5e-06 0 0 0 0 0 0 0 0 0 0 0 0 0 0 0 
1 0.699425 0.194188 0.00523217 5.66667e-06 0 0 0 0 0 0 0 0 0 0 0 0 0 0 0 
1 0.699178 0.194412 0.00517517 5.16667e-06 0 0 0 0 0 0 0 0 0 0 0 0 0 0 0 
1 0.70028 0.195439 0.00520217 5.16667e-06 0 0 0 0 0 0 0 0 0 0 0 0 0 0 0 
1 0.700634 0.195596 0.00532717 4.66667e-06 0 0 0 0 0 0 0 0 0 0 0 0 0 0 0 
1 0.699753 0.194411 0.00515783 7.16667e-06 0 0 0 0 0 0 0 0 0 0 0 0 0 0 0 
1 0.699873 0.19464 0.005209 4e-06 0 0 0 0 0 0 0 0 0 0 0 0 0 0 0 
1 0.700309 0.194984 0.005151 6e-06 0 0 0 0 0 0 0 0 0 0 0 0 0 0 0 
1 0.699995 0.194841 0.00517717 6.66667e-06 0 0 0 0 0 0 0 0 0 0 0 0 0 0 0 
1 0.700324 0.19545 0.00524717 4e-06 0 0 0 0 0 0 0 0 0 0 0 0 0 0 0 
