0.242897 0.185913
0.236076 0.190135
0.244512 0.186611
0.234273 0.184466
0.239457 0.185182
0.239812 0.184933
0.23241 0.180671
0.23478 0.187454
0.236357 0.188332
0.237786 0.183241
0.228727 0.186308
0.239355 0.188298
0.240097 0.182515
0.236485 0.187734
0.238106 0.189721
0.235235 0.181988
0.238774 0.191821
0.23553 0.185347
0.235042 0.183678
0.237988 0.185889
0.239644 0.183546
0.234838 0.186516
0.239292 0.188135
0.24202 0.186592
0.243238 0.187031
0.247264 0.190005
0.240998 0.186732
0.238969 0.18644
0.239419 0.18402
0.239539 0.187834
0.240974 0.187261
0.230268 0.184487
0.231657 0.180607
0.234103 0.185126
0.238275 0.187222
0.237637 0.185017
0.239659 0.188538
0.234508 0.184086
0.239864 0.185862
0.240167 0.184724
0.238862 0.185482
0.236477 0.184964
0.24386 0.187726
0.238757 0.186564
0.244349 0.185689
0.234036 0.181427
0.242201 0.184976
0.233004 0.183386
0.237876 0.184677
0.234947 0.188303
0.241276 0.18802
0.24272 0.185959
0.241734 0.186337
0.232408 0.185224
0.239894 0.184575
0.237497 0.185952
0.237783 0.18451
0.239316 0.18743
0.24381 0.187742
0.239328 0.187327
0.241702 0.189236
0.242372 0.185351
0.236278 0.181563
0.23102 0.185345
0.238775 0.186676
0.244246 0.187637
0.234974 0.188838
0.240629 0.189436
0.239835 0.187246
0.238745 0.184683
0.240382 0.190532
0.235959 0.187117
0.233192 0.186101
0.238368 0.186184
0.240466 0.189935
0.239484 0.18966
0.236884 0.185639
0.238261 0.189161
0.239738 0.186323
0.23502 0.181801
0.239968 0.185181
0.242994 0.18929
0.240366 0.184463
0.237448 0.185693
0.242419 0.188342
0.235743 0.187035
0.235907 0.186569
0.243805 0.191801
0.23583 0.182529
0.233443 0.183282
0.247516 0.187757
0.239369 0.187321
0.242131 0.189402
0.246452 0.188834
0.236118 0.186995
0.234383 0.186105
0.237036 0.181554
0.243206 0.186641
0.239864 0.187298
0.240396 0.185505
