0.15735 0.103194
0.17242 0.106014
0.15097 0.0976801
0.149651 0.101604
0.162171 0.101586
0.148276 0.0996605
0.161595 0.102123
0.16109 0.102066
0.159323 0.101406
0.163571 0.101615
0.154569 0.102584
0.164637 0.102066
0.164402 0.10674
0.155719 0.105354
0.162739 0.101671
0.161742 0.101748
0.149015 0.09784
0.161029 0.101122
0.161014 0.100132
0.16606 0.101529
0.16201 0.103922
0.155025 0.101532
0.147333 0.0996396
0.158186 0.100024
0.165847 0.1039
0.155138 0.10797
0.157333 0.10433
0.166443 0.106198
0.157184 0.102088
0.157859 0.101582
0.158791 0.105749
0.154097 0.0999525
0.152964 0.0974699
0.161903 0.104069
0.156083 0.0995773
0.148322 0.0976818
0.160927 0.101583
0.153751 0.0985316
0.157014 0.101106
0.153804 0.101381
0.156283 0.0987159
0.160466 0.1052
0.15963 0.105803
0.153172 0.100579
0.164627 0.102539
0.164911 0.105274
0.152143 0.102043
0.152641 0.101125
0.167315 0.106625
0.161242 0.103753
0.157853 0.100225
0.158333 0.101046
0.15665 0.0989078
0.167165 0.104265
0.159007 0.10419
0.148695 0.0986328
0.162068 0.103589
0.147301 0.0966928
0.157079 0.0981841
0.162519 0.108499
0.160175 0.105995
0.156383 0.101022
0.163153 0.104164
0.164858 0.0998292
0.159418 0.105491
0.169509 0.104859
0.156681 0.103584
0.156478 0.101998
0.145983 0.0984637
0.160254 0.099709
0.146518 0.0992948
0.153041 0.100644
0.163638 0.104057
0.161663 0.100618
0.161183 0.104155
0.160009 0.103547
0.154953 0.1027
0.1584 0.101475
0.169561 0.10483
0.156601 0.103713
0.159063 0.0986885
0.170294 0.107534
0.161496 0.103007
0.162596 0.105384
0.158876 0.102529
0.151776 0.100743
0.154858 0.104905
0.15706 0.100629
0.151359 0.0981392
0.150568 0.0973489
0.166359 0.109138
0.15512 0.10211
0.165122 0.104182
0.158307 0.101944
0.158548 0.104036
0.162901 0.103399
0.162778 0.107635
0.156927 0.0991287
0.160238 0.103464
0.160565 0.0988867
