0.13203 0.151731
0.130414 0.151343
0.130071 0.152068
0.129183 0.151624
0.131148 0.152632
0.130278 0.152556
0.129335 0.151715
0.133628 0.154143
0.130865 0.152465
0.131052 0.152023
0.133279 0.15219
0.129559 0.151744
0.130587 0.151311
0.13027 0.151365
0.132524 0.153561
0.130005 0.150931
0.128698 0.151392
0.131955 0.152246
0.129007 0.152901
0.13169 0.153376
0.130059 0.150743
0.131838 0.152612
0.130086 0.153006
0.134005 0.154196
0.130531 0.152449
0.12909 0.15107
0.132352 0.1529
0.132985 0.154825
0.130363 0.15296
0.130794 0.152671
0.130034 0.151796
0.1296 0.152514
0.127742 0.149787
0.131922 0.153265
0.130102 0.15131
0.128622 0.151379
0.131197 0.1529
0.130172 0.153298
0.130421 0.151838
0.130853 0.153813
0.132889 0.153239
0.131935 0.152211
0.130402 0.152426
0.131375 0.152325
0.129016 0.151808
0.131468 0.152646
0.127254 0.151339
0.130915 0.153004
0.130101 0.151653
0.13017 0.153035
0.129954 0.152969
0.129082 0.151168
0.13149 0.152339
0.132569 0.152117
0.129876 0.151855
0.130438 0.153679
0.131698 0.152955
0.132627 0.153467
0.133263 0.153692
0.13461 0.153992
0.130263 0.153567
0.133582 0.154126
0.131663 0.153138
0.132965 0.152664
0.13025 0.151418
0.128453 0.15088
0.133226 0.152245
0.131827 0.152542
0.129195 0.152392
0.131115 0.151024
0.129871 0.152039
0.132496 0.152735
0.129523 0.153296
0.131585 0.152407
0.131034 0.151222
0.130484 0.152019
0.131547 0.153878
0.129227 0.151971
0.13147 0.152456
0.130241 0.15285
0.131289 0.151465
0.129737 0.152377
0.129764 0.152506
0.128974 0.152945
0.132412 0.15251
0.130639 0.152591
0.131437 0.152692
0.131699 0.152505
0.133627 0.152958
0.135625 0.153768
0.131072 0.152022
0.130281 0.153024
0.130385 0.152397
0.133665 0.153129
0.131618 0.154245
0.132904 0.152883
0.129847 0.151767
0.129729 0.152709
0.129885 0.151851
0.128715 0.152411
