0.207742 0.122753
0.203353 0.11655
0.217336 0.123139
0.208406 0.119199
0.216792 0.123034
0.218779 0.124899
0.200801 0.118111
0.203314 0.121477
0.22181 0.121821
0.199187 0.115429
0.22188 0.122697
0.219516 0.11971
0.208806 0.121136
0.207599 0.127428
0.217751 0.122127
0.212694 0.11874
0.22656 0.124418
0.213261 0.12263
0.218357 0.118708
0.204237 0.119796
0.20852 0.122534
0.213782 0.120875
0.211397 0.123821
0.205286 0.116435
0.214889 0.124536
0.227166 0.126513
0.216182 0.122819
0.213809 0.121215
0.223936 0.122884
0.21936 0.122615
0.216867 0.124336
0.211065 0.124285
0.222936 0.125243
0.221936 0.127319
0.221599 0.126159
0.215956 0.121216
0.220806 0.121948
0.222385 0.123243
0.220236 0.124821
0.220932 0.12022
0.214509 0.124879
0.209321 0.119917
0.20947 0.119395
0.230643 0.12869
0.207062 0.120771
0.215752 0.118933
0.215011 0.125769
0.225152 0.123138
0.199907 0.118985
0.22063 0.124604
0.222276 0.125769
0.219018 0.126237
0.219602 0.122734
0.20323 0.121907
0.227365 0.130875
0.213976 0.122673
0.216129 0.122642
0.223729 0.123209
0.216678 0.119935
0.208624 0.120645
0.202616 0.115551
0.204749 0.12272
0.221208 0.122504
0.201021 0.120556
0.217317 0.12447
0.209922 0.119574
0.200052 0.119281
0.20968 0.119904
0.206403 0.120613
0.228492 0.123141
0.203107 0.117858
0.212575 0.124218
0.21497 0.127648
0.220386 0.122001
0.218887 0.125884
0.209437 0.122708
0.212121 0.123827
0.221587 0.126093
0.218916 0.121295
0.222152 0.126963
0.213115 0.122309
0.21373 0.122996
0.220178 0.121935
0.217665 0.125879
0.202296 0.121789
0.210958 0.121046
0.209735 0.116433
0.202963 0.121171
0.227228 0.126655
0.216484 0.119032
0.228145 0.125628
0.207702 0.121549
0.21836 0.12359
0.218762 0.117993
0.228343 0.121323
0.212213 0.125916
0.212593 0.119929
0.221652 0.125769
0.216566 0.120712
0.224835 0.126586
